0 1 -0.588 -0.809 25.9357 14.58 28.025
0.259 0.966 -0.669 -0.743 24.0265 14.77 22.907
0.5 0.866 -0.643 -0.766 20.3908 15.16 9.9967
0.707 0.707 -0.719 -0.695 16.3658 15.66 8.1594
0.866 0.5 -0.809 -0.588 11.8155 15.83 4.4443
0.966 0.259 -0.848 -0.53 8.9619 15.57 4.8677
1 0 -0.914 -0.407 6.965 15.33 4.26
0.966 -0.259 -0.94 -0.342 5.0672 15.42 2.9154
0.866 -0.5 -0.927 -0.375 10.064 15.35 2.0002
0.707 -0.707 -0.883 -0.47 14.7706 14.69 4.721
0.5 -0.866 -0.866 -0.5 16.1729 13.50 5.6102
0.259 -0.966 -0.866 -0.5 16.8858 13.68 4.6401
0 -1 -0.883 -0.47 16.5243 14.44 12.533
-0.259 -0.966 -0.899 -0.438 15.9245 14.03 13.224
-0.5 -0.866 -0.914 -0.407 15.7269 13.45 19.204
-0.707 -0.707 -0.927 -0.375 16.6949 12.60 22.148
-0.866 -0.5 -0.951 -0.309 19.1105 11.81 28.587
-0.966 -0.259 -0.927 -0.375 19.1922 11.50 26.412
-1 0 -0.848 -0.53 19.6392 11.50 27.185
-0.966 0.259 -0.719 -0.695 21.3598 11.66 28.657
-0.5 0.866 -0.669 -0.743 26.5908 12.41 25.737
-0.259 0.966 -0.829 -0.559 26.5455 12.86 27.334
0 1 -0.559 -0.829 25.9357 12.63 13.483
0.259 0.966 -0.588 -0.809 24.0265 13.12 3.1625
0.5 0.866 -0.829 -0.559 20.3908 13.45 1.751
0.866 0.5 -0.899 -0.438 11.8155 13.70 2.2022
0.966 -0.259 -0.999 -0.035 5.0672 11.95 0.65285
0.866 -0.5 -0.995 -0.105 10.064 11.28 2.7679
0.707 -0.707 -0.97 -0.242 14.7706 10.94 11.222
0.5 -0.866 -0.951 -0.309 16.1729 10.32 12.402
0.259 -0.966 -0.951 -0.309 16.8858 9.92 17.155
0 -1 -0.951 -0.309 16.5243 10.03 17.815
-0.259 -0.966 -0.927 -0.375 15.9245 10.68 13.527
-0.5 -0.866 -0.899 -0.438 15.7269 11.60 12.842
-0.707 -0.707 -0.883 -0.47 16.6949 11.30 15.719
-0.866 -0.5 -0.866 -0.5 19.1105 10.16 14.764
-1 0 -0.438 -0.899 19.6392 7.68 14.002
-0.966 0.259 -0.174 -0.985 21.3598 8.70 14.637
-0.866 0.5 -0.07 -0.998 23.381 9.94 17.698
-0.707 0.707 -0.139 -0.99 25.7165 10.81 20.745
-0.5 0.866 -0.208 -0.978 26.5908 11.68 20.07
-0.259 0.966 -0.375 -0.927 26.5455 12.63 14.044
0 1 -0.588 -0.809 25.9357 13.76 8.0407
0.259 0.966 -0.809 -0.588 24.0265 13.69 5.4522
0.5 0.866 -0.848 -0.53 20.3908 13.55 4.7201
0.707 0.707 -0.883 -0.47 16.3658 13.61 2.7648
0.866 0.5 -0.927 -0.375 11.8155 13.98 3.4081
0.966 0.259 -0.927 -0.375 8.9619 14.19 3.1493
1 0 -0.866 -0.5 6.965 14.10 5.6582
0.966 -0.259 -0.809 -0.588 5.0672 13.74 3.7772
0.866 -0.5 -0.766 -0.643 10.064 13.39 0.47572
0 -1 -0.829 -0.559 16.5243 11.50 5.8509
-0.259 -0.966 -0.848 -0.53 15.9245 10.79 7.396
-0.5 -0.866 -0.848 -0.53 15.7269 10.07 5.8382
-0.707 -0.707 -0.809 -0.588 16.6949 9.32 4.6497
-0.866 -0.5 -0.766 -0.643 19.1105 8.70 6.3712
-0.966 -0.259 -0.719 -0.695 19.1922 8.40 5.0121
-1 0 -0.669 -0.743 19.6392 8.44 3.4066
-0.966 0.259 -0.616 -0.788 21.3598 8.67 8.8327
-0.866 0.5 -0.5 -0.866 23.381 9.45 8.3871
-0.707 0.707 -0.375 -0.927 25.7165 11.08 10.852
-0.5 0.866 -0.342 -0.94 26.5908 12.41 11.996
-0.259 0.966 -0.407 -0.914 26.5455 12.99 15.209
0 1 -0.559 -0.829 25.9357 13.51 19.669
0.259 0.966 -0.695 -0.719 24.0265 13.61 22.728
0.5 0.866 -0.766 -0.643 20.3908 13.46 21.474
0.707 0.707 -0.829 -0.559 16.3658 13.20 17.575
0.866 0.5 -0.848 -0.53 11.8155 13.15 7.4728
0.966 0.259 -0.866 -0.5 8.9619 13.07 2.104
1 0 -0.899 -0.438 6.965 12.47 2.2804
0.966 -0.259 -0.94 -0.342 5.0672 11.64 0.61643
0.866 -0.5 -0.985 -0.174 10.064 11.05 0.73416
-0.259 -0.966 -0.998 0.07 15.9245 10.46 5.7299
-0.5 -0.866 -0.999 -0.035 15.7269 10.50 3.2796
-0.707 -0.707 -0.995 -0.105 16.6949 10.42 3.9304
-0.866 -0.5 -0.978 -0.208 19.1105 9.63 4.9435
-0.966 -0.259 -0.899 -0.438 19.1922 9.31 8.3446
-1 0 -0.743 -0.669 19.6392 9.78 6.8022
-0.966 0.259 -0.616 -0.788 21.3598 10.84 7.3399
-0.866 0.5 -0.559 -0.829 23.381 11.84 14.959
-0.707 0.707 -0.588 -0.809 25.7165 12.59 26.769
-0.5 0.866 -0.719 -0.695 26.5908 13.40 24.332
-0.259 0.966 -0.848 -0.53 26.5455 13.99 25.753
0 1 -0.588 -0.809 25.9357 13.87 16.447
0.259 0.966 -0.829 -0.559 24.0265 13.85 6.7146
0.5 0.866 -0.883 -0.47 20.3908 14.32 5.9813
0.707 0.707 -0.927 -0.375 16.3658 14.52 2.3045
0.866 0.5 -0.978 -0.208 11.8155 14.75 2.0123
0.966 0.259 -0.99 -0.139 8.9619 15.15 1.3811
1 0 -0.995 -0.105 6.965 14.82 4.7613
0.966 -0.259 -0.998 -0.07 5.0672 14.18 1.8991
0.866 -0.5 -0.995 -0.105 10.064 13.76 10.198
0.707 -0.707 -0.99 -0.139 14.7706 13.31 13.874
0.5 -0.866 -0.978 -0.208 16.1729 12.93 17.18
0.259 -0.966 -0.97 -0.242 16.8858 12.44 17.666
0 -1 -0.97 -0.242 16.5243 11.51 17.08
-0.259 -0.966 -0.978 -0.208 15.9245 10.25 15.715
-0.5 -0.866 -0.951 -0.309 15.7269 9.30 13.969
-0.707 -0.707 -0.866 -0.5 16.6949 8.94 15.855
-0.866 -0.5 -0.743 -0.669 19.1105 8.65 20.505
-0.966 -0.259 -0.5 -0.866 19.1922 8.96 19.616
-1 0 -0.309 -0.951 19.6392 9.85 18.522
-0.966 0.259 -0.208 -0.978 21.3598 11.02 14.897
-0.866 0.5 -0.208 -0.978 23.381 11.81 20.891
-0.707 0.707 -0.342 -0.94 25.7165 11.99 27.701
-0.5 0.866 -0.53 -0.848 26.5908 12.00 30.44
0 1 -0.643 -0.766 25.9357 12.67 29.103
0.259 0.966 -0.883 -0.47 24.0265 12.24 25.514
0.5 0.866 -0.94 -0.342 20.3908 11.86 26.564
0.707 0.707 -0.985 -0.174 16.3658 11.34 20.444
0.866 0.5 -0.999 0.035 11.8155 10.96 7.7856
0.966 -0.259 -0.961 0.276 5.0672 10.40 0.43052
0.866 -0.5 -0.978 0.208 10.064 10.11 2.3544
0.707 -0.707 -0.99 0.139 14.7706 9.82 7.7281
0.5 -0.866 -0.998 0.07 16.1729 9.39 10.214
0.259 -0.966 -0.999 0.035 16.8858 8.87 9.3185
0 -1 -0.999 0.035 16.5243 8.63 17.564
-0.259 -0.966 -0.998 -0.07 15.9245 8.46 19.896
-0.5 -0.866 -0.978 -0.208 15.7269 7.93 18.125
-0.707 -0.707 -0.899 -0.438 16.6949 7.04 21.602
-0.866 -0.5 -0.695 -0.719 19.1105 7.04 28.883
-0.966 -0.259 -0.407 -0.914 19.1922 7.89 27.491
-1 0 -0.174 -0.985 19.6392 9.20 26.48
-0.966 0.259 -0.035 -0.999 21.3598 10.39 25.609
-0.866 0.5 -0.07 -0.998 23.381 11.24 24.131
-0.707 0.707 -0.139 -0.99 25.7165 11.76 30.61
-0.5 0.866 -0.242 -0.97 26.5908 12.28 27.333
-0.259 0.966 -0.438 -0.899 26.5455 12.72 29.226
0 1 -0.5 -0.866 25.9357 11.98 29.211
0.259 0.966 -0.695 -0.719 24.0265 11.88 30.753
0.5 0.866 -0.788 -0.616 20.3908 11.59 26.353
0.707 0.707 -0.829 -0.559 16.3658 11.11 12.757
0.866 0.5 -0.899 -0.438 11.8155 11.14 6.7776
0.966 0.259 -0.94 -0.342 8.9619 10.81 7.8155
1 0 -0.951 -0.309 6.965 10.54 2.8304
0.966 -0.259 -0.97 -0.242 5.0672 10.41 4.0686
0.866 -0.5 -0.978 -0.208 10.064 10.40 11.094
0.707 -0.707 -0.985 -0.174 14.7706 10.45 23.702
0.5 -0.866 -0.978 -0.208 16.1729 10.28 24.797
0.259 -0.966 -0.985 -0.174 16.8858 9.79 21.17
0 -1 -0.985 -0.174 16.5243 9.02 22.245
-0.259 -0.966 -0.97 -0.242 15.9245 8.28 18.165
-0.5 -0.866 -0.899 -0.438 15.7269 7.76 16.611
-0.707 -0.707 -0.766 -0.643 16.6949 7.34 19.678
-0.866 -0.5 -0.559 -0.829 19.1105 6.58 12.608
-0.966 -0.259 -0.309 -0.951 19.1922 5.86 9.1149
-1 0 0.139 -0.99 19.6392 6.13 13.927
-0.966 0.259 0.342 -0.94 21.3598 7.13 20.559
-0.866 0.5 0.407 -0.914 23.381 8.22 29.975
-0.707 0.707 0.242 -0.97 25.7165 9.11 29.962
-0.5 0.866 0.035 -0.999 26.5908 10.33 30.421
-0.259 0.966 -0.139 -0.99 26.5455 11.10 30.201
0 1 -0.276 -0.961 25.9357 10.93 27.575
0.259 0.966 -0.616 -0.788 24.0265 10.56 28.023
0.5 0.866 -0.719 -0.695 20.3908 10.52 24.036
0.707 0.707 -0.788 -0.616 16.3658 10.40 18.824
0.866 0.5 -0.848 -0.53 11.8155 10.95 5.481
0.966 0.259 -0.809 -0.588 8.9619 11.35 3.7003
1 0 -0.743 -0.669 6.965 11.28 2.6266
0.966 -0.259 -0.788 -0.616 5.0672 10.93 3.7737
0.866 -0.5 -0.848 -0.53 10.064 10.76 17.179
0.707 -0.707 -0.848 -0.53 14.7706 10.86 22.6
0.5 -0.866 -0.809 -0.588 16.1729 10.98 21.646
0.259 -0.966 -0.809 -0.588 16.8858 10.76 21.073
0 -1 -0.848 -0.53 16.5243 10.49 12.494
-0.259 -0.966 -0.883 -0.47 15.9245 9.96 11.449
-0.5 -0.866 -0.866 -0.5 15.7269 9.43 11.126
-0.707 -0.707 -0.809 -0.588 16.6949 8.94 11.976
-0.866 -0.5 -0.669 -0.743 19.1105 8.72 10.842
-0.966 -0.259 -0.469 -0.883 19.1922 8.79 12.042
-1 0 -0.242 -0.97 19.6392 9.24 11.383
-0.966 0.259 -0.035 -0.999 21.3598 9.98 12.107
-0.866 0.5 0 -1 23.381 10.90 18.599
-0.707 0.707 0 -1 25.7165 11.75 21.438
-0.5 0.866 -0.104 -0.995 26.5908 12.39 25.273
-0.259 0.966 -0.208 -0.978 26.5455 12.70 26.947
0 1 -0.469 -0.883 25.9357 12.61 22.204
0.259 0.966 -0.616 -0.788 24.0265 12.51 26.327
0.5 0.866 -0.643 -0.766 20.3908 12.76 19.486
0.707 0.707 -0.695 -0.719 16.3658 12.77 20.842
0.866 0.5 -0.695 -0.719 11.8155 12.85 17.664
0.966 0.259 -0.695 -0.719 8.9619 12.69 17.328
1 0 -0.719 -0.695 6.965 12.23 13.196
0.966 -0.259 -0.809 -0.588 5.0672 11.61 5.0296
0.866 -0.5 -0.899 -0.438 10.064 11.36 9.9998
0.707 -0.707 -0.899 -0.438 14.7706 11.28 11.875
0.5 -0.866 -0.883 -0.47 16.1729 11.04 17.692
0.259 -0.966 -0.899 -0.438 16.8858 10.67 23.198
0 -1 -0.883 -0.47 16.5243 10.47 16.093
-0.259 -0.966 -0.848 -0.53 15.9245 10.21 15.066
-0.5 -0.866 -0.743 -0.669 15.7269 9.84 14.597
-0.707 -0.707 -0.588 -0.809 16.6949 9.30 11.62
-0.866 -0.5 -0.342 -0.94 19.1105 8.93 9.7597
-0.966 -0.259 -0.139 -0.99 19.1922 9.05 12.383
-1 0 0 -1 19.6392 9.75 17.076
-0.966 0.259 0.105 -0.995 21.3598 10.77 16.912
-0.866 0.5 0.139 -0.99 23.381 11.50 23.732
-0.707 0.707 0.139 -0.99 25.7165 12.19 26.825
-0.5 0.866 0.139 -0.99 26.5908 12.54 30.455
-0.259 0.966 0 -1 26.5455 12.21 30.061
0 1 -0.438 -0.899 25.9357 12.96 30.063
0.259 0.966 -0.616 -0.788 24.0265 12.77 28.973
0.5 0.866 -0.743 -0.669 20.3908 13.11 28.887
0.707 0.707 -0.766 -0.643 16.3658 13.76 29.392
0.866 0.5 -0.743 -0.669 11.8155 14.40 15.85
0.966 0.259 -0.766 -0.643 8.9619 14.46 8.7292
1 0 -0.809 -0.588 6.965 13.85 9.9429
0.966 -0.259 -0.829 -0.559 5.0672 13.04 4.1384
0.866 -0.5 -0.809 -0.588 10.064 12.38 12.854
0.707 -0.707 -0.809 -0.588 14.7706 12.04 24.37
0.5 -0.866 -0.788 -0.616 16.1729 11.78 26.339
0.259 -0.966 -0.829 -0.559 16.8858 11.35 22.067
0 -1 -0.848 -0.53 16.5243 10.86 18.239
-0.259 -0.966 -0.809 -0.588 15.9245 10.74 22.777
-0.5 -0.866 -0.695 -0.719 15.7269 10.65 20.748
-0.707 -0.707 -0.616 -0.788 16.6949 10.44 22.131
-0.866 -0.5 -0.559 -0.829 19.1105 10.21 22.553
-0.966 -0.259 -0.438 -0.899 19.1922 10.25 22.671
-1 0 -0.309 -0.951 19.6392 10.63 23.904
-0.966 0.259 -0.208 -0.978 21.3598 11.21 29.074
-0.866 0.5 -0.139 -0.99 23.381 11.55 28.92
-0.707 0.707 -0.139 -0.99 25.7165 11.87 28.866
-0.5 0.866 -0.208 -0.978 26.5908 12.17 28.727
-0.259 0.966 -0.309 -0.951 26.5455 12.55 27.359
0 1 -0.766 -0.643 25.9357 10.51 28.746
0.259 0.966 -0.951 -0.309 24.0265 10.74 24.186
0.5 0.866 -0.99 -0.139 20.3908 11.15 20.822
0.707 0.707 -0.99 -0.139 16.3658 11.16 10.355
0.866 0.5 -0.995 -0.105 11.8155 11.33 4.2795
0.966 0.259 -0.998 -0.07 8.9619 11.28 4.5586
1 0 -0.999 -0.035 6.965 11.25 2.8721
0.966 -0.259 -0.999 0.035 5.0672 10.84 1.9718
0.866 -0.5 -0.995 0.104 10.064 10.55 0.62489
0.707 -0.707 -0.999 0.035 14.7706 10.33 1.5755
0.5 -0.866 -1 0 16.1729 10.09 2.9148
0.259 -0.966 -0.998 0.07 16.8858 9.88 9.7007
0 -1 -0.985 0.174 16.5243 9.87 18.346
-0.259 -0.966 -0.985 0.174 15.9245 9.47 22.176
-0.5 -0.866 -1 0 15.7269 8.89 21.965
-0.707 -0.707 -0.951 -0.309 16.6949 9.21 23.83
-0.866 -0.5 -0.829 -0.559 19.1105 9.37 26.493
-0.966 -0.259 -0.588 -0.809 19.1922 9.38 22.364
-1 0 -0.375 -0.927 19.6392 9.58 23.251
-0.966 0.259 -0.276 -0.961 21.3598 9.78 24.947
-0.866 0.5 -0.208 -0.978 23.381 9.98 27.985
0 1 -0.5 -0.866 25.9357 13.34 29.901
0.259 0.966 -0.719 -0.695 24.0265 13.10 26.279
0.5 0.866 -0.899 -0.438 20.3908 12.96 10.641
0.707 0.707 -0.94 -0.342 16.3658 12.83 7.6548
0.866 0.5 -0.951 -0.309 11.8155 12.75 5.2786
0.966 0.259 -0.961 -0.276 8.9619 12.41 1.6249
1 0 -0.985 -0.174 6.965 12.21 0.63539
0.966 -0.259 -0.995 -0.105 5.0672 11.75 3.1079
0.866 -0.5 -0.999 -0.035 10.064 11.20 18.38
0.707 -0.707 -0.995 -0.105 14.7706 10.59 17.048
0.5 -0.866 -0.998 -0.07 16.1729 9.99 8.708
0.259 -0.966 -0.995 0.104 16.8858 9.48 4.3245
0 -1 -0.97 0.242 16.5243 10.11 6.7775
-0.259 -0.966 -0.999 0.035 15.9245 11.31 5.451
-0.5 -0.866 -0.883 -0.47 15.7269 12.00 7.0831
-0.707 -0.707 -0.766 -0.643 16.6949 10.98 14.73
-0.866 -0.5 -0.643 -0.766 19.1105 10.33 29.448
-0.966 -0.259 -0.469 -0.883 19.1922 10.11 28.135
-1 0 -0.309 -0.951 19.6392 10.29 26.093
-0.966 0.259 -0.208 -0.978 21.3598 10.44 28.52
-0.866 0.5 -0.208 -0.978 23.381 10.70 29.982
-0.707 0.707 -0.242 -0.97 25.7165 11.22 24.588
-0.5 0.866 -0.342 -0.94 26.5908 11.69 24.034
-0.259 0.966 -0.438 -0.899 26.5455 11.81 29.43
0 1 -0.438 -0.899 25.9357 14.79 27.94
0.259 0.966 -0.559 -0.829 24.0265 15.08 28.188
0.5 0.866 -0.669 -0.743 20.3908 15.15 28.231
0.707 0.707 -0.743 -0.669 16.3658 15.03 23.549
0.866 0.5 -0.829 -0.559 11.8155 14.95 27.39
0.966 0.259 -0.866 -0.5 8.9619 15.14 24.991
1 0 -0.829 -0.559 6.965 14.88 17.2
0.966 -0.259 -0.866 -0.5 5.0672 14.52 11.919
0.866 -0.5 -0.899 -0.438 10.064 13.86 15.741
0.707 -0.707 -0.883 -0.47 14.7706 13.49 9.6167
0.5 -0.866 -0.866 -0.5 16.1729 12.86 11.358
0.259 -0.966 -0.866 -0.5 16.8858 12.11 9.9146
0 -1 -0.848 -0.53 16.5243 11.27 11.685
-0.259 -0.966 -0.829 -0.559 15.9245 10.66 16.321
-0.5 -0.866 -0.829 -0.559 15.7269 9.95 12.541
-0.707 -0.707 -0.848 -0.53 16.6949 9.25 21.838
-0.866 -0.5 -0.788 -0.616 19.1105 8.88 27.012
-0.966 -0.259 -0.588 -0.809 19.1922 8.75 24.315
-1 0 -0.375 -0.927 19.6392 9.10 25.527
-0.966 0.259 -0.174 -0.985 21.3598 9.73 27.419
-0.866 0.5 -0.07 -0.998 23.381 10.54 26.884
-0.707 0.707 -0.07 -0.998 25.7165 11.49 26.652
-0.5 0.866 -0.174 -0.985 26.5908 12.18 27.074
-0.259 0.966 -0.342 -0.94 26.5455 12.68 28.238
0 1 -0.438 -0.899 25.9357 14.46 28.361
0.259 0.966 -0.588 -0.809 24.0265 14.42 29.216
0.5 0.866 -0.743 -0.669 20.3908 14.11 29.33
0.707 0.707 -0.829 -0.559 16.3658 13.87 26.301
0.866 0.5 -0.899 -0.438 11.8155 13.54 20.684
0.966 0.259 -0.914 -0.407 8.9619 13.07 17.211
1 0 -0.94 -0.342 6.965 12.60 8.066
0.966 -0.259 -0.97 -0.242 5.0672 12.17 3.16
0.866 -0.5 -0.99 -0.139 10.064 11.57 7.633
0.707 -0.707 -0.995 -0.105 14.7706 11.36 15.071
0.5 -0.866 -0.99 -0.139 16.1729 11.23 18.908
0.259 -0.966 -0.978 -0.208 16.8858 10.91 19.077
0 -1 -0.951 -0.309 16.5243 10.45 21.851
-0.259 -0.966 -0.883 -0.47 15.9245 10.14 18.589
-0.5 -0.866 -0.829 -0.559 15.7269 10.62 15.798
-0.707 -0.707 -0.766 -0.643 16.6949 12.17 9.634
-0.866 -0.5 -0.669 -0.743 19.1105 11.55 18.831
-0.966 -0.259 -0.5 -0.866 19.1922 10.75 17.354
-1 0 -0.342 -0.94 19.6392 10.77 17.911
-0.966 0.259 -0.242 -0.97 21.3598 10.97 26.776
-0.866 0.5 -0.208 -0.978 23.381 11.17 29.308
-0.707 0.707 -0.208 -0.978 25.7165 11.56 29.615
-0.5 0.866 -0.242 -0.97 26.5908 11.87 28.942
-0.259 0.966 -0.309 -0.951 26.5455 12.05 28.131
0 1 -0.588 -0.809 25.9357 13.84 28.103
0.259 0.966 -0.743 -0.669 24.0265 14.04 20.966
0.5 0.866 -0.899 -0.438 20.3908 13.97 7.825
0.707 0.707 -0.94 -0.342 16.3658 13.97 11.138
0.866 0.5 -0.951 -0.309 11.8155 13.65 5.6963
0.966 0.259 -0.961 -0.276 8.9619 12.97 1.8627
1 0 -0.961 -0.276 6.965 12.58 0.46734
0.966 -0.259 -0.978 -0.208 5.0672 12.15 5.8951
0.866 -0.5 -0.978 -0.208 10.064 11.99 7.3852
0.707 -0.707 -0.961 -0.276 14.7706 11.81 13.288
0.5 -0.866 -0.94 -0.342 16.1729 11.24 13.823
0.259 -0.966 -0.927 -0.375 16.8858 10.67 17.324
0 -1 -0.914 -0.407 16.5243 10.34 21.027
-0.259 -0.966 -0.883 -0.47 15.9245 10.27 22.348
-0.5 -0.866 -0.788 -0.616 15.7269 10.50 19.568
-0.707 -0.707 -0.719 -0.695 16.6949 10.22 22.616
-0.866 -0.5 -0.643 -0.766 19.1105 9.98 21.993
-0.966 -0.259 -0.5 -0.866 19.1922 10.03 21.95
-1 0 -0.342 -0.94 19.6392 10.41 19.181
-0.966 0.259 -0.276 -0.961 21.3598 10.90 19.681
-0.866 0.5 -0.276 -0.961 23.381 11.22 21.96
-0.707 0.707 -0.309 -0.951 25.7165 11.34 22.896
-0.5 0.866 -0.375 -0.927 26.5908 11.12 24.964
-0.259 0.966 -0.53 -0.848 26.5455 10.98 26.884
0 1 -0.53 -0.848 25.9357 12.31 26.423
0.259 0.966 -0.743 -0.669 24.0265 12.48 25.563
0.5 0.866 -0.829 -0.559 20.3908 12.91 23.628
0.707 0.707 -0.899 -0.438 16.3658 13.22 14.695
0.866 0.5 -0.927 -0.375 11.8155 13.11 3.3803
0.966 0.259 -0.951 -0.309 8.9619 12.69 3.1479
1 0 -0.951 -0.309 6.965 12.30 4.3719
0.966 -0.259 -0.951 -0.309 5.0672 11.75 3.2078
0.866 -0.5 -0.914 -0.407 10.064 11.51 4.9967
0.707 -0.707 -0.866 -0.5 14.7706 11.20 14.561
0.5 -0.866 -0.829 -0.559 16.1729 11.03 21.236
0.259 -0.966 -0.788 -0.616 16.8858 10.89 26.751
0 -1 -0.719 -0.695 16.5243 10.82 18.761
-0.259 -0.966 -0.669 -0.743 15.9245 10.97 10.315
-0.5 -0.866 -0.588 -0.809 15.7269 10.98 10.674
-0.707 -0.707 -0.438 -0.899 16.6949 10.65 9.3187
-0.866 -0.5 -0.276 -0.961 19.1105 10.42 10.896
-0.966 -0.259 -0.139 -0.99 19.1922 10.78 8.5108
-1 0 -0.07 -0.998 19.6392 11.37 9.3163
-0.966 0.259 -0.035 -0.999 21.3598 11.67 10.47
-0.866 0.5 -0.035 -0.999 23.381 11.97 11.125
-0.707 0.707 -0.139 -0.99 25.7165 11.78 19.496
-0.5 0.866 -0.276 -0.961 26.5908 12.00 22.923
-0.259 0.966 -0.375 -0.927 26.5455 12.20 24.171
0 1 -0.407 -0.914 25.9357 12.34 23.796
0.259 0.966 -0.588 -0.809 24.0265 11.60 26.471
0.5 0.866 -0.669 -0.743 20.3908 11.16 24.135
0.707 0.707 -0.743 -0.669 16.3658 10.95 25.326
0.866 0.5 -0.766 -0.643 11.8155 11.05 23.854
0.966 0.259 -0.719 -0.695 8.9619 11.33 22.536
1 0 -0.643 -0.766 6.965 11.59 18.867
0.966 -0.259 -0.559 -0.829 5.0672 11.97 18.488
0.866 -0.5 -0.559 -0.829 10.064 11.80 18.565
0.707 -0.707 -0.559 -0.829 14.7706 11.34 18.282
0.5 -0.866 -0.616 -0.788 16.1729 10.94 14.02
0.259 -0.966 -0.695 -0.719 16.8858 10.15 21.103
0 -1 -0.719 -0.695 16.5243 9.73 18.458
-0.259 -0.966 -0.643 -0.766 15.9245 9.12 12.434
-0.5 -0.866 -0.375 -0.927 15.7269 9.40 15.841
-0.707 -0.707 -0.208 -0.978 16.6949 10.37 14.118
-0.866 -0.5 -0.242 -0.97 19.1105 11.44 17.588
-0.966 -0.259 -0.276 -0.961 19.1922 10.88 14.59
-1 0 -0.276 -0.961 19.6392 9.75 17.34
-0.966 0.259 -0.276 -0.961 21.3598 10.10 24.402
-0.866 0.5 -0.242 -0.97 23.381 10.22 27.997
-0.707 0.707 -0.242 -0.97 25.7165 10.57 29.273
-0.5 0.866 -0.242 -0.97 26.5908 11.30 29.69
-0.259 0.966 -0.407 -0.914 26.5455 11.62 28.203
0 1 -0.407 -0.914 25.9357 12.26 27.467
0.259 0.966 -0.588 -0.809 24.0265 12.34 27.593
0.5 0.866 -0.695 -0.719 20.3908 12.67 27.715
0.707 0.707 -0.695 -0.719 16.3658 12.97 26.87
0.866 0.5 -0.695 -0.719 11.8155 13.12 23.647
0.966 0.259 -0.695 -0.719 8.9619 13.25 18.284
1 0 -0.695 -0.719 6.965 12.93 11.551
0.966 -0.259 -0.695 -0.719 5.0672 12.29 7.1869
0.866 -0.5 -0.743 -0.669 10.064 11.66 12.796
0.707 -0.707 -0.809 -0.588 14.7706 11.08 19.391
0.5 -0.866 -0.848 -0.53 16.1729 10.64 24.813
0.259 -0.966 -0.883 -0.47 16.8858 10.10 20.251
0 -1 -0.899 -0.438 16.5243 9.58 16.988
-0.259 -0.966 -0.883 -0.47 15.9245 8.87 16.441
-0.5 -0.866 -0.809 -0.588 15.7269 8.36 12.156
-0.707 -0.707 -0.695 -0.719 16.6949 8.14 11.087
-0.866 -0.5 -0.588 -0.809 19.1105 7.93 10.223
-0.966 -0.259 -0.438 -0.899 19.1922 7.75 6.9707
-1 0 -0.276 -0.961 19.6392 8.07 7.7065
-0.966 0.259 -0.104 -0.995 21.3598 8.77 12.068
-0.866 0.5 -0.035 -0.999 23.381 9.86 18.433
-0.707 0.707 -0.104 -0.995 25.7165 11.25 20.92
-0.5 0.866 -0.174 -0.985 26.5908 12.52 24.298
-0.259 0.966 -0.276 -0.961 26.5455 12.42 27.587
0 1 -0.309 -0.951 25.9357 12.21 27.615
0.259 0.966 -0.53 -0.848 24.0265 11.93 28.014
0.5 0.866 -0.669 -0.743 20.3908 11.85 28.089
0.707 0.707 -0.743 -0.669 16.3658 11.75 25.153
0.866 0.5 -0.766 -0.643 11.8155 11.47 14.382
0.966 0.259 -0.809 -0.588 8.9619 11.52 5.6902
1 0 -0.829 -0.559 6.965 11.68 1.6649
0.966 -0.259 -0.866 -0.5 5.0672 11.34 4.2119
0.866 -0.5 -0.914 -0.407 10.064 10.98 14.269
0.707 -0.707 -0.927 -0.375 14.7706 10.55 11.976
0.5 -0.866 -0.927 -0.375 16.1729 10.08 24.909
0.259 -0.966 -0.927 -0.375 16.8858 9.55 20.061
0 -1 -0.927 -0.375 16.5243 9.45 21.146
-0.259 -0.966 -0.883 -0.47 15.9245 9.78 15.839
-0.5 -0.866 -0.809 -0.588 15.7269 10.01 20.156
-0.707 -0.707 -0.719 -0.695 16.6949 9.90 16.703
-0.866 -0.5 -0.588 -0.809 19.1105 10.11 19.156
-0.966 -0.259 -0.469 -0.883 19.1922 10.79 22.375
-1 0 -0.276 -0.961 19.6392 11.70 25.534
-0.966 0.259 -0.242 -0.97 21.3598 12.52 28.291
-0.866 0.5 -0.309 -0.951 23.381 13.29 29.441
-0.5 0.866 -0.276 -0.961 26.5908 13.69 29.246
0 1 -0.695 -0.719 25.9357 14.51 29.253
0.259 0.966 -0.719 -0.695 24.0265 14.66 26.923
0.5 0.866 -0.809 -0.588 20.3908 14.74 12.023
0.707 0.707 -0.866 -0.5 16.3658 14.92 8.1579
0.866 0.5 -0.899 -0.438 11.8155 15.06 6.2287
0.966 0.259 -0.914 -0.407 8.9619 14.43 4.9684
1 0 -0.914 -0.407 6.965 13.82 4.517
0.966 -0.259 -0.94 -0.342 5.0672 13.26 2.3265
0.866 -0.5 -0.951 -0.309 10.064 12.46 11.894
0.707 -0.707 -0.94 -0.342 14.7706 11.70 21.16
0.5 -0.866 -0.94 -0.342 16.1729 11.23 18.125
0.259 -0.966 -0.927 -0.375 16.8858 11.10 20.535
0 -1 -0.914 -0.407 16.5243 10.80 21.562
-0.259 -0.966 -0.866 -0.5 15.9245 10.55 19.642
-0.5 -0.866 -0.788 -0.616 15.7269 10.69 22.662
-0.707 -0.707 -0.719 -0.695 16.6949 10.58 26.095
-0.866 -0.5 -0.616 -0.788 19.1105 10.31 26.983
-0.966 -0.259 -0.53 -0.848 19.1922 10.20 26.636
-1 0 -0.469 -0.883 19.6392 10.41 27.765
-0.966 0.259 -0.407 -0.914 21.3598 10.79 26.612
-0.707 0.707 -0.342 -0.94 25.7165 12.16 29.693
-0.5 0.866 -0.438 -0.899 26.5908 12.73 29.471
0 1 -0.743 -0.669 25.9357 13.98 27.195
0.259 0.966 -0.848 -0.53 24.0265 13.92 24.622
0.5 0.866 -0.899 -0.438 20.3908 13.51 23.849
0.707 0.707 -0.94 -0.342 16.3658 12.54 16.455
0.866 0.5 -0.961 -0.276 11.8155 12.13 6.554
0.966 0.259 -0.951 -0.309 8.9619 11.61 3.6767
1 0 -0.961 -0.276 6.965 11.03 6.4599
0.966 -0.259 -0.985 -0.174 5.0672 10.60 2.5275
0.866 -0.5 -0.99 -0.139 10.064 10.33 14.442
0.707 -0.707 -0.99 -0.139 14.7706 9.95 17.301
0.5 -0.866 -1 0 16.1729 9.23 19.433
0.259 -0.966 -0.99 0.139 16.8858 8.88 15.83
0 -1 -0.998 0.07 16.5243 9.07 11.401
-0.259 -0.966 -0.998 -0.07 15.9245 9.33 8.0304
-0.5 -0.866 -0.951 -0.309 15.7269 9.20 9.1436
-0.707 -0.707 -0.829 -0.559 16.6949 9.23 10.461
-0.866 -0.5 -0.643 -0.766 19.1105 9.25 12.525
-0.966 -0.259 -0.469 -0.883 19.1922 9.34 15.198
-1 0 -0.342 -0.94 19.6392 9.51 17.162
-0.966 0.259 -0.242 -0.97 21.3598 9.73 21.459
-0.866 0.5 -0.208 -0.978 23.381 10.14 21.639
-0.707 0.707 -0.174 -0.985 25.7165 10.50 23.156
-0.5 0.866 -0.208 -0.978 26.5908 10.70 24.501
-0.259 0.966 -0.309 -0.951 26.5455 10.67 25.124
0 1 -0.469 -0.883 25.9357 12.79 24.699
0.259 0.966 -0.643 -0.766 24.0265 12.62 21.086
0.5 0.866 -0.743 -0.669 20.3908 12.40 17.402
0.707 0.707 -0.848 -0.53 16.3658 12.20 12.694
0.866 0.5 -0.866 -0.5 11.8155 11.97 2.0864
0.966 0.259 -0.829 -0.559 8.9619 11.87 1.1595
1 0 -0.848 -0.53 6.965 11.59 3.2944
0.966 -0.259 -0.927 -0.375 5.0672 11.33 1.6338
0.866 -0.5 -0.978 -0.208 10.064 10.51 17.108
0.707 -0.707 -0.999 -0.035 14.7706 9.85 16.893
0.5 -0.866 -0.999 0.035 16.1729 9.50 17.411
0.259 -0.966 -0.999 0.035 16.8858 9.34 16.053
0 -1 -1 0 16.5243 9.21 13.818
-0.259 -0.966 -0.99 -0.139 15.9245 8.95 16.187
-0.5 -0.866 -0.961 -0.276 15.7269 8.53 12.108
-0.707 -0.707 -0.927 -0.375 16.6949 8.25 14.71
-0.866 -0.5 -0.866 -0.5 19.1105 7.89 14.415
-0.966 -0.259 -0.788 -0.616 19.1922 7.76 15.293
-1 0 -0.643 -0.766 19.6392 7.87 16.173
-0.966 0.259 -0.469 -0.883 21.3598 8.16 17.009
-0.866 0.5 -0.309 -0.951 23.381 8.58 17.239
-0.707 0.707 -0.242 -0.97 25.7165 9.09 21.06
-0.5 0.866 -0.242 -0.97 26.5908 9.65 24.269
-0.259 0.966 -0.242 -0.97 26.5455 10.10 24.67
0 1 -0.375 -0.927 25.9357 12.22 23.982
0.259 0.966 -0.5 -0.866 24.0265 12.39 19.31
0.5 0.866 -0.588 -0.809 20.3908 12.29 23.777
0.707 0.707 -0.643 -0.766 16.3658 12.31 23.124
0.866 0.5 -0.719 -0.695 11.8155 12.19 20.332
0.966 0.259 -0.766 -0.643 8.9619 11.97 14.577
1 0 -0.743 -0.669 6.965 12.09 11.227
0.966 -0.259 -0.719 -0.695 5.0672 12.23 20.279
0.866 -0.5 -0.743 -0.669 10.064 11.84 21.515
0.707 -0.707 -0.695 -0.719 14.7706 11.33 23.746
0.5 -0.866 -0.643 -0.766 16.1729 10.98 22.506
0.259 -0.966 -0.669 -0.743 16.8858 10.64 21.029
0 -1 -0.719 -0.695 16.5243 10.47 21.381
-0.259 -0.966 -0.766 -0.643 15.9245 10.31 20.716
-0.5 -0.866 -0.695 -0.719 15.7269 10.38 16.713
-0.707 -0.707 -0.588 -0.809 16.6949 10.35 18.823
-0.866 -0.5 -0.407 -0.914 19.1105 10.39 22.45
-0.966 -0.259 -0.242 -0.97 19.1922 10.51 22.531
-1 0 -0.104 -0.995 19.6392 10.68 17.889
-0.966 0.259 -0.104 -0.995 21.3598 10.65 21.255
-0.866 0.5 -0.139 -0.99 23.381 10.58 27.229
-0.707 0.707 -0.139 -0.99 25.7165 10.92 30.454
-0.5 0.866 -0.174 -0.985 26.5908 11.50 29.511
-0.259 0.966 -0.276 -0.961 26.5455 12.63 27.828
0 1 -0.588 -0.809 25.9357 13.68 29.276
0.259 0.966 -0.719 -0.695 24.0265 13.69 28.86
0.5 0.866 -0.766 -0.643 20.3908 13.77 28.047
0.707 0.707 -0.829 -0.559 16.3658 14.16 14.017
0.866 0.5 -0.866 -0.5 11.8155 14.36 16.016
0.966 0.259 -0.829 -0.559 8.9619 14.43 11.398
1 0 -0.809 -0.588 6.965 14.28 6.4185
0.966 -0.259 -0.829 -0.559 5.0672 13.73 8.4518
0.866 -0.5 -0.809 -0.588 10.064 12.97 14.322
0.707 -0.707 -0.788 -0.616 14.7706 12.35 15.886
0.5 -0.866 -0.719 -0.695 16.1729 11.89 16.236
0.259 -0.966 -0.643 -0.766 16.8858 11.93 20.148
0 -1 -0.643 -0.766 16.5243 12.08 24.503
-0.259 -0.966 -0.695 -0.719 15.9245 12.35 21.34
-0.5 -0.866 -0.743 -0.669 15.7269 12.36 26.176
-0.707 -0.707 -0.743 -0.669 16.6949 11.82 27.619
-0.866 -0.5 -0.719 -0.695 19.1105 11.55 29.492
-0.966 -0.259 -0.643 -0.766 19.1922 11.69 29.098
-1 0 -0.559 -0.829 19.6392 11.90 29.51
-0.966 0.259 -0.438 -0.899 21.3598 12.25 26.373
-0.866 0.5 -0.407 -0.914 23.381 12.71 28.629
-0.707 0.707 -0.438 -0.899 25.7165 13.37 29.915
-0.5 0.866 -0.5 -0.866 26.5908 13.83 28.864
0 1 -0.899 -0.438 25.9357 13.43 30.476
0.259 0.966 -0.995 -0.105 24.0265 13.31 30.209
0.5 0.866 -0.995 -0.105 20.3908 13.08 29.458
0.707 0.707 -0.995 -0.105 16.3658 13.30 29.367
0.866 0.5 -0.995 -0.105 11.8155 13.21 24.643
0.966 0.259 -0.995 -0.105 8.9619 12.97 21.648
1 0 -1 0 6.965 12.21 16.066
0.966 -0.259 -0.998 0.07 5.0672 11.17 12.141
0.866 -0.5 -0.99 0.139 10.064 10.36 13.566
0.707 -0.707 -0.985 0.174 14.7706 9.57 9.0951
0.5 -0.866 -0.978 0.208 16.1729 8.98 11.969
0.259 -0.966 -0.97 0.242 16.8858 8.55 15.566
0 -1 -0.97 0.242 16.5243 8.57 14.365
-0.259 -0.966 -0.985 0.174 15.9245 8.79 13.241
-0.5 -0.866 -1 0 15.7269 8.99 11.664
-0.707 -0.707 -0.978 -0.208 16.6949 9.11 7.69
-0.866 -0.5 -0.914 -0.407 19.1105 8.84 11.179
-0.966 -0.259 -0.829 -0.559 19.1922 8.62 14.418
-1 0 -0.669 -0.743 19.6392 8.42 17.011
-0.966 0.259 -0.469 -0.883 21.3598 7.90 17.558
-0.866 0.5 -0.309 -0.951 23.381 8.39 21.48
-0.707 0.707 -0.139 -0.99 25.7165 9.35 25.235
-0.5 0.866 -0.174 -0.985 26.5908 10.35 29.909
-0.259 0.966 -0.342 -0.94 26.5455 11.55 30.079
0 1 -0.695 -0.719 25.9357 12.24 29.504
0.259 0.966 -0.866 -0.5 24.0265 13.44 29.388
0.5 0.866 -0.951 -0.309 20.3908 13.76 28.878
0.707 0.707 -0.978 -0.208 16.3658 13.51 28.638
0.866 0.5 -0.995 -0.105 11.8155 12.97 24.874
0.966 0.259 -0.998 -0.07 8.9619 12.33 20.647
1 0 -0.999 -0.035 6.965 11.77 17.916
0.966 -0.259 -1 0 5.0672 11.20 13.007
0.866 -0.5 -0.99 0.139 10.064 10.72 13.115
0.707 -0.707 -0.951 0.309 14.7706 10.18 14.312
0.5 -0.866 -0.914 0.407 16.1729 9.52 9.9387
0.259 -0.966 -0.866 0.5 16.8858 9.08 10.189
0 -1 -0.883 0.469 16.5243 8.95 14.057
-0.259 -0.966 -0.961 0.276 15.9245 8.90 11.176
-0.5 -0.866 -0.999 -0.035 15.7269 8.61 9.4062
-0.707 -0.707 -0.927 -0.375 16.6949 8.16 13.275
-0.866 -0.5 -0.669 -0.743 19.1105 8.31 15.91
-0.966 -0.259 -0.375 -0.927 19.1922 9.36 20.647
-1 0 -0.208 -0.978 19.6392 10.52 24.393
-0.966 0.259 -0.139 -0.99 21.3598 11.48 22.635
-0.866 0.5 -0.104 -0.995 23.381 12.13 26.531
-0.707 0.707 -0.104 -0.995 25.7165 12.18 28.885
-0.5 0.866 -0.174 -0.985 26.5908 12.16 29.679
-0.259 0.966 -0.309 -0.951 26.5455 11.94 30.377
0 1 -0.743 -0.669 27.4313 13.93 30.053
0.259 0.966 -0.766 -0.643 24.79 14.91 28.343
0.5 0.866 -0.766 -0.643 23.2722 14.97 28.774
0.707 0.707 -0.788 -0.616 18.6777 14.35 25.596
0.866 0.5 -0.848 -0.53 13.2702 13.94 15.736
0.966 0.259 -0.866 -0.5 7.618 13.69 6.7873
1 0 -0.883 -0.47 5.876 12.99 8.7572
0.966 -0.259 -0.914 -0.407 7.4231 11.90 7.0959
0.866 -0.5 -0.99 -0.139 15.3413 10.82 15.651
0.707 -0.707 -0.995 0.104 16.714 10.61 16.301
0.5 -0.866 -0.961 0.276 19.4956 10.51 17.426
0.259 -0.966 -0.927 0.374 19.5266 10.34 19.787
0 -1 -0.961 0.276 19.4938 10.18 19.945
-0.259 -0.966 -0.998 0.07 18.8266 9.99 17.715
-0.5 -0.866 -0.97 -0.242 19.3992 9.68 14.913
-0.707 -0.707 -0.788 -0.616 20.7518 9.31 13.26
-0.866 -0.5 -0.469 -0.883 20.2217 9.77 11.149
-0.966 -0.259 -0.276 -0.961 20.7863 10.72 21.895
-1 0 -0.208 -0.978 22.263 11.24 24.099
-0.966 0.259 -0.208 -0.978 23.3493 11.43 23.404
-0.866 0.5 -0.276 -0.961 26.0638 12.31 26.995
-0.707 0.707 -0.309 -0.951 26.4458 13.47 28.655
-0.5 0.866 -0.438 -0.899 27.4167 14.07 28.619
-0.259 0.966 -0.559 -0.829 27.3834 14.30 30.132
0 1 -0.719 -0.695 27.4313 14.23 30.14
0.259 0.966 -0.809 -0.588 24.79 14.41 30.497
0.5 0.866 -0.883 -0.47 23.2722 14.30 30.2
0.707 0.707 -0.899 -0.438 18.6777 13.81 25.741
0.866 0.5 -0.927 -0.375 13.2702 13.21 15.915
0.966 0.259 -0.94 -0.342 7.618 12.72 8.9653
1 0 -0.951 -0.309 5.876 12.40 1.2729
0.966 -0.259 -0.97 -0.242 7.4231 11.76 1.4904
0.866 -0.5 -0.985 -0.174 15.3413 11.70 12.06
0.707 -0.707 -0.961 -0.276 16.714 11.66 11.032
0.5 -0.866 -0.927 -0.375 19.4956 11.24 26.863
0.259 -0.966 -0.883 -0.47 19.5266 10.80 22.34
0 -1 -0.809 -0.588 19.4938 10.52 23.248
-0.259 -0.966 -0.766 -0.643 18.8266 10.42 27.633
-0.5 -0.866 -0.695 -0.719 19.3992 10.69 21.49
-0.707 -0.707 -0.616 -0.788 20.7518 10.71 22.764
-0.866 -0.5 -0.53 -0.848 20.2217 10.38 27.167
-0.966 -0.259 -0.342 -0.94 20.7863 10.14 28.682
-1 0 -0.242 -0.97 22.263 10.32 30.339
-0.966 0.259 -0.242 -0.97 23.3493 10.85 30.105
-0.866 0.5 -0.276 -0.961 26.0638 11.64 30.883
-0.5 0.866 -0.438 -0.899 27.4167 13.66 29.947
-0.259 0.966 -0.469 -0.883 27.3834 14.36 29.031
0 1 -0.643 -0.766 27.4313 13.82 28.732
0.259 0.966 -0.766 -0.643 24.79 13.91 28.84
0.5 0.866 -0.788 -0.616 23.2722 13.88 28.426
0.707 0.707 -0.829 -0.559 18.6777 13.87 13.383
0.866 0.5 -0.866 -0.5 13.2702 13.80 7.2059
0.966 0.259 -0.866 -0.5 7.618 13.57 3.4442
1 0 -0.883 -0.47 5.876 13.28 3.7549
0.966 -0.259 -0.914 -0.407 7.4231 12.77 12.493
0.866 -0.5 -0.914 -0.407 15.3413 12.31 18.776
0.707 -0.707 -0.914 -0.407 16.714 12.07 15.155
0.5 -0.866 -0.94 -0.342 19.4956 11.78 14.752
0.259 -0.966 -0.94 -0.342 19.5266 11.13 17.309
0 -1 -0.94 -0.342 19.4938 10.20 19.735
-0.259 -0.966 -0.927 -0.375 18.8266 9.32 21.192
-0.5 -0.866 -0.914 -0.407 19.3992 8.68 19.08
-0.707 -0.707 -0.848 -0.53 20.7518 8.39 17.216
-0.866 -0.5 -0.669 -0.743 20.2217 8.39 17.454
-0.966 -0.259 -0.342 -0.94 20.7863 8.92 20.811
-1 0 -0.139 -0.99 22.263 9.58 22.826
-0.966 0.259 -0.104 -0.995 23.3493 10.19 29.672
-0.866 0.5 -0.104 -0.995 26.0638 10.75 30.674
0 1 -0.719 -0.695 27.4313 14.48 30.332
0.259 0.966 -0.848 -0.53 24.79 14.44 29.38
0.5 0.866 -0.914 -0.407 23.2722 14.51 26.984
0.707 0.707 -0.961 -0.276 18.6777 14.36 16.137
0.866 0.5 -0.985 -0.174 13.2702 14.19 6.0645
0.966 0.259 -0.99 -0.139 7.618 14.14 5.402
1 0 -0.995 -0.105 5.876 13.98 5.0253
0.966 -0.259 -0.995 -0.105 7.4231 13.36 5.5923
0.866 -0.5 -0.995 -0.105 15.3413 12.62 18.188
0.707 -0.707 -0.985 -0.174 16.714 12.60 14.711
0.5 -0.866 -0.97 -0.242 19.4956 12.72 18.581
0.259 -0.966 -0.97 -0.242 19.5266 11.80 19.507
0 -1 -0.978 -0.208 19.4938 11.13 20.434
-0.259 -0.966 -0.94 -0.342 18.8266 10.62 18.956
-0.5 -0.866 -0.829 -0.559 19.3992 10.53 20.271
-0.707 -0.707 -0.669 -0.743 20.7518 10.32 19.966
-0.866 -0.5 -0.559 -0.829 20.2217 10.24 20.368
-0.966 -0.259 -0.375 -0.927 20.7863 10.46 22.768
-1 0 -0.276 -0.961 22.263 11.05 22.65
-0.966 0.259 -0.174 -0.985 23.3493 11.40 26.879
-0.866 0.5 -0.104 -0.995 26.0638 11.95 29.763
-0.5 0.866 -0.208 -0.978 27.4167 12.98 29.737
0 1 -0.588 -0.809 27.4313 15.54 27.996
0.259 0.966 -0.669 -0.743 24.79 15.60 25.674
0.5 0.866 -0.766 -0.643 23.2722 14.71 22.835
0.707 0.707 -0.788 -0.616 18.6777 14.61 14.568
0.866 0.5 -0.829 -0.559 13.2702 14.34 11.118
0.966 0.259 -0.829 -0.559 7.618 14.30 14.809
1 0 -0.829 -0.559 5.876 13.98 10.992
0.966 -0.259 -0.866 -0.5 7.4231 13.42 7.9193
0.866 -0.5 -0.927 -0.375 15.3413 12.94 14.596
0.707 -0.707 -0.94 -0.342 16.714 12.36 21.679
0.5 -0.866 -0.94 -0.342 19.4956 11.83 16.145
0.259 -0.966 -0.961 -0.276 19.5266 11.15 22.597
0 -1 -0.985 -0.174 19.4938 10.17 23.678
-0.259 -0.966 -0.97 -0.242 18.8266 9.26 21.229
-0.5 -0.866 -0.927 -0.375 19.3992 8.56 24.815
-0.707 -0.707 -0.848 -0.53 20.7518 7.89 26.645
-0.866 -0.5 -0.766 -0.643 20.2217 7.22 29.829
-0.966 -0.259 -0.616 -0.788 20.7863 7.25 30.687
-1 0 -0.375 -0.927 22.263 7.89 30.685
-0.866 0.5 -0.242 -0.97 26.0638 9.69 29.582
0 1 -0.643 -0.766 27.4313 12.37 29.851
0.259 0.966 -0.766 -0.643 24.79 12.99 29.227
0.5 0.866 -0.899 -0.438 23.2722 13.77 22.026
0.707 0.707 -0.97 -0.242 18.6777 14.16 10.162
0.866 0.5 -0.995 -0.105 13.2702 14.19 2.4904
0.966 0.259 -0.998 -0.07 7.618 14.13 1.9301
1 0 -0.999 -0.035 5.876 13.69 6.1759
0.966 -0.259 -0.999 0.035 7.4231 12.75 10.643
0.866 -0.5 -1 0 15.3413 12.48 12.791
0.707 -0.707 -0.998 -0.07 16.714 12.16 9.8715
0.5 -0.866 -0.99 -0.139 19.4956 11.59 12.701
0.259 -0.966 -0.97 -0.242 19.5266 10.97 11.962
0 -1 -0.927 -0.375 19.4938 10.79 18.471
-0.259 -0.966 -0.899 -0.438 18.8266 10.79 19.552
-0.5 -0.866 -0.788 -0.616 19.3992 10.60 17.403
-0.707 -0.707 -0.616 -0.788 20.7518 10.60 25.387
-0.866 -0.5 -0.438 -0.899 20.2217 10.83 26.457
-0.966 -0.259 -0.342 -0.94 20.7863 11.23 22.526
-1 0 -0.309 -0.951 22.263 11.64 28.252
-0.966 0.259 -0.309 -0.951 23.3493 11.67 29.616
-0.5 0.866 -0.375 -0.927 27.4167 11.83 30.399
-0.259 0.966 -0.53 -0.848 27.3834 12.55 29.746
0 1 -0.559 -0.829 27.4313 13.08 28.976
0.259 0.966 -0.616 -0.788 24.79 13.31 21.605
0.5 0.866 -0.643 -0.766 23.2722 13.44 12.113
0.707 0.707 -0.766 -0.643 18.6777 13.35 6.9
0.866 0.5 -0.848 -0.53 13.2702 13.32 4.8565
0.966 0.259 -0.914 -0.407 7.618 13.15 6.4753
1 0 -0.951 -0.309 5.876 11.47 9.2204
0.966 -0.259 -0.961 -0.276 7.4231 9.77 2.4447
0.866 -0.5 -0.94 -0.342 15.3413 9.95 15.093
0.707 -0.707 -0.94 -0.342 16.714 10.45 14.227
0.5 -0.866 -0.985 -0.174 19.4956 10.47 11.052
0.259 -0.966 -0.998 -0.07 19.5266 11.90 14.675
0 -1 -0.998 -0.07 19.4938 12.19 18.706
-0.259 -0.966 -0.978 -0.208 18.8266 12.98 20.26
-0.5 -0.866 -0.951 -0.309 19.3992 12.63 17.663
-0.707 -0.707 -0.883 -0.47 20.7518 12.39 19.976
-0.866 -0.5 -0.616 -0.788 20.2217 12.13 19.956
-0.966 -0.259 -0.309 -0.951 20.7863 11.76 20.811
-1 0 -0.139 -0.99 22.263 12.26 22.31
-0.966 0.259 -0.139 -0.99 23.3493 12.93 22.998
-0.866 0.5 -0.104 -0.995 26.0638 12.97 27.631
-0.707 0.707 -0.139 -0.99 26.4458 13.14 27.26
0 1 -0.616 -0.788 27.4313 14.23 28.179
0.259 0.966 -0.766 -0.643 24.79 14.81 24.734
0.5 0.866 -0.866 -0.5 23.2722 15.81 11.265
0.707 0.707 -0.899 -0.438 18.6777 15.94 6.4438
0.866 0.5 -0.94 -0.342 13.2702 16.17 4.9845
0.966 0.259 -0.927 -0.375 7.618 16.39 3.2771
1 0 -0.927 -0.375 5.876 15.79 2.9865
0.966 -0.259 -0.927 -0.375 7.4231 15.10 0.71578
0.866 -0.5 -0.951 -0.309 15.3413 14.94 6.6379
0.707 -0.707 -0.961 -0.276 16.714 14.53 4.2975
0.5 -0.866 -0.97 -0.242 19.4956 13.62 9.1208
0.259 -0.966 -0.97 -0.242 19.5266 13.32 15.11
0 -1 -0.97 -0.242 19.4938 12.69 20.134
-0.259 -0.966 -0.951 -0.309 18.8266 12.06 18.304
-0.5 -0.866 -0.899 -0.438 19.3992 11.52 20.754
-0.707 -0.707 -0.788 -0.616 20.7518 11.17 23.336
-0.866 -0.5 -0.669 -0.743 20.2217 11.28 23.683
-0.966 -0.259 -0.559 -0.829 20.7863 11.76 27.871
-1 0 -0.5 -0.866 22.263 12.56 30.723
-0.966 0.259 -0.469 -0.883 23.3493 13.37 30.57
-0.866 0.5 -0.469 -0.883 26.0638 13.98 30.812
-0.707 0.707 -0.438 -0.899 26.4458 14.33 30.821
-0.5 0.866 -0.5 -0.866 27.4167 14.41 30.52
-0.259 0.966 -0.616 -0.788 27.3834 14.22 28.278
0 1 -0.809 -0.588 27.4313 15.71 21.747
0.259 0.966 -0.899 -0.438 24.79 15.80 14.169
0.5 0.866 -0.94 -0.342 23.2722 15.70 11.207
0.707 0.707 -0.961 -0.276 18.6777 15.34 13.038
0.866 0.5 -0.978 -0.208 13.2702 15.15 8.621
0.966 0.259 -0.978 -0.208 7.618 15.13 4.3581
1 0 -0.978 -0.208 5.876 14.99 3.1912
0.966 -0.259 -0.978 -0.208 7.4231 14.38 0.44684
0.866 -0.5 -0.978 -0.208 15.3413 13.59 11.915
0.707 -0.707 -0.99 -0.139 16.714 12.58 19.689
0.5 -0.866 -0.978 -0.208 19.4956 11.82 21.929
0.259 -0.966 -0.978 -0.208 19.5266 11.31 23.126
0 -1 -0.978 -0.208 19.4938 10.73 22.772
-0.259 -0.966 -0.97 -0.242 18.8266 10.23 20.832
-0.5 -0.866 -0.899 -0.438 19.3992 10.00 24.045
-0.707 -0.707 -0.766 -0.643 20.7518 10.07 25.273
-0.866 -0.5 -0.643 -0.766 20.2217 10.48 23.767
-0.966 -0.259 -0.559 -0.829 20.7863 11.09 27.538
-1 0 -0.5 -0.866 22.263 11.33 30.171
-0.966 0.259 -0.375 -0.927 23.3493 11.60 29.921
-0.866 0.5 -0.208 -0.978 26.0638 11.98 30.952
-0.5 0.866 -0.104 -0.995 27.4167 14.11 30.981
-0.259 0.966 -0.139 -0.99 27.3834 14.18 30.327
0 1 -0.695 -0.719 27.4313 14.55 28.694
0.259 0.966 -0.743 -0.669 24.79 14.55 27.292
0.5 0.866 -0.766 -0.643 23.2722 14.55 24.439
0.707 0.707 -0.766 -0.643 18.6777 14.70 10.365
0.866 0.5 -0.788 -0.616 13.2702 14.64 3.4658
0.966 0.259 -0.766 -0.643 7.618 14.70 4.4455
1 0 -0.766 -0.643 5.876 14.62 4.3145
0.966 -0.259 -0.743 -0.669 7.4231 14.13 0.72836
0.866 -0.5 -0.766 -0.643 15.3413 13.27 12.482
0.707 -0.707 -0.766 -0.643 16.714 12.75 17.627
0.5 -0.866 -0.788 -0.616 19.4956 12.27 20.394
0.259 -0.966 -0.788 -0.616 19.5266 11.91 20.776
0 -1 -0.809 -0.588 19.4938 11.63 12.852
-0.259 -0.966 -0.788 -0.616 18.8266 11.11 14.346
-0.5 -0.866 -0.695 -0.719 19.3992 10.54 21.487
-0.707 -0.707 -0.559 -0.829 20.7518 10.24 20.487
-0.866 -0.5 -0.438 -0.899 20.2217 10.39 21.974
-0.966 -0.259 -0.342 -0.94 20.7863 10.49 23.755
-1 0 -0.276 -0.961 22.263 10.51 19.86
-0.966 0.259 -0.276 -0.961 23.3493 10.73 28.035
-0.866 0.5 -0.276 -0.961 26.0638 11.34 28.116
-0.707 0.707 -0.242 -0.97 26.4458 12.11 24.187
-0.5 0.866 -0.208 -0.978 27.4167 12.44 27.67
-0.259 0.966 -0.276 -0.961 27.3834 12.41 24.831
0 1 -0.375 -0.927 27.4313 13.56 23.105
0.259 0.966 -0.5 -0.866 24.79 13.11 17.704
0.5 0.866 -0.616 -0.788 23.2722 12.57 18.957
0.707 0.707 -0.616 -0.788 18.6777 12.49 14.258
0.866 0.5 -0.559 -0.829 13.2702 12.61 13.347
0.966 0.259 -0.559 -0.829 7.618 12.33 8.2604
1 0 -0.669 -0.743 5.876 11.84 1.1307
0.966 -0.259 -0.766 -0.643 7.4231 11.09 7.6511
0.866 -0.5 -0.829 -0.559 15.3413 10.51 13.712
0.707 -0.707 -0.848 -0.53 16.714 10.12 12.855
0.5 -0.866 -0.829 -0.559 19.4956 10.21 16.822
0.259 -0.966 -0.788 -0.616 19.5266 10.09 13.773
0 -1 -0.743 -0.669 19.4938 10.24 12.305
-0.259 -0.966 -0.743 -0.669 18.8266 10.45 11.28
-0.5 -0.866 -0.695 -0.719 19.3992 10.78 10.992
-0.707 -0.707 -0.643 -0.766 20.7518 11.10 9.8449
-0.866 -0.5 -0.616 -0.788 20.2217 10.93 11.472
-0.966 -0.259 -0.53 -0.848 20.7863 10.94 7.8188
-1 0 -0.407 -0.914 22.263 10.99 5.1539
-0.966 0.259 -0.342 -0.94 23.3493 11.09 12.96
-0.866 0.5 -0.375 -0.927 26.0638 11.30 16.219
-0.707 0.707 -0.407 -0.914 26.4458 11.67 16.84
-0.5 0.866 -0.469 -0.883 27.4167 12.01 13.919
-0.259 0.966 -0.559 -0.829 27.3834 12.33 19.539
0 1 -0.559 -0.829 27.4313 11.23 24.641
0.259 0.966 -0.695 -0.719 24.79 11.11 26.211
0.5 0.866 -0.766 -0.643 23.2722 11.12 24.478
0.707 0.707 -0.809 -0.588 18.6777 11.18 22.498
0.866 0.5 -0.848 -0.53 13.2702 11.27 20.565
0.966 0.259 -0.829 -0.559 7.618 11.59 3.0413
1 0 -0.809 -0.588 5.876 11.69 3.3222
0.966 -0.259 -0.848 -0.53 7.4231 11.35 3.172
0.866 -0.5 -0.866 -0.5 15.3413 11.11 19.779
0.707 -0.707 -0.883 -0.47 16.714 11.00 24.751
0.5 -0.866 -0.899 -0.438 19.4956 11.06 26.739
0.259 -0.966 -0.914 -0.407 19.5266 10.96 24.221
0 -1 -0.899 -0.438 19.4938 10.76 23.19
-0.259 -0.966 -0.829 -0.559 18.8266 10.41 17.874
-0.5 -0.866 -0.719 -0.695 19.3992 10.65 20.683
-0.707 -0.707 -0.616 -0.788 20.7518 10.80 20.107
-0.866 -0.5 -0.559 -0.829 20.2217 10.74 20.787
-0.966 -0.259 -0.469 -0.883 20.7863 10.98 15.457
-1 0 -0.407 -0.914 22.263 11.42 17.058
-0.966 0.259 -0.309 -0.951 23.3493 11.85 19.745
-0.866 0.5 -0.208 -0.978 26.0638 12.31 25.384
-0.707 0.707 -0.104 -0.995 26.4458 12.77 27.573
-0.5 0.866 -0.104 -0.995 27.4167 13.16 30.292
-0.259 0.966 -0.208 -0.978 27.3834 13.25 29.282
-0.966 -0.259 -0.276 -0.961 20.7863 10.99 7.7853
-1 0 -0.242 -0.97 22.263 10.89 9.134
-0.966 0.259 -0.208 -0.978 23.3493 11.09 9.4289
-0.866 0.5 -0.276 -0.961 26.0638 11.55 25.175
-0.707 0.707 -0.342 -0.94 26.4458 12.25 26.35
0.259 0.966 -0.643 -0.766 24.79 12.08 23.315
0.5 0.866 -0.643 -0.766 23.2722 12.86 24.445
0.707 0.707 -0.643 -0.766 18.6777 13.54 22.495
0.866 0.5 -0.695 -0.719 13.2702 14.09 9.9042
0.966 0.259 -0.788 -0.616 7.618 14.43 5.8566
1 0 -0.829 -0.559 5.876 14.44 2.918
0.966 -0.259 -0.866 -0.5 7.4231 13.71 8.8723
0.866 -0.5 -0.914 -0.407 15.3413 13.06 19.259
0.707 -0.707 -0.927 -0.375 16.714 12.63 21.584
0.5 -0.866 -0.94 -0.342 19.4956 12.32 20.442
0.259 -0.966 -0.927 -0.375 19.5266 12.18 23.571
0 -1 -0.899 -0.438 19.4938 11.65 23.124
-0.259 -0.966 -0.848 -0.53 18.8266 10.86 24.055
-0.5 -0.866 -0.719 -0.695 19.3992 9.99 26.26
-0.707 -0.707 -0.559 -0.829 20.7518 9.82 22.545
-0.866 -0.5 -0.375 -0.927 20.2217 10.48 21.599
-0.966 -0.259 -0.276 -0.961 20.7863 11.82 22.08
-1 0 -0.276 -0.961 22.263 12.56 26.135
-0.5 0.866 -0.375 -0.927 27.4167 14.50 24.726
-0.259 0.966 -0.53 -0.848 27.3834 14.53 21.185
0 1 -0.469 -0.883 27.4313 13.57 25.289
0.259 0.966 -0.559 -0.829 24.79 13.07 6.9297
0.5 0.866 -0.588 -0.809 23.2722 13.01 9.2626
0.707 0.707 -0.669 -0.743 18.6777 12.62 8.595
0.866 0.5 -0.743 -0.669 13.2702 12.03 6.5739
0.966 0.259 -0.809 -0.588 7.618 11.65 4.9311
1 0 -0.848 -0.53 5.876 11.49 9.129
0.966 -0.259 -0.899 -0.438 7.4231 10.95 7.4867
0.866 -0.5 -0.927 -0.375 15.3413 10.37 16.022
0.707 -0.707 -0.914 -0.407 16.714 10.37 16.523
0.5 -0.866 -0.951 -0.309 19.4956 10.35 26.369
0.259 -0.966 -0.99 -0.139 19.5266 10.15 28.104
0 -1 -0.999 0.035 19.4938 9.80 26.361
-0.259 -0.966 -0.99 -0.139 18.8266 9.64 22.106
-0.5 -0.866 -0.848 -0.53 19.3992 9.82 20.759
-0.707 -0.707 -0.588 -0.809 20.7518 9.61 25.321
-0.866 -0.5 -0.309 -0.951 20.2217 9.60 23.626
-0.966 -0.259 -0.208 -0.978 20.7863 10.02 25.002
-1 0 -0.174 -0.985 22.263 10.83 25.201
-0.966 0.259 -0.174 -0.985 23.3493 11.81 24.497
-0.866 0.5 -0.174 -0.985 26.0638 12.81 29.98
-0.707 0.707 -0.139 -0.99 26.4458 13.34 30.85
-0.5 0.866 -0.07 -0.998 27.4167 12.67 30.939
-0.259 0.966 -0.035 -0.999 27.3834 11.80 30.354
0 1 -0.5 -0.866 27.4313 11.66 29.802
0.259 0.966 -0.669 -0.743 24.79 11.51 29.46
0.5 0.866 -0.766 -0.643 23.2722 11.46 26.888
0.707 0.707 -0.788 -0.616 18.6777 11.17 24.29
0.866 0.5 -0.766 -0.643 13.2702 11.11 19.754
0.966 0.259 -0.788 -0.616 7.618 11.20 7.3234
1 0 -0.848 -0.53 5.876 10.88 9.7286
0.966 -0.259 -0.927 -0.375 7.4231 10.26 16.898
0.866 -0.5 -0.985 -0.174 15.3413 9.74 14.442
0.707 -0.707 -1 0 16.714 9.61 9.1233
0.5 -0.866 -0.998 0.07 19.4956 9.51 22.113
0.259 -0.966 -1 0 19.5266 9.70 17.51
0 -1 -0.995 -0.105 19.4938 9.70 18.059
-0.259 -0.966 -0.951 -0.309 18.8266 9.41 14.248
-0.5 -0.866 -0.829 -0.559 19.3992 9.09 20.738
-0.707 -0.707 -0.669 -0.743 20.7518 8.57 27.822
-0.866 -0.5 -0.375 -0.927 20.2217 8.34 28.716
-0.966 -0.259 -0.104 -0.995 20.7863 8.88 28.731
-1 0 0.035 -0.999 22.263 9.78 28.831
-0.966 0.259 0.035 -0.999 23.3493 10.69 23.11
-0.866 0.5 -0.07 -0.998 26.0638 11.79 25.87
-0.707 0.707 -0.208 -0.978 26.4458 13.03 27.03
-0.5 0.866 -0.276 -0.961 27.4167 13.61 25.602
-0.259 0.966 -0.276 -0.961 27.3834 13.20 28.542
0 1 -0.53 -0.848 27.4313 13.23 27.298
0.259 0.966 -0.719 -0.695 24.79 13.16 29.132
0.5 0.866 -0.829 -0.559 23.2722 13.63 28.217
0.707 0.707 -0.848 -0.53 18.6777 14.21 26.486
0.866 0.5 -0.788 -0.616 13.2702 14.75 25.212
0.966 0.259 -0.719 -0.695 7.618 14.68 10.277
1 0 -0.788 -0.616 5.876 13.74 4.6234
0.966 -0.259 -0.883 -0.47 7.4231 12.74 8.7009
0.866 -0.5 -0.94 -0.342 15.3413 12.25 18.492
0.707 -0.707 -0.97 -0.242 16.714 11.56 12.341
0.5 -0.866 -0.961 -0.276 19.4956 10.65 12.723
0.259 -0.966 -0.99 -0.139 19.5266 9.52 11.816
0 -1 -0.998 0.07 19.4938 9.55 12.82
-0.259 -0.966 -0.998 -0.07 18.8266 9.55 10.567
-0.5 -0.866 -0.927 -0.375 19.3992 9.31 10.495
-0.707 -0.707 -0.766 -0.643 20.7518 9.46 17.322
-0.866 -0.5 -0.643 -0.766 20.2217 9.51 17.252
-0.966 -0.259 -0.5 -0.866 20.7863 9.65 13.635
-1 0 -0.309 -0.951 22.263 9.89 16.516
-0.966 0.259 -0.208 -0.978 23.3493 10.18 17.517
-0.866 0.5 -0.139 -0.99 26.0638 10.56 18.199
-0.707 0.707 -0.035 -0.999 26.4458 11.14 23.824
-0.5 0.866 -0.035 -0.999 27.4167 11.75 28.014
-0.259 0.966 -0.139 -0.99 27.3834 12.02 29.578
0 1 -0.53 -0.848 27.4313 13.55 28.849
0.259 0.966 -0.695 -0.719 24.79 13.56 26.381
0.5 0.866 -0.766 -0.643 23.2722 13.57 24.845
0.707 0.707 -0.866 -0.5 18.6777 13.94 19.188
0.866 0.5 -0.883 -0.47 13.2702 14.03 11.036
0.966 0.259 -0.809 -0.588 7.618 13.55 6.5387
1 0 -0.766 -0.643 5.876 12.65 10.318
0.966 -0.259 -0.848 -0.53 7.4231 11.69 1.9818
0.866 -0.5 -0.927 -0.375 15.3413 10.81 11.357
0.707 -0.707 -0.985 -0.174 16.714 9.64 12.442
0.5 -0.866 -0.99 -0.139 19.4956 9.29 8.6312
0.259 -0.966 -0.985 -0.174 19.5266 9.21 11.927
0 -1 -0.978 -0.208 19.4938 9.35 13.093
-0.259 -0.966 -0.97 -0.242 18.8266 9.00 17.106
-0.5 -0.866 -0.866 -0.5 19.3992 8.67 18.087
-0.707 -0.707 -0.695 -0.719 20.7518 8.70 24.18
-0.866 -0.5 -0.53 -0.848 20.2217 8.84 22.322
-0.966 -0.259 -0.276 -0.961 20.7863 9.17 19.99
-1 0 -0.07 -0.998 22.263 9.66 15.656
-0.966 0.259 0.035 -0.999 23.3493 10.13 16.016
-0.866 0.5 0 -1 26.0638 10.49 25.992
-0.707 0.707 -0.07 -0.998 26.4458 10.97 27.879
-0.5 0.866 -0.208 -0.978 27.4167 11.38 29.834
-0.259 0.966 -0.309 -0.951 27.3834 11.46 30.487
0 1 -0.174 -0.985 27.4313 13.76 30.069
0.5 0.866 -0.643 -0.766 23.2722 12.75 29.722
0.707 0.707 -0.719 -0.695 18.6777 12.28 26.934
0.866 0.5 -0.766 -0.643 13.2702 12.14 22.987
0.966 0.259 -0.809 -0.588 7.618 12.11 15.339
1 0 -0.809 -0.588 5.876 12.06 2.749
0.966 -0.259 -0.809 -0.588 7.4231 11.35 11.83
0.866 -0.5 -0.848 -0.53 15.3413 10.44 12.246
0.707 -0.707 -0.866 -0.5 16.714 10.00 15.977
0.5 -0.866 -0.866 -0.5 19.4956 9.85 18.54
0.259 -0.966 -0.866 -0.5 19.5266 9.46 17.675
0 -1 -0.883 -0.47 19.4938 8.81 13.345
-0.259 -0.966 -0.829 -0.559 18.8266 8.62 14.758
-0.5 -0.866 -0.695 -0.719 19.3992 8.45 20.019
-0.707 -0.707 -0.438 -0.899 20.7518 8.48 22.006
-0.866 -0.5 -0.276 -0.961 20.2217 8.83 16.813
-0.966 -0.259 -0.139 -0.99 20.7863 9.22 23.067
-1 0 0 -1 22.263 9.84 20.578
-0.966 0.259 0.105 -0.995 23.3493 10.68 20.312
-0.866 0.5 0.07 -0.998 26.0638 11.32 15.878
-0.707 0.707 0 -1 26.4458 11.87 20.185
-0.5 0.866 -0.07 -0.998 27.4167 12.03 26.541
-0.259 0.966 -0.07 -0.998 27.3834 12.00 29.624
0 1 -0.174 -0.985 27.4313 12.92 29.921
0.259 0.966 -0.407 -0.914 24.79 12.36 28.471
0.5 0.866 -0.559 -0.829 23.2722 12.12 27.533
0.707 0.707 -0.588 -0.809 18.6777 12.06 26.71
0.866 0.5 -0.643 -0.766 13.2702 11.93 25.779
0.966 0.259 -0.719 -0.695 7.618 11.68 5.6458
1 0 -0.788 -0.616 5.876 11.27 1.8443
0.966 -0.259 -0.848 -0.53 7.4231 10.85 2.0486
0.866 -0.5 -0.899 -0.438 15.3413 10.07 22.735
0.707 -0.707 -0.927 -0.375 16.714 9.76 23.517
0.5 -0.866 -0.94 -0.342 19.4956 9.55 25.195
0.259 -0.966 -0.951 -0.309 19.5266 9.25 17.55
0 -1 -0.97 -0.242 19.4938 8.97 9.2952
-0.259 -0.966 -0.951 -0.309 18.8266 8.99 13.378
-0.5 -0.866 -0.866 -0.5 19.3992 9.24 15.847
-0.707 -0.707 -0.719 -0.695 20.7518 9.39 19.39
-0.866 -0.5 -0.53 -0.848 20.2217 9.58 12.604
-0.966 -0.259 -0.342 -0.94 20.7863 9.91 12.162
-1 0 -0.208 -0.978 22.263 10.38 13.649
-0.966 0.259 -0.104 -0.995 23.3493 11.04 20.538
-0.866 0.5 -0.104 -0.995 26.0638 11.67 22.534
-0.707 0.707 -0.139 -0.99 26.4458 12.25 27.596
-0.5 0.866 -0.276 -0.961 27.4167 12.57 28.679
-0.259 0.966 -0.438 -0.899 27.3834 12.44 28.665
0 1 -0.208 -0.978 27.4313 13.37 25.865
0.259 0.966 -0.407 -0.914 24.79 12.87 24.749
0.5 0.866 -0.559 -0.829 23.2722 12.31 25.201
0.707 0.707 -0.643 -0.766 18.6777 11.41 21.829
0.866 0.5 -0.695 -0.719 13.2702 10.62 21.899
0.966 0.259 -0.669 -0.743 7.618 9.40 21.434
1 0 -0.719 -0.695 5.876 8.74 11.935
0.966 -0.259 -0.809 -0.588 7.4231 8.26 14.846
0.866 -0.5 -0.914 -0.407 15.3413 8.14 26.46
0.707 -0.707 -0.951 -0.309 16.714 8.44 25.993
0.5 -0.866 -0.99 -0.139 19.4956 8.60 26.853
0.259 -0.966 -0.999 -0.035 19.5266 8.78 27.381
0 -1 -0.995 -0.105 19.4938 9.12 23.156
-0.259 -0.966 -0.961 -0.276 18.8266 9.60 22.872
-0.5 -0.866 -0.883 -0.47 19.3992 10.09 23.851
-0.707 -0.707 -0.719 -0.695 20.7518 10.47 24.072
-0.866 -0.5 -0.469 -0.883 20.2217 10.86 20.727
-0.966 -0.259 -0.242 -0.97 20.7863 10.88 23.757
-1 0 -0.104 -0.995 22.263 11.15 28.208
-0.866 0.5 0 -1 26.0638 12.23 28.875
-0.707 0.707 0 -1 26.4458 12.89 31.033
0 1 -0.407 -0.914 27.4313 12.06 29.835
0.259 0.966 -0.438 -0.899 24.79 12.20 29.448
0.5 0.866 -0.5 -0.866 23.2722 12.34 26.099
0.707 0.707 -0.588 -0.809 18.6777 12.25 24.531
0.866 0.5 -0.669 -0.743 13.2702 12.17 24.168
0.966 0.259 -0.743 -0.669 7.618 12.34 8.952
1 0 -0.788 -0.616 5.876 12.24 3.8049
0.966 -0.259 -0.848 -0.53 7.4231 12.08 11.728
0.866 -0.5 -0.883 -0.47 15.3413 11.75 16.169
0.707 -0.707 -0.927 -0.375 16.714 11.09 20.412
0.5 -0.866 -0.94 -0.342 19.4956 10.26 22.571
0.259 -0.966 -0.927 -0.375 19.5266 9.58 19.819
0 -1 -0.866 -0.5 19.4938 9.15 22.192
-0.259 -0.966 -0.669 -0.743 18.8266 8.88 22.083
-0.5 -0.866 -0.342 -0.94 19.3992 8.88 23.973
-0.707 -0.707 -0.104 -0.995 20.7518 9.17 21.85
-0.866 -0.5 0 -1 20.2217 9.49 21.189
-0.966 -0.259 0.035 -0.999 20.7863 9.77 25.457
-1 0 0 -1 22.263 9.94 29.668
-0.966 0.259 -0.035 -0.999 23.3493 10.10 29.726
-0.866 0.5 -0.035 -0.999 26.0638 10.55 30.136
-0.707 0.707 -0.035 -0.999 26.4458 11.11 30.484
-0.5 0.866 -0.07 -0.998 27.4167 11.66 30.766
-0.259 0.966 -0.139 -0.99 27.3834 12.07 30.63
1 0 -0.616 -0.788 5.876 13.38 0.90435
0.966 -0.259 -0.669 -0.743 7.4231 13.06 4.587
0.866 -0.5 -0.719 -0.695 15.3413 12.75 10.846
0.707 -0.707 -0.766 -0.643 16.714 12.30 18.143
0.5 -0.866 -0.809 -0.588 19.4956 11.70 22.077
0.259 -0.966 -0.866 -0.5 19.5266 11.09 21.48
0 -1 -0.883 -0.47 19.4938 10.71 17.987
-0.259 -0.966 -0.829 -0.559 18.8266 10.56 18.637
-0.5 -0.866 -0.766 -0.643 19.3992 10.56 16.761
-0.707 -0.707 -0.669 -0.743 20.7518 10.40 23.346
-0.866 -0.5 -0.53 -0.848 20.2217 10.20 21.945
-0.966 -0.259 -0.309 -0.951 20.7863 10.38 19.566
-1 0 -0.139 -0.99 22.263 10.69 24.117
-0.966 0.259 0 -1 23.3493 11.05 24.491
-0.866 0.5 0.035 -0.999 26.0638 11.49 26.506
-0.707 0.707 0 -1 26.4458 11.89 28.761
-0.5 0.866 -0.104 -0.995 27.4167 12.64 29.604
-0.259 0.966 -0.208 -0.978 27.3834 13.38 30.296
0 1 -0.309 -0.951 27.4313 14.40 29.558
0.259 0.966 -0.5 -0.866 24.79 13.44 29.613
0.5 0.866 -0.616 -0.788 23.2722 12.90 28.505
0.707 0.707 -0.643 -0.766 18.6777 12.63 22.053
0.866 0.5 -0.719 -0.695 13.2702 12.67 20.468
0.966 0.259 -0.719 -0.695 7.618 13.07 13.405
1 0 -0.743 -0.669 5.876 13.45 8.7421
0.966 -0.259 -0.743 -0.669 7.4231 13.63 14.372
0.866 -0.5 -0.788 -0.616 15.3413 13.64 16.044
0.707 -0.707 -0.788 -0.616 16.714 13.39 17.478
0.5 -0.866 -0.719 -0.695 19.4956 13.60 17.234
0.259 -0.966 -0.695 -0.719 19.5266 13.14 19.234
0 -1 -0.616 -0.788 19.4938 12.37 21.11
-0.259 -0.966 -0.5 -0.866 18.8266 11.88 18.581
-0.5 -0.866 -0.342 -0.94 19.3992 11.47 17.727
-0.707 -0.707 -0.276 -0.961 20.7518 10.97 21.455
-0.866 -0.5 -0.104 -0.995 20.2217 10.58 19.236
-0.966 -0.259 -0.035 -0.999 20.7863 10.63 24.423
-1 0 0.07 -0.998 22.263 11.25 24.145
-0.966 0.259 0.139 -0.99 23.3493 11.90 25.977
-0.866 0.5 0.208 -0.978 26.0638 12.53 27.15
-0.707 0.707 0.276 -0.961 26.4458 12.87 27.678
-0.5 0.866 0.276 -0.961 27.4167 12.88 27.065
-0.259 0.966 0.242 -0.97 27.3834 12.71 27.226
0 1 0.342 -0.94 27.4313 11.29 27.459
0.259 0.966 0.139 -0.99 24.79 10.92 21.626
0.5 0.866 -0.208 -0.978 23.2722 10.46 26.661
0.707 0.707 -0.309 -0.951 18.6777 10.18 25.142
0.866 0.5 -0.407 -0.914 13.2702 10.38 11.172
0.966 0.259 -0.5 -0.866 7.618 10.91 8.2101
1 0 -0.559 -0.829 5.876 11.40 14.956
0.966 -0.259 -0.5 -0.866 7.4231 11.49 16.072
0.866 -0.5 -0.438 -0.899 15.3413 11.22 27.214
0.707 -0.707 -0.407 -0.914 16.714 10.94 26.617
0.5 -0.866 -0.438 -0.899 19.4956 10.34 28.693
0.259 -0.966 -0.559 -0.829 19.5266 10.25 23.437
0 -1 -0.588 -0.809 19.4938 10.49 24.318
-0.259 -0.966 -0.616 -0.788 18.8266 10.82 23.6
-0.5 -0.866 -0.616 -0.788 19.3992 10.88 23.036
-0.707 -0.707 -0.588 -0.809 20.7518 11.17 20.484
-0.866 -0.5 -0.438 -0.899 20.2217 11.14 17.569
-0.966 -0.259 -0.276 -0.961 20.7863 10.58 17.457
-1 0 -0.139 -0.99 22.263 10.67 20.528
-0.966 0.259 -0.035 -0.999 23.3493 11.09 21.135
-0.866 0.5 0.035 -0.999 26.0638 11.66 22.368
-0.707 0.707 0.105 -0.995 26.4458 12.45 26.529
-0.5 0.866 0.139 -0.99 27.4167 12.69 26.75
-0.259 0.966 0.105 -0.995 27.3834 12.53 23.681
0 1 -0.208 -0.978 27.4313 11.36 23.615
0.259 0.966 -0.469 -0.883 24.79 11.73 20.663
0.5 0.866 -0.559 -0.829 23.2722 11.89 21.018
0.707 0.707 -0.559 -0.829 18.6777 11.65 15.99
0.866 0.5 -0.559 -0.829 13.2702 11.28 17.498
0.966 0.259 -0.53 -0.848 7.618 11.46 11.948
1 0 -0.5 -0.866 5.876 11.55 10.627
0.966 -0.259 -0.5 -0.866 7.4231 11.25 10.753
0.866 -0.5 -0.588 -0.809 15.3413 10.66 1.0048
0.707 -0.707 -0.643 -0.766 16.714 10.28 7.8876
0.5 -0.866 -0.669 -0.743 19.4956 10.27 13.21
0.259 -0.966 -0.719 -0.695 19.5266 10.18 14.37
0 -1 -0.669 -0.743 19.4938 9.97 16.007
-0.259 -0.966 -0.588 -0.809 18.8266 9.97 15.735
-0.5 -0.866 -0.5 -0.866 19.3992 10.28 14.206
-0.707 -0.707 -0.438 -0.899 20.7518 10.56 11.604
-0.866 -0.5 -0.309 -0.951 20.2217 10.39 13.4
-0.966 -0.259 -0.104 -0.995 20.7863 10.56 13.418
-1 0 0.07 -0.998 22.263 10.84 16.557
-0.966 0.259 0.105 -0.995 23.3493 10.95 19.761
-0.866 0.5 0.105 -0.995 26.0638 11.10 19.659
-0.707 0.707 0.035 -0.999 26.4458 11.16 21.998
-0.5 0.866 -0.07 -0.998 27.4167 11.26 17.754
-0.259 0.966 -0.276 -0.961 27.3834 11.56 19.302
0 1 -0.174 -0.985 27.4313 9.76 13.904
0.259 0.966 -0.242 -0.97 24.79 9.85 15.688
0.5 0.866 -0.375 -0.927 23.2722 10.02 13.559
0.707 0.707 -0.559 -0.829 18.6777 10.27 13.116
0.866 0.5 -0.695 -0.719 13.2702 10.53 11.917
0.966 0.259 -0.719 -0.695 7.618 10.77 2.8808
1 0 -0.695 -0.719 5.876 10.95 2.0936
0.966 -0.259 -0.695 -0.719 7.4231 10.90 1.921
0.866 -0.5 -0.695 -0.719 15.3413 10.73 5.8603
0.707 -0.707 -0.669 -0.743 16.714 10.21 11.5
0.5 -0.866 -0.559 -0.829 19.4956 10.03 18.523
0.259 -0.966 -0.53 -0.848 19.5266 9.78 19.472
0 -1 -0.469 -0.883 19.4938 10.08 19.44
-0.259 -0.966 -0.469 -0.883 18.8266 9.97 19.308
-0.5 -0.866 -0.375 -0.927 19.3992 9.60 18.065
-0.707 -0.707 -0.276 -0.961 20.7518 9.39 12.497
-0.866 -0.5 -0.139 -0.99 20.2217 9.54 14.595
-0.966 -0.259 0.105 -0.995 20.7863 9.92 20.229
-1 0 0.309 -0.951 22.263 10.74 22.088
-0.966 0.259 0.375 -0.927 23.3493 11.98 23.272
-0.866 0.5 0.375 -0.927 26.0638 12.39 24.924
-0.707 0.707 0.375 -0.927 26.4458 12.20 21.318
-0.5 0.866 0.342 -0.94 27.4167 11.91 23.092
-0.259 0.966 0.208 -0.978 27.3834 11.78 22.011
0 1 0.035 -0.999 19.7396 9.45 18.491
0.259 0.966 -0.139 -0.99 17.9857 9.90 20.977
0.5 0.866 -0.242 -0.97 18.1181 10.61 18.79
0.707 0.707 -0.342 -0.94 16.5957 10.99 19.594
0.866 0.5 -0.375 -0.927 15.768 11.12 15.448
0.966 0.259 -0.407 -0.914 12.9072 11.49 2.9154
1 0 -0.407 -0.914 8.5226 11.74 0.80758
0.966 -0.259 -0.469 -0.883 8.7711 10.82 1.6103
0.866 -0.5 -0.5 -0.866 11.1511 10.09 4.9399
0.707 -0.707 -0.469 -0.883 12.5576 9.47 6.4473
0.5 -0.866 -0.342 -0.94 12.9776 9.17 14.536
0.259 -0.966 -0.174 -0.985 13.9173 8.75 10.221
0 -1 0 -1 13.6226 8.32 9.2983
-0.259 -0.966 0.07 -0.998 13.2512 7.77 6.7146
-0.5 -0.866 0.035 -0.999 13.2667 7.31 7.4548
-0.707 -0.707 -0.07 -0.998 12.3668 6.70 3.899
-0.866 -0.5 0.035 -0.999 11.9648 6.09 6.3184
-0.966 -0.259 0.242 -0.97 13.0858 5.92 8.5718
-1 0 0.407 -0.914 15.3019 6.11 7.8833
-0.966 0.259 0.643 -0.766 17.4982 6.17 10.482
-0.866 0.5 0.766 -0.643 19.2954 6.41 12.329
-0.707 0.707 0.848 -0.53 20.994 6.83 9.7573
-0.5 0.866 0.899 -0.438 21.2983 7.33 10.161
-0.259 0.966 0.94 -0.342 20.9745 7.38 8.6461
0 1 0.669 -0.743 19.7396 7.77 5.4715
0.259 0.966 0.643 -0.766 17.9857 7.61 0.53921
0.5 0.866 0.47 -0.883 18.1181 7.10 3.6836
0.707 0.707 0.342 -0.94 16.5957 6.80 4.1722
0.866 0.5 0.139 -0.99 15.768 6.50 6.8385
0.966 0.259 -0.07 -0.998 12.9072 6.67 6.3552
1 0 -0.139 -0.99 8.5226 7.15 1.3328
0.966 -0.259 -0.242 -0.97 8.7711 7.10 2.958
0.866 -0.5 -0.242 -0.97 11.1511 6.75 2.7005
0.707 -0.707 -0.174 -0.985 12.5576 6.75 1.8668
0.5 -0.866 -0.035 -0.999 12.9776 7.34 4.0645
0.259 -0.966 0.174 -0.985 13.9173 8.15 6.8227
0 -1 0.276 -0.961 13.6226 8.70 9.554
-0.259 -0.966 0.208 -0.978 13.2512 8.77 14.178
-0.5 -0.866 0.105 -0.995 13.2667 8.55 14.083
-0.707 -0.707 0.035 -0.999 12.3668 7.81 9.9303
-0.866 -0.5 0.105 -0.995 11.9648 7.25 6.8731
-0.966 -0.259 0.276 -0.961 13.0858 7.26 8.3093
-1 0 0.375 -0.927 15.3019 7.26 7.329
-0.966 0.259 0.309 -0.951 17.4982 7.48 6.3726
-0.866 0.5 0.375 -0.927 19.2954 7.73 9.0913
-0.707 0.707 0.438 -0.899 20.994 8.28 17.832
-0.5 0.866 0.5 -0.866 21.2983 8.84 13.035
-0.259 0.966 0.5 -0.866 20.9745 9.09 11.94
0 1 0.242 -0.97 19.7396 6.99 5.4704
0.259 0.966 0.208 -0.978 17.9857 7.27 2.8431
0.707 0.707 -0.174 -0.985 16.5957 7.11 1.144
1 0 -0.469 -0.883 8.5226 7.45 2.6727
0.966 -0.259 -0.438 -0.899 8.7711 7.46 0.45228
0.866 -0.5 -0.438 -0.899 11.1511 7.21 3.1151
0.707 -0.707 -0.469 -0.883 12.5576 7.07 1.7757
0.5 -0.866 -0.469 -0.883 12.9776 7.35 2.9949
0.259 -0.966 -0.53 -0.848 13.9173 7.73 3.4708
0 -1 -0.588 -0.809 13.6226 7.97 2.9045
-0.259 -0.966 -0.588 -0.809 13.2512 8.28 4.539
-0.5 -0.866 -0.53 -0.848 13.2667 8.31 5.342
-0.707 -0.707 -0.438 -0.899 12.3668 8.20 6.3487
-0.866 -0.5 -0.242 -0.97 11.9648 8.22 5.1222
-0.966 -0.259 0 -1 13.0858 8.51 2.9601
-1 0 0.242 -0.97 15.3019 9.03 6.5182
-0.966 0.259 0.375 -0.927 17.4982 9.56 13.875
-0.866 0.5 0.438 -0.899 19.2954 9.84 9.9316
-0.707 0.707 0.438 -0.899 20.994 10.07 9.06
-0.5 0.866 0.438 -0.899 21.2983 10.13 10.456
-0.259 0.966 0.342 -0.94 20.9745 9.64 11.081
0 1 0.5 -0.866 19.7396 9.60 10.685
0.259 0.966 0.375 -0.927 17.9857 9.63 5.7146
0.5 0.866 0.208 -0.978 18.1181 9.41 3.3147
0.707 0.707 0.07 -0.998 16.5957 9.29 3.2436
0.866 0.5 -0.035 -0.999 15.768 8.88 3.584
0.966 0.259 -0.139 -0.99 12.9072 8.60 0.81586
0.866 -0.5 -0.242 -0.97 11.1511 8.07 4.5828
0.707 -0.707 -0.276 -0.961 12.5576 7.72 4.9168
0.5 -0.866 -0.407 -0.914 12.9776 7.49 7.3218
0.259 -0.966 -0.5 -0.866 13.9173 7.17 9.3432
0 -1 -0.588 -0.809 13.6226 6.94 9.5967
-0.259 -0.966 -0.643 -0.766 13.2512 6.91 9.1577
-0.5 -0.866 -0.588 -0.809 13.2667 6.84 10.545
-0.707 -0.707 -0.309 -0.951 12.3668 6.70 11.957
-0.866 -0.5 0 -1 11.9648 6.76 8.5008
-0.966 -0.259 0.309 -0.951 13.0858 7.23 7.844
-1 0 0.53 -0.848 15.3019 8.03 9.0325
-0.966 0.259 0.643 -0.766 17.4982 8.52 9.8098
-0.866 0.5 0.695 -0.719 19.2954 8.91 11.131
-0.707 0.707 0.669 -0.743 20.994 9.35 15.243
-0.5 0.866 0.588 -0.809 21.2983 9.50 16.322
-0.259 0.966 0.5 -0.866 20.9745 9.19 13.601
0 1 0.914 -0.407 19.7396 7.64 12.373
0.259 0.966 0.883 -0.469 17.9857 7.67 10.729
0.5 0.866 0.766 -0.643 18.1181 7.69 12.573
0.707 0.707 0.559 -0.829 16.5957 7.60 12.528
0.866 0.5 0.242 -0.97 15.768 7.59 15.376
0.966 0.259 0.07 -0.998 12.9072 8.07 13.447
1 0 0.035 -0.999 8.5226 8.58 6.9384
0.966 -0.259 0.07 -0.998 8.7711 8.59 10.64
0.866 -0.5 0 -1 11.1511 8.14 8.2016
0.707 -0.707 -0.07 -0.998 12.5576 7.64 10.862
0.5 -0.866 -0.035 -0.999 12.9776 7.49 10.432
0.259 -0.966 -0.07 -0.998 13.9173 7.46 10.482
0 -1 -0.07 -0.998 13.6226 7.48 12.825
-0.259 -0.966 0.035 -0.999 13.2512 7.89 12.676
-0.5 -0.866 0.139 -0.99 13.2667 8.29 14.383
-0.707 -0.707 0.174 -0.985 12.3668 8.38 10.996
-0.866 -0.5 0.174 -0.985 11.9648 8.33 12.224
-0.966 -0.259 0.276 -0.961 13.0858 8.54 14.143
-1 0 0.375 -0.927 15.3019 8.90 12.157
-0.966 0.259 0.438 -0.899 17.4982 9.19 16.65
-0.866 0.5 0.47 -0.883 19.2954 9.68 18.043
-0.707 0.707 0.438 -0.899 20.994 10.00 23.516
-0.5 0.866 0.342 -0.94 21.2983 10.10 21.72
-0.259 0.966 0.276 -0.961 20.9745 9.85 18.838
0 1 0.5 -0.866 19.7396 8.95 17.322
0.259 0.966 0.375 -0.927 17.9857 8.60 16.537
0.5 0.866 0.174 -0.985 18.1181 8.03 17.274
0.707 0.707 -0.07 -0.998 16.5957 7.19 13.277
0.866 0.5 -0.5 -0.866 15.768 6.99 19.206
0.966 0.259 -0.616 -0.788 12.9072 7.07 14.734
1 0 -0.469 -0.883 8.5226 7.10 14.873
0.966 -0.259 -0.438 -0.899 8.7711 6.64 14.547
0.866 -0.5 -0.53 -0.848 11.1511 5.80 8.9725
0.707 -0.707 -0.669 -0.743 12.5576 5.01 9.1875
0.5 -0.866 -0.588 -0.809 12.9776 4.98 5.1713
0.259 -0.966 -0.407 -0.914 13.9173 5.32 9.448
0 -1 -0.309 -0.951 13.6226 5.28 9.1889
-0.259 -0.966 -0.276 -0.961 13.2512 5.46 8.517
-0.5 -0.866 -0.276 -0.961 13.2667 6.34 10.872
-0.707 -0.707 -0.309 -0.951 12.3668 7.74 11.396
-0.866 -0.5 -0.035 -0.999 11.9648 8.87 13.123
-0.966 -0.259 0.309 -0.951 13.0858 9.40 12.267
-1 0 0.407 -0.914 15.3019 9.96 15.759
-0.966 0.259 0.309 -0.951 17.4982 9.86 17.168
-0.866 0.5 0.242 -0.97 19.2954 9.48 20.145
-0.707 0.707 0.242 -0.97 20.994 9.27 19.426
-0.5 0.866 0.276 -0.961 21.2983 8.59 23.664
-0.259 0.966 0.139 -0.99 20.9745 8.53 21.74
0 1 0.174 -0.985 19.7396 9.18 16.182
0.259 0.966 0.035 -0.999 17.9857 9.63 10.931
0.5 0.866 -0.139 -0.99 18.1181 9.42 13.446
0.707 0.707 -0.309 -0.951 16.5957 8.54 12.548
0.866 0.5 -0.469 -0.883 15.768 8.13 12.736
0.966 0.259 -0.407 -0.914 12.9072 8.08 15.405
1 0 -0.276 -0.961 8.5226 8.36 14.274
0.966 -0.259 -0.309 -0.951 8.7711 8.29 9.0046
0.866 -0.5 -0.309 -0.951 11.1511 7.79 5.7115
0.707 -0.707 -0.309 -0.951 12.5576 7.52 15.823
0.5 -0.866 -0.309 -0.951 12.9776 7.51 15.036
0.259 -0.966 -0.375 -0.927 13.9173 7.59 10.086
0 -1 -0.438 -0.899 13.6226 7.61 11.061
-0.259 -0.966 -0.469 -0.883 13.2512 7.84 8.3146
-0.5 -0.866 -0.375 -0.927 13.2667 8.13 11.377
-0.707 -0.707 -0.276 -0.961 12.3668 8.47 12.8
-0.866 -0.5 -0.242 -0.97 11.9648 8.89 15.957
-0.966 -0.259 -0.139 -0.99 13.0858 9.35 14.277
-1 0 -0.07 -0.998 15.3019 9.77 20.5
-0.966 0.259 0 -1 17.4982 10.10 26.422
-0.866 0.5 0 -1 19.2954 10.54 26.279
-0.707 0.707 -0.104 -0.995 20.994 11.50 25.123
-0.5 0.866 -0.174 -0.985 21.2983 12.83 27.189
-0.259 0.966 -0.174 -0.985 20.9745 12.79 29.022
0 1 -0.174 -0.985 19.7396 11.49 27.191
0.259 0.966 -0.276 -0.961 17.9857 13.08 22.995
0.5 0.866 -0.438 -0.899 18.1181 12.80 23.909
0.707 0.707 -0.616 -0.788 16.5957 12.29 25.422
0.866 0.5 -0.643 -0.766 15.768 11.91 25.337
0.966 0.259 -0.588 -0.809 12.9072 11.51 19.412
1 0 -0.53 -0.848 8.5226 10.90 16.185
0.966 -0.259 -0.5 -0.866 8.7711 9.94 16.978
0.866 -0.5 -0.5 -0.866 11.1511 9.06 23.872
0.707 -0.707 -0.616 -0.788 12.5576 7.97 22.693
0.5 -0.866 -0.766 -0.643 12.9776 7.50 20.776
0.259 -0.966 -0.866 -0.5 13.9173 7.51 21.954
0 -1 -0.883 -0.47 13.6226 7.68 21.325
-0.259 -0.966 -0.883 -0.47 13.2512 7.81 17.569
-0.5 -0.866 -0.788 -0.616 13.2667 7.98 14.928
-0.707 -0.707 -0.616 -0.788 12.3668 8.14 13.844
-0.866 -0.5 -0.407 -0.914 11.9648 8.23 13.943
-0.966 -0.259 -0.208 -0.978 13.0858 8.65 18.392
-1 0 -0.07 -0.998 15.3019 9.94 22.482
-0.966 0.259 0.035 -0.999 17.4982 11.31 21.804
-0.866 0.5 0.139 -0.99 19.2954 12.70 23.39
-0.707 0.707 0.105 -0.995 20.994 13.44 27.789
-0.5 0.866 0.035 -0.999 21.2983 13.42 26.557
-0.259 0.966 -0.07 -0.998 20.9745 13.01 27.17
0 1 -0.53 -0.848 19.7396 10.29 25.674
0.259 0.966 -0.588 -0.809 17.9857 10.28 25.482
0.5 0.866 -0.588 -0.809 18.1181 10.02 24.185
0.707 0.707 -0.719 -0.695 16.5957 9.89 22.487
0.866 0.5 -0.788 -0.616 15.768 9.96 23.889
0.966 0.259 -0.829 -0.559 12.9072 9.86 15.133
1 0 -0.829 -0.559 8.5226 9.81 13.463
0.966 -0.259 -0.788 -0.616 8.7711 9.59 4.6185
0.866 -0.5 -0.788 -0.616 11.1511 9.19 7.5987
0.707 -0.707 -0.788 -0.616 12.5576 8.89 8.7208
0.5 -0.866 -0.743 -0.669 12.9776 8.80 11.695
0.259 -0.966 -0.743 -0.669 13.9173 8.91 19.861
0 -1 -0.766 -0.643 13.6226 8.89 20.09
-0.259 -0.966 -0.719 -0.695 13.2512 9.05 15.396
-0.5 -0.866 -0.588 -0.809 13.2667 9.34 13.851
-0.707 -0.707 -0.438 -0.899 12.3668 9.90 11.076
-0.866 -0.5 -0.242 -0.97 11.9648 10.55 10.776
-0.966 -0.259 -0.104 -0.995 13.0858 11.12 11.007
-1 0 -0.035 -0.999 15.3019 11.54 10.847
-0.966 0.259 0 -1 17.4982 11.54 13.341
-0.866 0.5 0 -1 19.2954 11.29 17.374
-0.707 0.707 -0.139 -0.99 20.994 11.26 21.011
-0.5 0.866 -0.242 -0.97 21.2983 11.53 25.143
-0.259 0.966 -0.342 -0.94 20.9745 11.47 24.672
0 1 -0.588 -0.809 19.7396 11.41 25.129
0.259 0.966 -0.719 -0.695 17.9857 11.57 22.374
0.5 0.866 -0.766 -0.643 18.1181 11.70 21.717
0.707 0.707 -0.743 -0.669 16.5957 11.65 23.831
0.866 0.5 -0.695 -0.719 15.768 11.88 19.868
0.966 0.259 -0.719 -0.695 12.9072 12.01 20.757
1 0 -0.719 -0.695 8.5226 11.75 19.122
0.966 -0.259 -0.695 -0.719 8.7711 11.28 19.932
0.866 -0.5 -0.719 -0.695 11.1511 10.63 21.851
0.707 -0.707 -0.743 -0.669 12.5576 10.24 25.181
0.5 -0.866 -0.743 -0.669 12.9776 9.77 22.742
0.259 -0.966 -0.743 -0.669 13.9173 9.19 19.589
0 -1 -0.719 -0.695 13.6226 9.11 20.083
-0.259 -0.966 -0.669 -0.743 13.2512 9.54 23.557
-0.5 -0.866 -0.588 -0.809 13.2667 10.01 27.052
-0.707 -0.707 -0.469 -0.883 12.3668 9.78 24.541
-0.866 -0.5 -0.242 -0.97 11.9648 9.29 26.046
-0.966 -0.259 -0.07 -0.998 13.0858 9.32 27.055
-1 0 0 -1 15.3019 9.65 25.407
-0.966 0.259 0.07 -0.998 17.4982 10.11 28.556
-0.866 0.5 0.07 -0.998 19.2954 10.77 30.069
-0.707 0.707 0.07 -0.998 20.994 11.35 29.943
-0.5 0.866 0 -1 21.2983 11.71 29.354
-0.259 0.966 -0.139 -0.99 20.9745 12.12 30.479
0 1 -0.242 -0.97 19.7396 13.65 30.38
0.259 0.966 -0.309 -0.951 17.9857 13.29 29.719
0.5 0.866 -0.438 -0.899 18.1181 12.56 24.441
0.707 0.707 -0.669 -0.743 16.5957 11.71 28.608
0.866 0.5 -0.809 -0.588 15.768 11.27 21.07
0.966 0.259 -0.848 -0.53 12.9072 10.99 16.639
1 0 -0.848 -0.53 8.5226 9.61 10.72
0.966 -0.259 -0.899 -0.438 8.7711 8.63 5.0781
0.866 -0.5 -0.94 -0.342 11.1511 7.80 18.332
0.707 -0.707 -0.995 -0.105 12.5576 7.36 16.795
0.259 -0.966 -0.961 0.276 13.9173 7.40 17.792
0 -1 -0.978 0.208 13.6226 7.55 15.541
-0.259 -0.966 -1 0 13.2512 7.48 16.236
-0.5 -0.866 -0.927 -0.375 13.2667 7.48 14.589
-0.707 -0.707 -0.669 -0.743 12.3668 8.08 13.033
-0.866 -0.5 -0.342 -0.94 11.9648 8.91 11.943
-0.966 -0.259 -0.174 -0.985 13.0858 10.43 12.515
-1 0 -0.139 -0.99 15.3019 12.46 13.783
-0.966 0.259 -0.104 -0.995 17.4982 12.68 14.763
-0.259 0.966 -0.309 -0.951 20.9745 10.45 13.258
0.707 0.707 -0.766 -0.643 16.5957 12.11 11.995
0.866 0.5 -0.829 -0.559 15.768 12.09 12.984
0.966 0.259 -0.899 -0.438 12.9072 11.83 12.083
1 0 -0.914 -0.407 8.5226 11.57 5.8292
0.966 -0.259 -0.914 -0.407 8.7711 11.21 10.706
0.866 -0.5 -0.94 -0.342 11.1511 10.52 11.828
0.707 -0.707 -0.961 -0.276 12.5576 10.04 21.485
0.259 -0.966 -0.961 -0.276 13.9173 9.35 13.652
0 -1 -0.94 -0.342 13.6226 9.70 14.794
-0.259 -0.966 -0.899 -0.438 13.2512 10.27 17.188
-0.5 -0.866 -0.809 -0.588 13.2667 10.03 20.576
-0.707 -0.707 -0.743 -0.669 12.3668 8.37 17.87
-0.866 -0.5 -0.559 -0.829 11.9648 7.04 18.617
-0.966 -0.259 -0.208 -0.978 13.0858 7.12 20.672
-1 0 0.139 -0.99 15.3019 7.98 23.295
-0.966 0.259 0.208 -0.978 17.4982 9.05 22.346
-0.866 0.5 0.139 -0.99 19.2954 10.49 23.618
-0.707 0.707 0.07 -0.998 20.994 12.09 24.965
-0.5 0.866 -0.07 -0.998 21.2983 12.84 24.009
-0.259 0.966 -0.242 -0.97 20.9745 12.81 23.938
0 1 -0.342 -0.94 19.7396 11.54 23.735
0.259 0.966 -0.342 -0.94 17.9857 11.54 22.624
0.5 0.866 -0.438 -0.899 18.1181 11.25 22.731
0.707 0.707 -0.5 -0.866 16.5957 11.19 22.554
0.866 0.5 -0.559 -0.829 15.768 11.06 19.389
0.966 0.259 -0.616 -0.788 12.9072 10.72 18.666
1 0 -0.695 -0.719 8.5226 10.67 8.6175
0.966 -0.259 -0.719 -0.695 8.7711 10.46 12.003
0.866 -0.5 -0.743 -0.669 11.1511 9.99 15.774
0.707 -0.707 -0.719 -0.695 12.5576 9.64 15.008
0.259 -0.966 -0.788 -0.616 13.9173 8.77 15.007
0 -1 -0.848 -0.53 13.6226 8.52 10.987
-0.259 -0.966 -0.883 -0.47 13.2512 8.22 10.334
-0.5 -0.866 -0.883 -0.47 13.2667 7.75 12.484
-0.707 -0.707 -0.743 -0.669 12.3668 7.31 13.177
-0.866 -0.5 -0.5 -0.866 11.9648 7.09 14.117
-0.966 -0.259 -0.139 -0.99 13.0858 7.46 14.434
-1 0 0.035 -0.999 15.3019 8.27 13.385
-0.966 0.259 0.105 -0.995 17.4982 8.92 14.359
-0.866 0.5 0.174 -0.985 19.2954 9.24 15.22
-0.707 0.707 0.242 -0.97 20.994 9.49 14.872
-0.5 0.866 0.242 -0.97 21.2983 9.69 15.165
-0.259 0.966 0.276 -0.961 20.9745 9.72 16.133
0 1 -0.035 -0.999 19.7396 10.16 14.908
0.259 0.966 -0.174 -0.985 17.9857 9.96 14.775
0.5 0.866 -0.242 -0.97 18.1181 9.70 12.035
0.707 0.707 -0.342 -0.94 16.5957 9.32 11.85
0.866 0.5 -0.5 -0.866 15.768 8.79 10.385
0.966 0.259 -0.559 -0.829 12.9072 8.60 9.5998
1 0 -0.588 -0.809 8.5226 8.69 10.14
0.966 -0.259 -0.643 -0.766 8.7711 8.54 8.5262
0.866 -0.5 -0.616 -0.788 11.1511 8.21 7.8569
0.707 -0.707 -0.588 -0.809 12.5576 7.96 9.2763
0.5 -0.866 -0.588 -0.809 12.9776 8.07 8.1124
0.259 -0.966 -0.588 -0.809 13.9173 7.99 9.4794
0 -1 -0.669 -0.743 13.6226 7.63 15.005
-0.259 -0.966 -0.743 -0.669 13.2512 7.49 13.947
-0.5 -0.866 -0.669 -0.743 13.2667 7.67 13.716
-0.707 -0.707 -0.559 -0.829 12.3668 7.89 7.6206
-0.866 -0.5 -0.407 -0.914 11.9648 7.83 8.1059
-0.966 -0.259 -0.242 -0.97 13.0858 7.43 9.6152
-1 0 -0.139 -0.99 15.3019 6.86 9.7018
-0.966 0.259 0 -1 17.4982 6.95 10.777
-0.866 0.5 0.139 -0.99 19.2954 7.47 13.746
-0.707 0.707 0.174 -0.985 20.994 8.31 15.131
-0.5 0.866 0.139 -0.99 21.2983 9.00 16.053
-0.259 0.966 0.07 -0.998 20.9745 9.48 15.918
0 1 -0.342 -0.94 19.7396 8.00 14.609
0.259 0.966 -0.469 -0.883 17.9857 8.05 12.176
0.5 0.866 -0.559 -0.829 18.1181 8.41 10.958
0.707 0.707 -0.588 -0.809 16.5957 8.62 10.31
0.866 0.5 -0.616 -0.788 15.768 8.58 10.015
0.966 0.259 -0.616 -0.788 12.9072 8.69 9.9534
1 0 -0.588 -0.809 8.5226 8.80 12.11
0.966 -0.259 -0.588 -0.809 8.7711 8.73 10.9
0.866 -0.5 -0.616 -0.788 11.1511 8.58 6.709
0.707 -0.707 -0.643 -0.766 12.5576 8.26 7.3231
0.5 -0.866 -0.616 -0.788 12.9776 7.97 10.429
0.259 -0.966 -0.588 -0.809 13.9173 7.74 8.6482
0 -1 -0.643 -0.766 13.6226 7.72 6.3993
-0.259 -0.966 -0.616 -0.788 13.2512 8.18 13.019
-0.5 -0.866 -0.53 -0.848 13.2667 8.65 12.917
-0.707 -0.707 -0.438 -0.899 12.3668 8.42 10.314
-0.866 -0.5 -0.342 -0.94 11.9648 8.22 6.7564
-0.966 -0.259 -0.276 -0.961 13.0858 8.20 5.5677
-1 0 -0.208 -0.978 15.3019 8.41 5.965
-0.966 0.259 -0.174 -0.985 17.4982 8.78 12.851
-0.866 0.5 -0.139 -0.99 19.2954 9.09 16.255
-0.707 0.707 -0.139 -0.99 20.994 9.25 16.401
-0.5 0.866 -0.104 -0.995 21.2983 9.42 16.635
-0.259 0.966 -0.104 -0.995 20.9745 9.49 16.004
0 1 -0.139 -0.99 19.7396 9.89 16.6
0.259 0.966 -0.174 -0.985 17.9857 9.85 15.467
0.5 0.866 -0.342 -0.94 18.1181 9.51 15.456
0.707 0.707 -0.5 -0.866 16.5957 8.77 11.48
0.866 0.5 -0.588 -0.809 15.768 8.25 12.932
0.966 0.259 -0.643 -0.766 12.9072 8.02 8.1887
1 0 -0.669 -0.743 8.5226 7.76 0.6491
0.866 -0.5 -0.643 -0.766 11.1511 7.03 7.1562
0.707 -0.707 -0.669 -0.743 12.5576 6.76 9.0233
0.5 -0.866 -0.719 -0.695 12.9776 6.57 11.334
0.259 -0.966 -0.809 -0.588 13.9173 6.36 15.409
0 -1 -0.899 -0.438 13.6226 6.13 10.068
-0.259 -0.966 -0.883 -0.47 13.2512 6.13 8.253
-0.5 -0.866 -0.766 -0.643 13.2667 6.51 6.075
-0.707 -0.707 -0.719 -0.695 12.3668 6.72 16.141
-0.866 -0.5 -0.643 -0.766 11.9648 6.55 10.831
-0.966 -0.259 -0.53 -0.848 13.0858 6.60 14.576
-1 0 -0.342 -0.94 15.3019 7.05 19.184
-0.966 0.259 -0.174 -0.985 17.4982 7.28 21.647
-0.866 0.5 -0.104 -0.995 19.2954 7.97 25.369
-0.707 0.707 0 -1 20.994 8.70 26.205
-0.5 0.866 -0.035 -0.999 21.2983 9.14 27.235
-0.259 0.966 -0.139 -0.99 20.9745 9.24 27.598
0 1 0.105 -0.995 19.7396 9.13 12.931
0.259 0.966 0 -1 17.9857 9.20 12.281
0.5 0.866 -0.104 -0.995 18.1181 9.16 15.006
0.707 0.707 -0.139 -0.99 16.5957 9.23 11.961
0.866 0.5 -0.174 -0.985 15.768 9.22 11.248
0.966 0.259 -0.174 -0.985 12.9072 9.57 11.712
1 0 -0.208 -0.978 8.5226 9.84 9.9581
0.966 -0.259 -0.276 -0.961 8.7711 9.50 10.627
0.866 -0.5 -0.407 -0.914 11.1511 8.93 14.288
0.707 -0.707 -0.5 -0.866 12.5576 8.72 14.99
0.5 -0.866 -0.588 -0.809 12.9776 8.26 16.781
0.259 -0.966 -0.695 -0.719 13.9173 7.67 17.315
0 -1 -0.766 -0.643 13.6226 6.83 18.893
-0.259 -0.966 -0.719 -0.695 13.2512 6.58 19.141
-0.5 -0.866 -0.669 -0.743 13.2667 6.53 13.372
-0.707 -0.707 -0.669 -0.743 12.3668 6.46 7.0471
-0.866 -0.5 -0.5 -0.866 11.9648 6.60 5.6834
-0.966 -0.259 -0.438 -0.899 13.0858 6.89 6.1033
-1 0 -0.309 -0.951 15.3019 7.68 14.78
-0.966 0.259 -0.139 -0.99 17.4982 8.64 19.489
-0.866 0.5 -0.104 -0.995 19.2954 9.28 23.153
-0.707 0.707 -0.104 -0.995 20.994 9.69 26.576
-0.5 0.866 -0.07 -0.998 21.2983 10.52 28.329
-0.259 0.966 0 -1 20.9745 11.02 28.542
0 1 -0.104 -0.995 19.7396 10.14 28.801
0.259 0.966 -0.276 -0.961 17.9857 10.41 25.634
0.5 0.866 -0.342 -0.94 18.1181 10.74 21.726
0.707 0.707 -0.438 -0.899 16.5957 11.19 18.854
0.866 0.5 -0.559 -0.829 15.768 11.52 4.7437
0.966 0.259 -0.588 -0.809 12.9072 11.68 4.1665
1 0 -0.643 -0.766 8.5226 12.03 5.1238
0.966 -0.259 -0.695 -0.719 8.7711 12.03 5.0394
0.866 -0.5 -0.743 -0.669 11.1511 11.57 9.7412
0.707 -0.707 -0.766 -0.643 12.5576 11.28 7.4075
0.5 -0.866 -0.766 -0.643 12.9776 10.91 14.028
0.259 -0.966 -0.788 -0.616 13.9173 10.12 14.048
0 -1 -0.766 -0.643 13.6226 8.87 16.63
-0.259 -0.966 -0.643 -0.766 13.2512 7.66 13.453
-0.5 -0.866 -0.5 -0.866 13.2667 6.83 14.485
-0.707 -0.707 -0.342 -0.94 12.3668 6.31 14.116
-0.866 -0.5 -0.07 -0.998 11.9648 6.44 16.34
-0.966 -0.259 0.208 -0.978 13.0858 7.20 19.317
-1 0 0.342 -0.94 15.3019 8.43 19.711
-0.966 0.259 0.342 -0.94 17.4982 9.76 22.588
-0.866 0.5 0.242 -0.97 19.2954 10.74 27.759
-0.707 0.707 0.174 -0.985 20.994 11.57 26.037
-0.5 0.866 0.07 -0.998 21.2983 12.18 28.54
-0.259 0.966 -0.035 -0.999 20.9745 12.46 28.689
0 1 -0.242 -0.97 19.7396 11.05 28.329
0.259 0.966 -0.469 -0.883 17.9857 11.40 27.514
0.5 0.866 -0.643 -0.766 18.1181 11.88 28.744
0.707 0.707 -0.588 -0.809 16.5957 12.19 26.647
0.866 0.5 -0.588 -0.809 15.768 12.54 17.272
0.966 0.259 -0.643 -0.766 12.9072 12.61 5.1713
1 0 -0.669 -0.743 8.5226 13.14 3.3737
0.966 -0.259 -0.669 -0.743 8.7711 13.38 5.5767
0.866 -0.5 -0.719 -0.695 11.1511 12.79 18.448
0.707 -0.707 -0.766 -0.643 12.5576 12.32 25.255
0.5 -0.866 -0.788 -0.616 12.9776 11.91 22.121
0.259 -0.966 -0.809 -0.588 13.9173 11.00 17.127
0 -1 -0.809 -0.588 13.6226 10.14 20.177
-0.259 -0.966 -0.766 -0.643 13.2512 9.43 25.151
-0.5 -0.866 -0.643 -0.766 13.2667 8.87 25.539
-0.707 -0.707 -0.5 -0.866 12.3668 8.74 24.478
-0.866 -0.5 -0.342 -0.94 11.9648 8.78 20.396
-0.966 -0.259 -0.174 -0.985 13.0858 8.95 19.241
-1 0 0 -1 15.3019 9.31 26.15
-0.966 0.259 0.07 -0.998 17.4982 9.71 30.41
-0.866 0.5 0.105 -0.995 19.2954 10.42 30.711
-0.707 0.707 0.105 -0.995 20.994 11.69 30.656
-0.5 0.866 0 -1 21.2983 12.93 29.95
0.259 0.966 -0.438 -0.899 17.9857 10.95 30.207
0.5 0.866 -0.616 -0.788 18.1181 11.29 29.892
0.707 0.707 -0.669 -0.743 16.5957 11.02 27.115
0.866 0.5 -0.719 -0.695 15.768 10.75 21.016
0.966 0.259 -0.766 -0.643 12.9072 10.72 17.494
1 0 -0.829 -0.559 8.5226 10.92 0.89794
0.966 -0.259 -0.883 -0.47 8.7711 11.02 9.5909
0.866 -0.5 -0.899 -0.438 11.1511 10.70 20.905
0.707 -0.707 -0.914 -0.407 12.5576 10.61 15.988
0.5 -0.866 -0.914 -0.407 12.9776 10.76 15.915
0.259 -0.966 -0.899 -0.438 13.9173 10.52 12.551
0 -1 -0.848 -0.53 13.6226 10.02 13.028
-0.259 -0.966 -0.788 -0.616 13.2512 9.30 8.8991
-0.5 -0.866 -0.695 -0.719 13.2667 8.69 13.784
-0.707 -0.707 -0.559 -0.829 12.3668 8.46 11.734
-0.866 -0.5 -0.438 -0.899 11.9648 8.35 11.376
-0.966 -0.259 -0.276 -0.961 13.0858 8.55 11.396
-1 0 -0.242 -0.97 15.3019 9.09 15.932
-0.966 0.259 -0.174 -0.985 17.4982 9.80 15.637
-0.866 0.5 -0.139 -0.99 19.2954 10.55 17.2
-0.707 0.707 -0.139 -0.99 20.994 11.24 16.789
-0.5 0.866 -0.174 -0.985 21.2983 11.65 14.522
-0.259 0.966 -0.208 -0.978 20.9745 11.84 21.337
0 1 -0.139 -0.99 19.7396 11.40 24.268
0.259 0.966 -0.342 -0.94 17.9857 11.81 24.551
0.5 0.866 -0.438 -0.899 18.1181 11.94 23.192
0.707 0.707 -0.407 -0.914 16.5957 11.81 21.962
0.866 0.5 -0.469 -0.883 15.768 11.59 16.892
0.966 0.259 -0.53 -0.848 12.9072 11.22 17.801
1 0 -0.559 -0.829 8.5226 10.90 15.198
0.966 -0.259 -0.559 -0.829 8.7711 10.23 14.279
0.866 -0.5 -0.643 -0.766 11.1511 9.29 17.203
0.707 -0.707 -0.766 -0.643 12.5576 8.77 15.463
0.5 -0.866 -0.788 -0.616 12.9776 8.82 15.543
0.259 -0.966 -0.766 -0.643 13.9173 8.89 18.177
0 -1 -0.743 -0.669 13.6226 9.07 16.995
-0.259 -0.966 -0.695 -0.719 13.2512 9.14 13.203
-0.5 -0.866 -0.588 -0.809 13.2667 9.00 18.258
-0.707 -0.707 -0.407 -0.914 12.3668 8.68 17.914
-0.866 -0.5 -0.174 -0.985 11.9648 8.64 13.048
-0.966 -0.259 0.07 -0.998 13.0858 8.22 15.898
-1 0 0.309 -0.951 15.3019 7.94 20.441
-0.966 0.259 0.407 -0.914 17.4982 8.50 22.525
-0.866 0.5 0.375 -0.927 19.2954 9.12 24.137
-0.707 0.707 0.242 -0.97 20.994 9.86 23.487
-0.5 0.866 0.07 -0.998 21.2983 10.56 19.543
-0.259 0.966 -0.139 -0.99 20.9745 11.52 20.181
0 1 -0.035 -0.999 23.721 12.70 20.94
0.259 0.966 -0.139 -0.99 22.6249 12.42 13.452
0.5 0.866 -0.375 -0.927 21.3543 11.85 14.04
0.707 0.707 -0.559 -0.829 20.207 11.47 12.891
0.866 0.5 -0.616 -0.788 17.2063 10.92 17.386
0.966 0.259 -0.643 -0.766 9.986 10.26 14.2
0.866 -0.5 -0.809 -0.588 11.8962 9.10 9.3152
0.707 -0.707 -0.809 -0.588 15.7139 9.73 22.736
0.5 -0.866 -0.848 -0.53 18.2022 10.14 19.636
0.259 -0.966 -0.866 -0.5 17.159 10.68 16.803
0 -1 -0.848 -0.53 15.1201 10.69 13.598
-0.259 -0.966 -0.788 -0.616 13.4675 10.51 10.416
-0.5 -0.866 -0.695 -0.719 14.1008 10.50 14.611
-0.707 -0.707 -0.616 -0.788 14.2559 10.40 15.001
-0.866 -0.5 -0.5 -0.866 14.5378 10.23 12.647
-0.966 -0.259 -0.407 -0.914 15.5136 10.10 12.231
-1 0 -0.342 -0.94 16.9735 9.92 17.407
-0.966 0.259 -0.242 -0.97 20.2834 10.15 17.405
-0.866 0.5 -0.174 -0.985 23.3016 10.83 18.557
-0.707 0.707 -0.174 -0.985 24.8576 11.58 17.933
-0.5 0.866 -0.208 -0.978 25.9692 12.23 21.404
-0.259 0.966 -0.276 -0.961 25.3225 12.61 16.994
0 1 0.139 -0.99 23.721 10.45 14.646
0.259 0.966 -0.174 -0.985 22.6249 10.02 14.076
0.5 0.866 -0.309 -0.951 21.3543 10.24 10.882
0.707 0.707 -0.309 -0.951 20.207 10.67 13.063
0.866 0.5 -0.342 -0.94 17.2063 10.75 12.198
0.966 0.259 -0.469 -0.883 9.986 10.37 8.1712
1 0 -0.559 -0.829 6.9144 9.95 2.9147
-0.259 -0.966 -0.559 -0.829 13.4675 8.42 8.8224
-0.5 -0.866 -0.407 -0.914 14.1008 8.29 19.301
-0.707 -0.707 -0.342 -0.94 14.2559 8.57 19.247
-0.866 -0.5 -0.309 -0.951 14.5378 9.06 14.814
-0.966 -0.259 -0.276 -0.961 15.5136 9.64 13.053
-1 0 -0.208 -0.978 16.9735 9.91 17.661
-0.966 0.259 -0.174 -0.985 20.2834 9.96 24.844
-0.866 0.5 -0.07 -0.998 23.3016 9.93 28.704
-0.707 0.707 0 -1 24.8576 10.24 25.687
-0.5 0.866 0.035 -0.999 25.9692 10.75 21.116
-0.259 0.966 0 -1 25.3225 11.12 24.254
0 1 0 -1 23.721 9.01 21.498
0.259 0.966 -0.208 -0.978 22.6249 9.18 24.354
0.5 0.866 -0.276 -0.961 21.3543 9.70 25.524
0.707 0.707 -0.242 -0.97 20.207 9.93 21.821
0.866 0.5 -0.242 -0.97 17.2063 9.80 17.968
0.966 0.259 -0.342 -0.94 9.986 9.93 13.163
1 0 -0.375 -0.927 6.9144 10.21 8.7979
0.966 -0.259 -0.375 -0.927 6.0482 9.90 9.4602
0.707 -0.707 -0.588 -0.809 15.7139 9.32 10.701
0.5 -0.866 -0.669 -0.743 18.2022 8.94 9.8016
0.259 -0.966 -0.695 -0.719 17.159 8.54 11.13
0 -1 -0.669 -0.743 15.1201 8.10 10.911
-0.259 -0.966 -0.616 -0.788 13.4675 7.88 10.734
-0.5 -0.866 -0.616 -0.788 14.1008 7.66 8.7131
-0.707 -0.707 -0.559 -0.829 14.2559 7.38 7.7513
-0.866 -0.5 -0.438 -0.899 14.5378 7.46 6.4025
-0.966 -0.259 -0.276 -0.961 15.5136 7.48 7.2745
-1 0 -0.139 -0.99 16.9735 7.68 7.1028
-0.966 0.259 0.035 -0.999 20.2834 7.99 8.0153
-0.866 0.5 0.139 -0.99 23.3016 8.53 10.512
-0.707 0.707 0.139 -0.99 24.8576 9.04 13.29
-0.5 0.866 0.105 -0.995 25.9692 9.56 14.57
-0.259 0.966 0.105 -0.995 25.3225 9.54 13.148
0 1 -0.07 -0.998 23.721 9.86 13.022
0.259 0.966 -0.139 -0.99 22.6249 10.52 13.301
0.5 0.866 -0.139 -0.99 21.3543 10.84 13.125
0.707 0.707 -0.242 -0.97 20.207 10.82 21.535
0.866 0.5 -0.407 -0.914 17.2063 10.75 18.803
0.966 0.259 -0.588 -0.809 9.986 10.71 21.504
1 0 -0.719 -0.695 6.9144 10.77 18.892
0.966 -0.259 -0.743 -0.669 6.0482 10.62 14.655
0.866 -0.5 -0.743 -0.669 11.8962 10.29 17.972
0.707 -0.707 -0.719 -0.695 15.7139 9.90 17.754
0.5 -0.866 -0.766 -0.643 18.2022 9.61 14.043
0.259 -0.966 -0.809 -0.588 17.159 9.42 11.321
0 -1 -0.788 -0.616 15.1201 8.96 11.644
-0.259 -0.966 -0.766 -0.643 13.4675 8.51 10.279
-0.5 -0.866 -0.766 -0.643 14.1008 8.53 9.4464
-0.707 -0.707 -0.719 -0.695 14.2559 8.34 10.402
-0.866 -0.5 -0.559 -0.829 14.5378 8.00 9.1903
-0.966 -0.259 -0.276 -0.961 15.5136 8.25 7.4111
-1 0 -0.174 -0.985 16.9735 8.27 9.5849
-0.966 0.259 -0.035 -0.999 20.2834 8.22 9.98
-0.866 0.5 0 -1 23.3016 8.33 14.094
-0.707 0.707 -0.035 -0.999 24.8576 8.68 11.309
-0.5 0.866 -0.104 -0.995 25.9692 9.44 13.477
-0.259 0.966 -0.208 -0.978 25.3225 10.06 16.055
0 1 0.07 -0.998 23.721 10.16 19.956
0.259 0.966 -0.139 -0.99 22.6249 10.00 17.66
0.5 0.866 -0.342 -0.94 21.3543 10.11 15.775
0.707 0.707 -0.588 -0.809 20.207 10.33 19.356
0.866 0.5 -0.743 -0.669 17.2063 10.73 18.287
0.966 0.259 -0.848 -0.53 9.986 11.20 21.667
1 0 -0.883 -0.47 6.9144 11.46 7.8483
0.966 -0.259 -0.914 -0.407 6.0482 11.36 8.5896
0.866 -0.5 -0.927 -0.375 11.8962 10.82 8.8038
0.707 -0.707 -0.961 -0.276 15.7139 10.59 10.798
0.5 -0.866 -0.978 -0.208 18.2022 10.82 12.194
0.259 -0.966 -0.995 -0.105 17.159 10.76 11.465
0 -1 -0.995 -0.105 15.1201 10.74 7.9789
-0.259 -0.966 -0.97 -0.242 13.4675 10.62 9.6723
-0.5 -0.866 -0.866 -0.5 14.1008 10.19 10.247
-0.707 -0.707 -0.616 -0.788 14.2559 9.64 12.587
-0.866 -0.5 -0.276 -0.961 14.5378 9.55 18.595
-0.966 -0.259 0 -1 15.5136 9.91 26.231
-1 0 0.105 -0.995 16.9735 10.70 26.278
-0.966 0.259 0.139 -0.99 20.2834 11.01 29.628
-0.866 0.5 0.174 -0.985 23.3016 11.11 28.629
-0.707 0.707 0.208 -0.978 24.8576 11.27 29.168
-0.5 0.866 0.139 -0.99 25.9692 11.45 31.171
-0.259 0.966 0 -1 25.3225 11.76 29.842
0 1 -0.035 -0.999 23.721 11.12 28.262
0.259 0.966 -0.139 -0.99 22.6249 10.82 28.295
0.5 0.866 -0.07 -0.998 21.3543 10.76 26.591
0.707 0.707 -0.174 -0.985 20.207 10.80 27.91
0.866 0.5 -0.276 -0.961 17.2063 10.67 23.117
0.966 0.259 -0.407 -0.914 9.986 10.26 8.2765
1 0 -0.559 -0.829 6.9144 9.65 1.9019
0.966 -0.259 -0.695 -0.719 6.0482 9.00 2.2651
0.866 -0.5 -0.829 -0.559 11.8962 8.29 14.544
0.707 -0.707 -0.899 -0.438 15.7139 7.77 21.02
0.5 -0.866 -0.94 -0.342 18.2022 7.44 17.66
0.259 -0.966 -0.97 -0.242 17.159 7.14 14.572
0 -1 -0.961 -0.276 15.1201 7.01 12.701
-0.259 -0.966 -0.866 -0.5 13.4675 6.81 10.705
-0.5 -0.866 -0.669 -0.743 14.1008 6.92 14.041
-0.707 -0.707 -0.469 -0.883 14.2559 7.40 16.321
-0.866 -0.5 -0.242 -0.97 14.5378 8.15 15.522
-0.966 -0.259 -0.035 -0.999 15.5136 9.11 18.895
-1 0 0.035 -0.999 16.9735 9.89 20.746
-0.966 0.259 0 -1 20.2834 10.66 22.879
-0.866 0.5 -0.07 -0.998 23.3016 11.26 23.604
-0.707 0.707 -0.104 -0.995 24.8576 11.87 28.216
-0.5 0.866 -0.174 -0.985 25.9692 12.43 28.989
-0.259 0.966 -0.276 -0.961 25.3225 12.78 29.22
0 1 -0.208 -0.978 23.721 11.32 29.441
0.259 0.966 -0.469 -0.883 22.6249 11.21 29.199
0.5 0.866 -0.559 -0.829 21.3543 11.17 28.994
0.707 0.707 -0.616 -0.788 20.207 11.25 27.385
0.866 0.5 -0.695 -0.719 17.2063 11.26 19.628
0.966 0.259 -0.788 -0.616 9.986 11.37 12.14
1 0 -0.848 -0.53 6.9144 11.23 2.7498
0.966 -0.259 -0.883 -0.47 6.0482 11.25 3.3751
0.866 -0.5 -0.94 -0.342 11.8962 11.28 12.899
0.707 -0.707 -0.97 -0.242 15.7139 11.17 12.892
0.5 -0.866 -0.978 -0.208 18.2022 10.90 23.84
0.259 -0.966 -0.97 -0.242 17.159 10.83 15.864
0 -1 -0.961 -0.276 15.1201 10.78 20.617
-0.259 -0.966 -0.899 -0.438 13.4675 10.68 15.911
-0.5 -0.866 -0.809 -0.588 14.1008 10.56 19.049
-0.707 -0.707 -0.669 -0.743 14.2559 10.25 22.532
-0.866 -0.5 -0.5 -0.866 14.5378 10.07 25.725
-0.966 -0.259 -0.342 -0.94 15.5136 10.43 26.412
-1 0 -0.242 -0.97 16.9735 11.17 24.843
-0.966 0.259 -0.174 -0.985 20.2834 12.39 30.352
-0.866 0.5 -0.139 -0.99 23.3016 13.28 25.556
-0.707 0.707 -0.174 -0.985 24.8576 13.95 30.055
-0.5 0.866 -0.276 -0.961 25.9692 14.41 31.266
-0.259 0.966 -0.407 -0.914 25.3225 14.56 31.13
0 1 -0.104 -0.995 23.721 13.00 14.913
0.259 0.966 -0.242 -0.97 22.6249 12.43 15.421
0.5 0.866 -0.438 -0.899 21.3543 11.79 14.425
0.707 0.707 -0.375 -0.927 20.207 11.67 14.207
0.866 0.5 -0.375 -0.927 17.2063 11.46 16.226
0.966 0.259 -0.469 -0.883 9.986 11.46 11.566
1 0 -0.559 -0.829 6.9144 11.41 9.6639
0.866 -0.5 -0.743 -0.669 11.8962 10.79 2.7655
0.707 -0.707 -0.809 -0.588 15.7139 10.84 9.2431
0.5 -0.866 -0.809 -0.588 18.2022 11.14 13.888
0.259 -0.966 -0.809 -0.588 17.159 11.82 12.496
0 -1 -0.809 -0.588 15.1201 11.60 11.746
-0.259 -0.966 -0.809 -0.588 13.4675 11.03 10.393
-0.5 -0.866 -0.788 -0.616 14.1008 10.38 10.486
-0.707 -0.707 -0.719 -0.695 14.2559 9.79 8.0955
-0.866 -0.5 -0.616 -0.788 14.5378 9.29 6.4701
-0.966 -0.259 -0.469 -0.883 15.5136 9.04 9.7359
-1 0 -0.242 -0.97 16.9735 9.25 13.05
-0.966 0.259 -0.07 -0.998 20.2834 9.79 19.838
-0.866 0.5 -0.035 -0.999 23.3016 10.35 20.298
-0.707 0.707 -0.035 -0.999 24.8576 10.96 20.778
-0.5 0.866 -0.07 -0.998 25.9692 11.57 25.825
-0.259 0.966 -0.139 -0.99 25.3225 12.00 22.799
0 1 0.242 -0.97 23.721 10.91 25.239
0.259 0.966 0.07 -0.998 22.6249 11.56 27.095
0.5 0.866 0 -1 21.3543 12.17 25.954
0.707 0.707 -0.07 -0.998 20.207 12.71 25.123
0.866 0.5 -0.174 -0.985 17.2063 13.22 23.962
0.966 0.259 -0.208 -0.978 9.986 13.71 20.617
1 0 -0.174 -0.985 6.9144 13.79 18.7
0.966 -0.259 -0.174 -0.985 6.0482 13.43 18.673
0.866 -0.5 -0.208 -0.978 11.8962 12.90 21.108
0.707 -0.707 -0.276 -0.961 15.7139 12.37 18.838
0.5 -0.866 -0.342 -0.94 18.2022 11.86 20.667
0.259 -0.966 -0.375 -0.927 17.159 11.47 21.228
0 -1 -0.407 -0.914 15.1201 11.02 20.898
-0.259 -0.966 -0.407 -0.914 13.4675 10.59 15.74
-0.5 -0.866 -0.309 -0.951 14.1008 10.18 13.064
-0.707 -0.707 -0.208 -0.978 14.2559 9.97 11.047
-0.866 -0.5 -0.104 -0.995 14.5378 9.84 8.3501
-0.966 -0.259 0 -1 15.5136 9.93 9.9862
-1 0 0.07 -0.998 16.9735 10.25 9.2548
-0.966 0.259 0.139 -0.99 20.2834 10.56 12.107
-0.866 0.5 0.208 -0.978 23.3016 10.96 18.687
-0.707 0.707 0.242 -0.97 24.8576 11.48 22.731
-0.5 0.866 0.242 -0.97 25.9692 11.85 26.315
-0.259 0.966 0.242 -0.97 25.3225 11.69 23.329
0 1 0 -1 23.721 11.90 20.045
0.259 0.966 -0.104 -0.995 22.6249 12.32 20.116
0.5 0.866 -0.208 -0.978 21.3543 12.53 16.127
0.707 0.707 -0.309 -0.951 20.207 12.33 16.555
0.866 0.5 -0.375 -0.927 17.2063 12.20 15.588
1 0 -0.588 -0.809 6.9144 12.27 3.9656
0.966 -0.259 -0.669 -0.743 6.0482 12.26 5.9749
0.866 -0.5 -0.743 -0.669 11.8962 11.90 15.778
0.707 -0.707 -0.743 -0.669 15.7139 11.80 20.751
0.5 -0.866 -0.719 -0.695 18.2022 11.58 22.518
0.259 -0.966 -0.719 -0.695 17.159 11.15 18.765
0 -1 -0.743 -0.669 15.1201 10.82 18.161
-0.259 -0.966 -0.743 -0.669 13.4675 10.41 18.19
-0.5 -0.866 -0.719 -0.695 14.1008 9.96 15.453
-0.707 -0.707 -0.616 -0.788 14.2559 9.60 11.791
-0.866 -0.5 -0.375 -0.927 14.5378 9.38 14.475
-0.966 -0.259 -0.104 -0.995 15.5136 9.48 12.59
-1 0 0.07 -0.998 16.9735 9.78 16.061
-0.966 0.259 0.174 -0.985 20.2834 10.21 17.656
-0.866 0.5 0.208 -0.978 23.3016 10.79 23.457
-0.707 0.707 0.208 -0.978 24.8576 11.35 24.277
-0.5 0.866 0.174 -0.985 25.9692 11.82 27.265
-0.259 0.966 0.07 -0.998 25.3225 11.92 29.427
0 1 -0.276 -0.961 23.721 12.61 29.185
0.259 0.966 -0.438 -0.899 22.6249 12.46 26.814
0.5 0.866 -0.53 -0.848 21.3543 12.52 21.129
0.707 0.707 -0.588 -0.809 20.207 12.75 18.57
0.866 0.5 -0.695 -0.719 17.2063 12.71 17.134
0.966 0.259 -0.766 -0.643 9.986 12.48 2.0586
1 0 -0.883 -0.47 6.9144 12.08 4.4817
0.966 -0.259 -0.94 -0.342 6.0482 11.70 5.0236
0.866 -0.5 -0.978 -0.208 11.8962 11.64 12.593
0.707 -0.707 -0.978 -0.208 15.7139 11.27 17.13
0.5 -0.866 -0.978 -0.208 18.2022 10.69 23.862
0.259 -0.966 -0.978 -0.208 17.159 10.12 23.582
0 -1 -0.97 -0.242 15.1201 9.99 16.953
-0.259 -0.966 -0.951 -0.309 13.4675 9.67 9.6592
-0.5 -0.866 -0.883 -0.47 14.1008 9.19 14.058
-0.707 -0.707 -0.788 -0.616 14.2559 8.78 17.17
-0.866 -0.5 -0.643 -0.766 14.5378 9.01 16.419
-0.966 -0.259 -0.407 -0.914 15.5136 10.26 15.122
-1 0 -0.242 -0.97 16.9735 11.78 15.199
-0.966 0.259 -0.139 -0.99 20.2834 12.20 17.65
-0.866 0.5 -0.104 -0.995 23.3016 12.27 24.255
-0.707 0.707 -0.035 -0.999 24.8576 12.32 27.792
-0.5 0.866 -0.104 -0.995 25.9692 12.66 26.695
-0.259 0.966 -0.208 -0.978 25.3225 12.69 26.3
0 1 0.07 -0.998 23.721 13.08 25.188
0.259 0.966 0 -1 22.6249 13.08 22.613
0.5 0.866 -0.276 -0.961 21.3543 13.08 27.922
0.707 0.707 -0.588 -0.809 20.207 13.29 25.627
-0.259 0.966 -0.208 -0.978 25.3225 11.59 27.872
0 1 -0.07 -0.998 23.721 11.72 24.876
0.259 0.966 -0.208 -0.978 22.6249 11.50 25.291
0.5 0.866 -0.407 -0.914 21.3543 11.18 26.457
0.707 0.707 -0.616 -0.788 20.207 10.74 22.975
0.866 0.5 -0.719 -0.695 17.2063 10.69 17.382
0.966 0.259 -0.719 -0.695 9.986 10.52 2.6145
1 0 -0.669 -0.743 6.9144 10.16 1.4318
0.966 -0.259 -0.669 -0.743 6.0482 9.65 3.134
0.866 -0.5 -0.695 -0.719 11.8962 9.07 7.9145
0.707 -0.707 -0.695 -0.719 15.7139 8.48 12.174
0.5 -0.866 -0.719 -0.695 18.2022 7.97 10.524
0.259 -0.966 -0.829 -0.559 17.159 7.68 5.9905
0 -1 -0.914 -0.407 15.1201 7.93 8.5935
-0.259 -0.966 -0.927 -0.375 13.4675 8.30 12.111
-0.5 -0.866 -0.883 -0.47 14.1008 8.50 10.454
-0.707 -0.707 -0.883 -0.47 14.2559 8.50 8.8759
-0.866 -0.5 -0.927 -0.375 14.5378 8.59 11.538
-0.966 -0.259 -0.616 -0.788 15.5136 10.57 11.727
-1 0 -0.07 -0.998 16.9735 11.67 12.319
-0.966 0.259 0.208 -0.978 20.2834 11.56 16.744
-0.866 0.5 0.174 -0.985 23.3016 11.44 13.553
-0.707 0.707 -0.035 -0.999 24.8576 12.26 14.205
-0.5 0.866 -0.174 -0.985 25.9692 12.39 19.962
-0.259 0.966 -0.309 -0.951 25.3225 12.07 19.127
0 1 -0.035 -0.999 23.721 12.12 19.172
0.259 0.966 -0.104 -0.995 22.6249 12.13 19.149
0.5 0.866 -0.208 -0.978 21.3543 11.61 18.86
0.707 0.707 -0.276 -0.961 20.207 11.39 17.888
0.866 0.5 -0.342 -0.94 17.2063 11.00 14.907
0.966 0.259 -0.407 -0.914 9.986 10.68 15.961
1 0 -0.559 -0.829 6.9144 10.72 14.069
0.966 -0.259 -0.669 -0.743 6.0482 10.22 0.5104
0.866 -0.5 -0.788 -0.616 11.8962 10.07 3.6265
0.707 -0.707 -0.788 -0.616 15.7139 10.25 9.2477
0.5 -0.866 -0.766 -0.643 18.2022 10.21 11.36
0.259 -0.966 -0.766 -0.643 17.159 9.92 8.847
0 -1 -0.766 -0.643 15.1201 9.66 11.401
-0.259 -0.966 -0.719 -0.695 13.4675 9.86 9.1892
-0.5 -0.866 -0.643 -0.766 14.1008 9.91 14.274
-0.707 -0.707 -0.559 -0.829 14.2559 9.98 9.4395
-0.866 -0.5 -0.438 -0.899 14.5378 10.17 11.661
-0.966 -0.259 -0.309 -0.951 15.5136 10.45 11.619
-1 0 -0.242 -0.97 16.9735 10.86 15.863
-0.966 0.259 -0.139 -0.99 20.2834 11.02 16.834
-0.866 0.5 -0.104 -0.995 23.3016 11.18 19.8
-0.707 0.707 -0.139 -0.99 24.8576 11.44 21.745
-0.5 0.866 -0.208 -0.978 25.9692 11.89 20.892
-0.259 0.966 -0.309 -0.951 25.3225 12.02 19.147
0 1 0.07 -0.998 23.721 11.66 23.73
0.259 0.966 0.035 -0.999 22.6249 11.72 24.887
0.5 0.866 -0.035 -0.999 21.3543 11.51 22.674
0.707 0.707 -0.139 -0.99 20.207 11.45 21.898
0.866 0.5 -0.242 -0.97 17.2063 11.25 17.173
0.966 0.259 -0.242 -0.97 9.986 10.53 13.114
1 0 -0.342 -0.94 6.9144 10.21 10.691
0.966 -0.259 -0.53 -0.848 6.0482 10.24 0.40448
0.866 -0.5 -0.695 -0.719 11.8962 10.10 1.3612
0.707 -0.707 -0.766 -0.643 15.7139 9.62 8.3818
0.5 -0.866 -0.829 -0.559 18.2022 9.36 13.595
0.259 -0.966 -0.866 -0.5 17.159 9.01 13.079
0 -1 -0.829 -0.559 15.1201 8.73 12.496
-0.259 -0.966 -0.719 -0.695 13.4675 8.75 11.52
-0.5 -0.866 -0.53 -0.848 14.1008 8.89 10.884
-0.707 -0.707 -0.342 -0.94 14.2559 8.51 9.4785
-0.866 -0.5 -0.208 -0.978 14.5378 8.56 12.235
-0.966 -0.259 -0.07 -0.998 15.5136 9.20 17.018
-1 0 0.035 -0.999 16.9735 10.33 16.303
-0.966 0.259 0.035 -0.999 20.2834 11.68 20.638
-0.866 0.5 0.035 -0.999 23.3016 12.08 23.356
-0.707 0.707 0.07 -0.998 24.8576 12.11 26.987
-0.5 0.866 0.105 -0.995 25.9692 12.50 28.895
-0.259 0.966 0 -1 25.3225 12.87 27.902
0 1 -0.07 -0.998 23.721 12.85 28.076
0.259 0.966 -0.174 -0.985 22.6249 12.36 28.937
0.5 0.866 -0.342 -0.94 21.3543 11.98 27.212
0.707 0.707 -0.5 -0.866 20.207 11.57 25.147
0.866 0.5 -0.616 -0.788 17.2063 11.21 26.488
0.966 0.259 -0.643 -0.766 9.986 10.74 11.549
1 0 -0.695 -0.719 6.9144 10.34 7.2635
0.966 -0.259 -0.719 -0.695 6.0482 9.60 8.7533
0.866 -0.5 -0.809 -0.588 11.8962 8.94 17.56
0.707 -0.707 -0.899 -0.438 15.7139 8.30 19.828
0.5 -0.866 -0.951 -0.309 18.2022 8.34 17.944
0.259 -0.966 -0.97 -0.242 17.159 8.88 16.882
0 -1 -0.914 -0.407 15.1201 9.57 15.827
-0.259 -0.966 -0.766 -0.643 13.4675 9.57 17.871
-0.5 -0.866 -0.588 -0.809 14.1008 8.95 14.999
-0.707 -0.707 -0.375 -0.927 14.2559 8.40 16.555
-0.866 -0.5 -0.104 -0.995 14.5378 8.21 14.508
-0.966 -0.259 0.105 -0.995 15.5136 8.21 13.065
-1 0 0.208 -0.978 16.9735 8.39 16.689
-0.966 0.259 0.242 -0.97 20.2834 8.75 24.193
-0.866 0.5 0.208 -0.978 23.3016 9.41 30.452
-0.707 0.707 0.174 -0.985 24.8576 10.18 29.418
-0.5 0.866 0.139 -0.99 25.9692 10.59 29.642
-0.259 0.966 0.07 -0.998 25.3225 10.73 30.255
0 1 -0.242 -0.97 23.721 12.60 28.904
0.259 0.966 -0.342 -0.94 22.6249 12.32 23.527
0.5 0.866 -0.438 -0.899 21.3543 11.92 24.214
0.707 0.707 -0.53 -0.848 20.207 11.58 20.214
0.866 0.5 -0.588 -0.809 17.2063 11.46 17.086
0.966 0.259 -0.643 -0.766 9.986 11.38 3.8276
1 0 -0.719 -0.695 6.9144 11.26 4.1106
0.966 -0.259 -0.788 -0.616 6.0482 11.21 1.4045
0.866 -0.5 -0.809 -0.588 11.8962 11.01 13.414
0.707 -0.707 -0.809 -0.588 15.7139 10.72 15.155
0.5 -0.866 -0.788 -0.616 18.2022 10.09 12.972
0.259 -0.966 -0.809 -0.588 17.159 9.50 18.977
0 -1 -0.829 -0.559 15.1201 9.35 13.07
-0.259 -0.966 -0.829 -0.559 13.4675 9.07 9.6371
-0.5 -0.866 -0.766 -0.643 14.1008 8.64 6.5133
-0.707 -0.707 -0.669 -0.743 14.2559 8.39 7.9321
-0.866 -0.5 -0.5 -0.866 14.5378 8.85 10.333
-0.966 -0.259 -0.342 -0.94 15.5136 9.64 10.478
-1 0 -0.174 -0.985 16.9735 10.55 12.241
-0.966 0.259 -0.07 -0.998 20.2834 11.06 16.039
-0.866 0.5 0 -1 23.3016 11.57 23.295
-0.707 0.707 0.035 -0.999 24.8576 12.43 22.508
-0.5 0.866 -0.07 -0.998 25.9692 13.25 28.978
-0.259 0.966 -0.208 -0.978 25.3225 13.89 30.309