0 1 -0.94 -0.342 25.9357 13.33 13.483
0.259 0.966 -0.999 -0.035 24.0265 13.09 3.1625
0.5 0.866 -0.99 0.139 20.3908 12.42 1.751
0.866 0.5 -0.94 0.342 11.8155 11.66 2.2022
0.966 -0.259 -0.788 0.616 5.0672 11.06 0.65285
0.866 -0.5 -0.719 0.695 10.064 10.85 2.7679
0.707 -0.707 -0.743 0.669 14.7706 10.63 11.222
0.5 -0.866 -0.766 0.643 16.1729 10.78 12.402
0.259 -0.966 -0.809 0.588 16.8858 11.35 17.155
0 -1 -0.848 0.53 16.5243 12.12 17.815
-0.259 -0.966 -0.94 0.342 15.9245 12.94 13.527
-0.5 -0.866 -1 0 15.7269 12.67 12.842
-0.707 -0.707 -0.914 -0.407 16.6949 12.18 15.719
-0.866 -0.5 -0.788 -0.616 19.1105 11.55 14.764
-1 0 -0.669 -0.743 19.6392 11.36 14.002
-0.966 0.259 -0.588 -0.809 21.3598 10.96 14.637
-0.866 0.5 -0.559 -0.829 23.381 10.66 17.698
-0.707 0.707 -0.559 -0.829 25.7165 10.38 20.745
-0.5 0.866 -0.669 -0.743 26.5908 9.87 20.07
-0.259 0.966 -0.809 -0.588 26.5455 9.06 14.044
0 1 -0.559 -0.829 25.9357 13.39 8.0407
0.259 0.966 -0.695 -0.719 24.0265 13.47 5.4522
0.5 0.866 -0.788 -0.616 20.3908 12.86 4.7201
0.707 0.707 -0.866 -0.5 16.3658 12.23 2.7648
0.866 0.5 -0.927 -0.375 11.8155 11.73 3.4081
0.966 0.259 -0.97 -0.242 8.9619 11.04 3.1493
1 0 -0.985 -0.174 6.965 10.60 5.6582
0.966 -0.259 -0.985 -0.174 5.0672 10.02 3.7772
0.866 -0.5 -0.99 -0.139 10.064 9.20 0.47572
0 -1 -0.883 0.469 16.5243 7.61 5.8509
-0.259 -0.966 -0.97 0.242 15.9245 8.33 7.396
-0.5 -0.866 -0.998 0.07 15.7269 9.10 5.8382
-0.707 -0.707 -0.998 0.07 16.6949 8.74 4.6497
-0.866 -0.5 -0.978 -0.208 19.1105 8.05 6.3712
-0.966 -0.259 -0.743 -0.669 19.1922 8.02 5.0121
-1 0 -0.469 -0.883 19.6392 8.73 3.4066
-0.966 0.259 -0.342 -0.94 21.3598 9.02 8.8327
-0.866 0.5 -0.342 -0.94 23.381 9.06 8.3871
-0.707 0.707 -0.375 -0.927 25.7165 9.53 10.852
-0.5 0.866 -0.469 -0.883 26.5908 10.25 11.996
-0.259 0.966 -0.588 -0.809 26.5455 10.59 15.209
0 1 -0.5 -0.866 25.9357 12.77 19.669
0.259 0.966 -0.616 -0.788 24.0265 12.28 22.728
0.5 0.866 -0.743 -0.669 20.3908 12.11 21.474
0.707 0.707 -0.829 -0.559 16.3658 12.51 17.575
0.866 0.5 -0.866 -0.5 11.8155 12.51 7.4728
0.966 0.259 -0.914 -0.407 8.9619 12.17 2.104
1 0 -0.961 -0.276 6.965 11.84 2.2804
0.966 -0.259 -0.995 -0.105 5.0672 11.57 0.61643
0.866 -0.5 -0.999 0.035 10.064 11.41 0.73416
-0.259 -0.966 -0.99 0.139 15.9245 9.91 5.7299
-0.5 -0.866 -0.995 0.104 15.7269 9.51 3.2796
-0.707 -0.707 -0.999 0.035 16.6949 9.36 3.9304
-0.866 -0.5 -0.99 -0.139 19.1105 9.22 4.9435
-0.966 -0.259 -0.899 -0.438 19.1922 9.20 8.3446
-1 0 -0.719 -0.695 19.6392 9.65 6.8022
-0.966 0.259 -0.616 -0.788 21.3598 10.31 7.3399
-0.866 0.5 -0.695 -0.719 23.381 10.94 14.959
-0.707 0.707 -0.809 -0.588 25.7165 11.60 26.769
-0.5 0.866 -0.848 -0.53 26.5908 12.46 24.332
-0.259 0.966 -0.848 -0.53 26.5455 13.13 25.753
0 1 -0.914 -0.407 25.9357 13.94 16.447
0.259 0.966 -0.94 -0.342 24.0265 13.12 6.7146
0.5 0.866 -0.94 -0.342 20.3908 12.67 5.9813
0.707 0.707 -0.951 -0.309 16.3658 13.27 2.3045
0.866 0.5 -0.97 -0.242 11.8155 13.87 2.0123
0.966 0.259 -0.995 -0.105 8.9619 13.94 1.3811
1 0 -0.998 0.07 6.965 13.91 4.7613
0.966 -0.259 -0.985 0.174 5.0672 14.19 1.8991
0.866 -0.5 -0.985 0.174 10.064 14.29 10.198
0.707 -0.707 -0.995 0.104 14.7706 14.34 13.874
0.5 -0.866 -0.99 0.139 16.1729 13.61 17.18
0.259 -0.966 -0.97 0.242 16.8858 13.02 17.666
0 -1 -0.985 0.174 16.5243 12.49 17.08
-0.259 -0.966 -0.999 0.035 15.9245 11.75 15.715
-0.5 -0.866 -0.985 -0.174 15.7269 11.24 13.969
-0.707 -0.707 -0.914 -0.407 16.6949 11.68 15.855
-0.866 -0.5 -0.809 -0.588 19.1105 11.67 20.505
-0.966 -0.259 -0.695 -0.719 19.1922 10.54 19.616
-1 0 -0.559 -0.829 19.6392 9.62 18.522
-0.966 0.259 -0.342 -0.94 21.3598 9.84 14.897
-0.866 0.5 -0.276 -0.961 23.381 11.21 20.891
-0.707 0.707 -0.438 -0.899 25.7165 12.22 27.701
-0.5 0.866 -0.669 -0.743 26.5908 12.05 30.44
0 1 -0.809 -0.588 25.9357 11.72 29.103
0.259 0.966 -0.829 -0.559 24.0265 12.10 25.514
0.5 0.866 -0.848 -0.53 20.3908 12.28 26.564
0.707 0.707 -0.899 -0.438 16.3658 12.22 20.444
0.866 0.5 -0.961 -0.276 11.8155 11.64 7.7856
0.966 -0.259 -0.883 0.469 5.0672 8.41 0.43052
0.866 -0.5 -0.743 0.669 10.064 8.21 2.3544
0.707 -0.707 -0.766 0.643 14.7706 8.40 7.7281
0.5 -0.866 -0.719 0.695 16.1729 7.12 10.214
0.259 -0.966 -0.951 0.309 16.8858 8.24 9.3185
0 -1 -0.995 -0.105 16.5243 10.43 17.564
-0.259 -0.966 -0.743 -0.669 15.9245 11.32 19.896
-0.5 -0.866 -0.669 -0.743 15.7269 11.92 18.125
-0.707 -0.707 -0.616 -0.788 16.6949 12.36 21.602
-0.866 -0.5 -0.5 -0.866 19.1105 12.41 28.883
-0.966 -0.259 -0.375 -0.927 19.1922 12.38 27.491
-1 0 -0.309 -0.951 19.6392 12.30 26.48
-0.966 0.259 -0.276 -0.961 21.3598 12.05 25.609
-0.866 0.5 -0.276 -0.961 23.381 11.84 24.131
-0.707 0.707 -0.242 -0.97 25.7165 11.90 30.61
-0.5 0.866 -0.309 -0.951 26.5908 12.19 27.333
-0.259 0.966 -0.375 -0.927 26.5455 12.32 29.226
0 1 -0.588 -0.809 25.9357 13.05 29.211
0.259 0.966 -0.695 -0.719 24.0265 12.90 30.753
0.5 0.866 -0.766 -0.643 20.3908 12.24 26.353
0.707 0.707 -0.788 -0.616 16.3658 11.45 12.757
0.866 0.5 -0.809 -0.588 11.8155 10.86 6.7776
0.966 0.259 -0.848 -0.53 8.9619 10.57 7.8155
1 0 -0.848 -0.53 6.965 10.20 2.8304
0.966 -0.259 -0.883 -0.47 5.0672 9.57 4.0686
0.866 -0.5 -0.927 -0.375 10.064 9.03 11.094
0.707 -0.707 -0.961 -0.276 14.7706 8.90 23.702
0.5 -0.866 -0.985 -0.174 16.1729 8.97 24.797
0.259 -0.966 -0.999 -0.035 16.8858 8.87 21.17
0 -1 -0.995 0.104 16.5243 8.86 22.245
-0.259 -0.966 -0.998 0.07 15.9245 8.90 18.165
-0.5 -0.866 -0.978 -0.208 15.7269 8.93 16.611
-0.707 -0.707 -0.829 -0.559 16.6949 8.94 19.678
-0.866 -0.5 -0.616 -0.788 19.1105 9.15 12.608
-0.966 -0.259 -0.438 -0.899 19.1922 9.86 9.1149
-1 0 -0.342 -0.94 19.6392 10.88 13.927
-0.966 0.259 -0.342 -0.94 21.3598 11.90 20.559
-0.866 0.5 -0.375 -0.927 23.381 12.68 29.975
-0.707 0.707 -0.438 -0.899 25.7165 13.15 29.962
-0.5 0.866 -0.5 -0.866 26.5908 13.36 30.421
-0.259 0.966 -0.559 -0.829 26.5455 13.24 30.201
0 1 -0.276 -0.961 25.9357 11.52 27.575
0.259 0.966 -0.375 -0.927 24.0265 11.81 28.023
0.5 0.866 -0.469 -0.883 20.3908 12.10 24.036
0.707 0.707 -0.616 -0.788 16.3658 11.78 18.824
0.866 0.5 -0.788 -0.616 11.8155 11.38 5.481
0.966 0.259 -0.883 -0.47 8.9619 11.36 3.7003
1 0 -0.927 -0.375 6.965 11.44 2.6266
0.966 -0.259 -0.961 -0.276 5.0672 11.41 3.7737
0.866 -0.5 -0.951 -0.309 10.064 11.79 17.179
0.707 -0.707 -0.899 -0.438 14.7706 12.16 22.6
0.5 -0.866 -0.866 -0.5 16.1729 11.57 21.646
0.259 -0.966 -0.848 -0.53 16.8858 10.85 21.073
0 -1 -0.809 -0.588 16.5243 10.32 12.494
-0.259 -0.966 -0.743 -0.669 15.9245 10.04 11.449
-0.5 -0.866 -0.669 -0.743 15.7269 9.71 11.126
-0.707 -0.707 -0.588 -0.809 16.6949 9.04 11.976
-0.866 -0.5 -0.469 -0.883 19.1105 8.38 10.842
-0.966 -0.259 -0.276 -0.961 19.1922 8.22 12.042
-1 0 -0.139 -0.99 19.6392 8.44 11.383
-0.966 0.259 -0.104 -0.995 21.3598 8.72 12.107
-0.866 0.5 -0.139 -0.99 23.381 9.24 18.599
-0.707 0.707 -0.139 -0.99 25.7165 10.01 21.438
-0.5 0.866 -0.174 -0.985 26.5908 10.94 25.273
-0.259 0.966 -0.208 -0.978 26.5455 11.41 26.947
0 1 -0.342 -0.94 25.9357 12.94 22.204
0.259 0.966 -0.469 -0.883 24.0265 13.02 26.327
0.5 0.866 -0.559 -0.829 20.3908 12.95 19.486
0.707 0.707 -0.643 -0.766 16.3658 12.98 20.842
0.866 0.5 -0.695 -0.719 11.8155 12.74 17.664
0.966 0.259 -0.743 -0.669 8.9619 12.62 17.328
1 0 -0.766 -0.643 6.965 12.40 13.196
0.966 -0.259 -0.809 -0.588 5.0672 12.21 5.0296
0.866 -0.5 -0.848 -0.53 10.064 11.99 9.9998
0.707 -0.707 -0.866 -0.5 14.7706 12.00 11.875
0.5 -0.866 -0.883 -0.47 16.1729 11.92 17.692
0.259 -0.966 -0.914 -0.407 16.8858 11.77 23.198
0 -1 -0.927 -0.375 16.5243 11.67 16.093
-0.259 -0.966 -0.914 -0.407 15.9245 11.28 15.066
-0.5 -0.866 -0.883 -0.47 15.7269 10.84 14.597
-0.707 -0.707 -0.809 -0.588 16.6949 10.27 11.62
-0.866 -0.5 -0.695 -0.719 19.1105 10.04 9.7597
-0.966 -0.259 -0.53 -0.848 19.1922 9.97 12.383
-1 0 -0.342 -0.94 19.6392 10.18 17.076
-0.966 0.259 -0.242 -0.97 21.3598 10.53 16.912
-0.866 0.5 -0.276 -0.961 23.381 11.07 23.732
-0.707 0.707 -0.342 -0.94 25.7165 12.03 26.825
-0.5 0.866 -0.407 -0.914 26.5908 13.06 30.455
-0.259 0.966 -0.588 -0.809 26.5455 14.05 30.061
0 1 -0.208 -0.978 25.9357 12.52 30.063
0.259 0.966 -0.407 -0.914 24.0265 12.80 28.973
0.5 0.866 -0.53 -0.848 20.3908 12.51 28.887
0.707 0.707 -0.588 -0.809 16.3658 12.14 29.392
0.866 0.5 -0.616 -0.788 11.8155 12.41 15.85
0.966 0.259 -0.669 -0.743 8.9619 12.36 8.7292
1 0 -0.695 -0.719 6.965 12.30 9.9429
0.966 -0.259 -0.719 -0.695 5.0672 12.17 4.1384
0.866 -0.5 -0.788 -0.616 10.064 12.45 12.854
0.707 -0.707 -0.788 -0.616 14.7706 12.42 24.37
0.5 -0.866 -0.788 -0.616 16.1729 12.50 26.339
0.259 -0.966 -0.809 -0.588 16.8858 12.48 22.067
0 -1 -0.766 -0.643 16.5243 12.28 18.239
-0.259 -0.966 -0.766 -0.643 15.9245 11.46 22.777
-0.5 -0.866 -0.809 -0.588 15.7269 10.80 20.748
-0.707 -0.707 -0.829 -0.559 16.6949 10.08 22.131
-0.866 -0.5 -0.766 -0.643 19.1105 9.66 22.553
-0.966 -0.259 -0.559 -0.829 19.1922 9.61 22.671
-1 0 -0.342 -0.94 19.6392 10.10 23.904
-0.966 0.259 -0.242 -0.97 21.3598 10.96 29.074
-0.866 0.5 -0.208 -0.978 23.381 11.39 28.92
-0.707 0.707 -0.309 -0.951 25.7165 11.39 28.866
-0.5 0.866 -0.407 -0.914 26.5908 10.68 28.727
-0.259 0.966 -0.53 -0.848 26.5455 9.32 27.359
0 1 -0.469 -0.883 25.9357 12.84 28.746
0.259 0.966 -0.559 -0.829 24.0265 12.71 24.186
0.5 0.866 -0.588 -0.809 20.3908 12.58 20.822
0.707 0.707 -0.616 -0.788 16.3658 12.31 10.355
0.866 0.5 -0.669 -0.743 11.8155 12.10 4.2795
0.966 0.259 -0.719 -0.695 8.9619 11.87 4.5586
1 0 -0.766 -0.643 6.965 11.54 2.8721
0.966 -0.259 -0.829 -0.559 5.0672 11.35 1.9718
0.866 -0.5 -0.883 -0.47 10.064 11.12 0.62489
0.707 -0.707 -0.927 -0.375 14.7706 10.87 1.5755
0.5 -0.866 -0.961 -0.276 16.1729 10.40 2.9148
0.259 -0.966 -0.998 -0.07 16.8858 9.90 9.7007
0 -1 -1 0 16.5243 10.05 18.346
-0.259 -0.966 -0.99 -0.139 15.9245 10.48 22.176
-0.5 -0.866 -0.94 -0.342 15.7269 10.32 21.965
-0.707 -0.707 -0.914 -0.407 16.6949 9.24 23.83
-0.866 -0.5 -0.829 -0.559 19.1105 9.44 26.493
-0.966 -0.259 -0.643 -0.766 19.1922 10.48 22.364
-1 0 -0.5 -0.866 19.6392 10.63 23.251
-0.966 0.259 -0.309 -0.951 21.3598 8.99 24.947
-0.866 0.5 -0.035 -0.999 23.381 8.73 27.985
0 1 -0.559 -0.829 25.9357 11.66 29.901
0.259 0.966 -0.719 -0.695 24.0265 12.13 26.279
0.5 0.866 -0.829 -0.559 20.3908 12.03 10.641
0.707 0.707 -0.927 -0.375 16.3658 11.48 7.6548
0.866 0.5 -0.951 -0.309 11.8155 11.53 5.2786
0.966 0.259 -0.951 -0.309 8.9619 11.97 1.6249
1 0 -0.978 -0.208 6.965 12.45 0.63539
0.966 -0.259 -0.99 -0.139 5.0672 12.92 3.1079
0.866 -0.5 -0.99 -0.139 10.064 13.05 18.38
0.707 -0.707 -0.985 -0.174 14.7706 12.75 17.048
0.5 -0.866 -0.978 -0.208 16.1729 12.28 8.708
0.259 -0.966 -0.978 -0.208 16.8858 11.47 4.3245
0 -1 -0.97 -0.242 16.5243 10.80 6.7775
-0.259 -0.966 -0.961 -0.276 15.9245 10.65 5.451
-0.5 -0.866 -0.961 -0.276 15.7269 10.28 7.0831
-0.707 -0.707 -0.927 -0.375 16.6949 9.46 14.73
-0.866 -0.5 -0.883 -0.47 19.1105 8.87 29.448
-0.966 -0.259 -0.743 -0.669 19.1922 8.68 28.135
-1 0 -0.616 -0.788 19.6392 9.95 26.093
-0.966 0.259 -0.407 -0.914 21.3598 11.80 28.52
-0.866 0.5 -0.242 -0.97 23.381 14.30 29.982
-0.707 0.707 -0.208 -0.978 25.7165 14.21 24.588
-0.5 0.866 -0.276 -0.961 26.5908 14.56 24.034
-0.259 0.966 -0.407 -0.914 26.5455 14.63 29.43
0 1 -0.53 -0.848 25.9357 11.86 27.94
0.259 0.966 -0.588 -0.809 24.0265 12.22 28.188
0.5 0.866 -0.616 -0.788 20.3908 12.53 28.231
0.707 0.707 -0.643 -0.766 16.3658 12.28 23.549
0.866 0.5 -0.669 -0.743 11.8155 11.79 27.39
0.966 0.259 -0.788 -0.616 8.9619 11.30 24.991
1 0 -0.899 -0.438 6.965 10.39 17.2
0.966 -0.259 -0.848 -0.53 5.0672 11.01 11.919
0.866 -0.5 -0.914 -0.407 10.064 11.09 15.741
0.707 -0.707 -0.99 -0.139 14.7706 11.29 9.6167
0.5 -0.866 -0.99 0.139 16.1729 11.57 11.358
0.259 -0.966 -0.951 0.309 16.8858 11.82 9.9146
0 -1 -0.951 0.309 16.5243 11.68 11.685
-0.259 -0.966 -0.985 0.174 15.9245 11.26 16.321
-0.5 -0.866 -1 0 15.7269 10.92 12.541
-0.707 -0.707 -0.97 -0.242 16.6949 10.88 21.838
-0.866 -0.5 -0.848 -0.53 19.1105 11.43 27.012
-0.966 -0.259 -0.669 -0.743 19.1922 11.90 24.315
-1 0 -0.469 -0.883 19.6392 12.06 25.527
-0.966 0.259 -0.342 -0.94 21.3598 11.99 27.419
-0.866 0.5 -0.309 -0.951 23.381 11.67 26.884
-0.707 0.707 -0.309 -0.951 25.7165 11.75 26.652
-0.5 0.866 -0.407 -0.914 26.5908 11.61 27.074
-0.259 0.966 -0.616 -0.788 26.5455 11.93 28.238
0 1 -0.559 -0.829 25.9357 13.10 28.361
0.259 0.966 -0.669 -0.743 24.0265 12.21 29.216
0.5 0.866 -0.766 -0.643 20.3908 11.40 29.33
0.707 0.707 -0.848 -0.53 16.3658 11.91 26.301
0.866 0.5 -0.883 -0.47 11.8155 12.56 20.684
0.966 0.259 -0.914 -0.407 8.9619 12.43 17.211
1 0 -0.951 -0.309 6.965 12.03 8.066
0.966 -0.259 -0.978 -0.208 5.0672 11.45 3.16
0.866 -0.5 -0.995 -0.105 10.064 10.89 7.633
0.707 -0.707 -0.999 -0.035 14.7706 10.66 15.071
0.5 -0.866 -0.998 0.07 16.1729 10.27 18.908
0.259 -0.966 -0.978 0.208 16.8858 9.65 19.077
0 -1 -0.978 0.208 16.5243 9.20 21.851
-0.259 -0.966 -0.999 0.035 15.9245 8.94 18.589
-0.5 -0.866 -0.99 -0.139 15.7269 8.48 15.798
-0.707 -0.707 -0.951 -0.309 16.6949 7.77 9.634
-0.866 -0.5 -0.866 -0.5 19.1105 7.07 18.831
-0.966 -0.259 -0.766 -0.643 19.1922 6.47 17.354
-1 0 -0.616 -0.788 19.6392 7.78 17.911
-0.966 0.259 -0.469 -0.883 21.3598 11.43 26.776
-0.866 0.5 -0.469 -0.883 23.381 14.07 29.308
-0.707 0.707 -0.469 -0.883 25.7165 14.32 29.615
-0.5 0.866 -0.5 -0.866 26.5908 14.02 28.942
-0.259 0.966 -0.559 -0.829 26.5455 13.53 28.131
0 1 -0.407 -0.914 25.9357 12.02 28.103
0.259 0.966 -0.616 -0.788 24.0265 11.87 20.966
0.5 0.866 -0.743 -0.669 20.3908 11.25 7.825
0.707 0.707 -0.883 -0.47 16.3658 10.37 11.138
0.866 0.5 -0.961 -0.276 11.8155 10.06 5.6963
0.966 0.259 -0.961 -0.276 8.9619 10.81 1.8627
1 0 -0.951 -0.309 6.965 11.80 0.46734
0.966 -0.259 -0.914 -0.407 5.0672 11.98 5.8951
0.866 -0.5 -0.927 -0.375 10.064 11.09 7.3852
0.707 -0.707 -0.927 -0.375 14.7706 10.82 13.288
0.5 -0.866 -0.94 -0.342 16.1729 9.66 13.823
0.259 -0.966 -1 0 16.8858 8.01 17.324
0 -1 -0.94 0.342 16.5243 7.86 21.027
-0.259 -0.966 -0.978 0.208 15.9245 8.98 22.348
-0.5 -0.866 -0.998 -0.07 15.7269 9.47 19.568
-0.707 -0.707 -0.961 -0.276 16.6949 9.01 22.616
-0.866 -0.5 -0.788 -0.616 19.1105 8.97 21.993
-0.966 -0.259 -0.342 -0.94 19.1922 8.31 21.95
-1 0 0.07 -0.998 19.6392 8.15 19.181
-0.966 0.259 0.208 -0.978 21.3598 8.94 19.681
-0.866 0.5 0.07 -0.998 23.381 9.83 21.96
-0.707 0.707 -0.104 -0.995 25.7165 10.51 22.896
-0.5 0.866 -0.276 -0.961 26.5908 11.29 24.964
-0.259 0.966 -0.438 -0.899 26.5455 11.69 26.884
0 1 -0.695 -0.719 25.9357 10.95 26.423
0.259 0.966 -0.809 -0.588 24.0265 11.08 25.563
0.5 0.866 -0.848 -0.53 20.3908 10.95 23.628
0.707 0.707 -0.883 -0.47 16.3658 10.54 14.695
0.866 0.5 -0.899 -0.438 11.8155 10.15 3.3803
0.966 0.259 -0.899 -0.438 8.9619 10.04 3.1479
1 0 -0.866 -0.5 6.965 10.02 4.3719
0.966 -0.259 -0.866 -0.5 5.0672 9.71 3.2078
0.866 -0.5 -0.927 -0.375 10.064 9.34 4.9967
0.707 -0.707 -0.97 -0.242 14.7706 9.06 14.561
0.5 -0.866 -0.995 -0.105 16.1729 8.92 21.236
0.259 -0.966 -1 0 16.8858 9.01 26.751
0 -1 -0.999 -0.035 16.5243 9.25 18.761
-0.259 -0.966 -0.97 -0.242 15.9245 9.97 10.315
-0.5 -0.866 -0.788 -0.616 15.7269 11.18 10.674
-0.707 -0.707 -0.616 -0.788 16.6949 10.64 9.3187
-0.866 -0.5 -0.469 -0.883 19.1105 10.12 10.896
-0.966 -0.259 -0.375 -0.927 19.1922 10.22 8.5108
-1 0 -0.309 -0.951 19.6392 10.57 9.3163
-0.966 0.259 -0.242 -0.97 21.3598 10.88 10.47
-0.866 0.5 -0.242 -0.97 23.381 11.25 11.125
-0.707 0.707 -0.208 -0.978 25.7165 11.70 19.496
-0.5 0.866 -0.276 -0.961 26.5908 11.97 22.923
-0.259 0.966 -0.375 -0.927 26.5455 11.89 24.171
0 1 -0.407 -0.914 25.9357 12.14 23.796
0.259 0.966 -0.407 -0.914 24.0265 11.93 26.471
0.5 0.866 -0.309 -0.951 20.3908 11.77 24.135
0.707 0.707 -0.242 -0.97 16.3658 11.43 25.326
0.866 0.5 -0.208 -0.978 11.8155 10.45 23.854
0.966 0.259 -0.139 -0.99 8.9619 9.65 22.536
1 0 -0.139 -0.99 6.965 9.20 18.867
0.966 -0.259 -0.276 -0.961 5.0672 8.91 18.488
0.866 -0.5 -0.53 -0.848 10.064 8.69 18.565
0.707 -0.707 -0.695 -0.719 14.7706 8.53 18.282
0.5 -0.866 -0.848 -0.53 16.1729 8.59 14.02
0.259 -0.966 -0.927 -0.375 16.8858 8.98 21.103
0 -1 -0.94 -0.342 16.5243 9.37 18.458
-0.259 -0.966 -0.899 -0.438 15.9245 9.79 12.434
-0.5 -0.866 -0.809 -0.588 15.7269 9.64 15.841
-0.707 -0.707 -0.743 -0.669 16.6949 8.84 14.118
-0.866 -0.5 -0.669 -0.743 19.1105 7.69 17.588
-0.966 -0.259 -0.616 -0.788 19.1922 6.95 14.59
-1 0 -0.588 -0.809 19.6392 7.44 17.34
-0.966 0.259 -0.469 -0.883 21.3598 8.19 24.402
-0.866 0.5 -0.242 -0.97 23.381 8.99 27.997
-0.707 0.707 -0.174 -0.985 25.7165 10.25 29.273
-0.5 0.866 -0.242 -0.97 26.5908 11.38 29.69
-0.259 0.966 -0.342 -0.94 26.5455 11.45 28.203
0 1 -0.53 -0.848 25.9357 11.83 27.467
0.259 0.966 -0.643 -0.766 24.0265 12.00 27.593
0.5 0.866 -0.695 -0.719 20.3908 12.09 27.715
0.707 0.707 -0.743 -0.669 16.3658 10.96 26.87
0.866 0.5 -0.766 -0.643 11.8155 10.07 23.647
0.966 0.259 -0.829 -0.559 8.9619 9.68 18.284
1 0 -0.914 -0.407 6.965 9.22 11.551
0.966 -0.259 -0.961 -0.276 5.0672 9.06 7.1869
0.866 -0.5 -0.99 -0.139 10.064 9.12 12.796
0.707 -0.707 -0.995 -0.105 14.7706 9.31 19.391
0.5 -0.866 -0.995 -0.105 16.1729 9.45 24.813
0.259 -0.966 -0.995 -0.105 16.8858 9.25 20.251
0 -1 -0.978 -0.208 16.5243 9.04 16.988
-0.259 -0.966 -0.914 -0.407 15.9245 8.89 16.441
-0.5 -0.866 -0.719 -0.695 15.7269 8.36 12.156
-0.707 -0.707 -0.407 -0.914 16.6949 8.91 11.087
-0.866 -0.5 -0.469 -0.883 19.1105 9.81 10.223
-0.966 -0.259 -0.588 -0.809 19.1922 8.66 6.9707
-1 0 -0.469 -0.883 19.6392 8.20 7.7065
-0.966 0.259 -0.342 -0.94 21.3598 8.99 12.068
-0.866 0.5 -0.342 -0.94 23.381 9.87 18.433
-0.707 0.707 -0.276 -0.961 25.7165 10.53 20.92
-0.5 0.866 -0.276 -0.961 26.5908 11.15 24.298
-0.259 0.966 -0.375 -0.927 26.5455 11.37 27.587
0 1 -0.342 -0.94 25.9357 11.96 27.615
0.259 0.966 -0.469 -0.883 24.0265 11.12 28.014
0.5 0.866 -0.616 -0.788 20.3908 10.56 28.089
0.707 0.707 -0.788 -0.616 16.3658 10.26 25.153
0.866 0.5 -0.899 -0.438 11.8155 9.96 14.382
0.966 0.259 -0.951 -0.309 8.9619 9.49 5.6902
1 0 -0.985 -0.174 6.965 9.10 1.6649
0.966 -0.259 -0.995 -0.105 5.0672 9.23 4.2119
0.866 -0.5 -0.998 -0.07 10.064 9.62 14.269
0.707 -0.707 -0.995 -0.105 14.7706 9.80 11.976
0.5 -0.866 -0.978 -0.208 16.1729 9.72 24.909
0.259 -0.966 -0.94 -0.342 16.8858 9.54 20.061
0 -1 -0.866 -0.5 16.5243 9.85 21.146
-0.259 -0.966 -0.766 -0.643 15.9245 11.36 15.839
-0.5 -0.866 -0.695 -0.719 15.7269 11.53 20.156
-0.707 -0.707 -0.643 -0.766 16.6949 11.18 16.703
-0.866 -0.5 -0.559 -0.829 19.1105 10.90 19.156
-0.966 -0.259 -0.438 -0.899 19.1922 11.00 22.375
-1 0 -0.309 -0.951 19.6392 11.30 25.534
-0.966 0.259 -0.208 -0.978 21.3598 11.43 28.291
-0.866 0.5 -0.174 -0.985 23.381 11.60 29.441
-0.5 0.866 -0.276 -0.961 26.5908 13.31 29.246
0 1 -0.5 -0.866 25.9357 14.51 29.253
0.259 0.966 -0.616 -0.788 24.0265 14.71 26.923
0.5 0.866 -0.669 -0.743 20.3908 14.47 12.023
0.707 0.707 -0.766 -0.643 16.3658 13.78 8.1579
0.866 0.5 -0.829 -0.559 11.8155 12.64 6.2287
0.966 0.259 -0.899 -0.438 8.9619 11.84 4.9684
1 0 -0.94 -0.342 6.965 11.17 4.517
0.966 -0.259 -0.978 -0.208 5.0672 10.53 2.3265
0.866 -0.5 -0.99 -0.139 10.064 10.03 11.894
0.707 -0.707 -0.998 -0.07 14.7706 9.63 21.16
0.5 -0.866 -0.995 0.104 16.1729 9.77 18.125
0.259 -0.966 -0.978 0.208 16.8858 10.31 20.535
0 -1 -0.985 0.174 16.5243 10.57 21.562
-0.259 -0.966 -0.999 0.035 15.9245 10.71 19.642
-0.5 -0.866 -0.978 -0.208 15.7269 10.61 22.662
-0.707 -0.707 -0.914 -0.407 16.6949 10.41 26.095
-0.866 -0.5 -0.829 -0.559 19.1105 10.25 26.983
-0.966 -0.259 -0.719 -0.695 19.1922 10.20 26.636
-1 0 -0.616 -0.788 19.6392 10.44 27.765
-0.966 0.259 -0.53 -0.848 21.3598 11.06 26.612
-0.707 0.707 -0.438 -0.899 25.7165 13.18 29.693
-0.5 0.866 -0.438 -0.899 26.5908 13.42 29.471
0 1 -0.719 -0.695 25.9357 12.72 27.195
0.259 0.966 -0.829 -0.559 24.0265 12.28 24.622
0.5 0.866 -0.883 -0.47 20.3908 11.97 23.849
0.707 0.707 -0.914 -0.407 16.3658 11.84 16.455
0.866 0.5 -0.927 -0.375 11.8155 11.71 6.554
0.966 0.259 -0.951 -0.309 8.9619 11.47 3.6767
1 0 -0.978 -0.208 6.965 11.14 6.4599
0.966 -0.259 -0.999 -0.035 5.0672 11.00 2.5275
0.866 -0.5 -0.998 0.07 10.064 11.33 14.442
0.707 -0.707 -0.998 0.07 14.7706 11.56 17.301
0.5 -0.866 -0.999 0.035 16.1729 11.59 19.433
0.259 -0.966 -0.998 0.07 16.8858 11.46 15.83
0 -1 -0.999 0.035 16.5243 11.33 11.401
-0.259 -0.966 -0.999 -0.035 15.9245 11.02 8.0304
-0.5 -0.866 -0.985 -0.174 15.7269 10.43 9.1436
-0.707 -0.707 -0.951 -0.309 16.6949 9.76 10.461
-0.866 -0.5 -0.848 -0.53 19.1105 9.51 12.525
-0.966 -0.259 -0.695 -0.719 19.1922 10.05 15.198
-1 0 -0.588 -0.809 19.6392 10.36 17.162
-0.966 0.259 -0.53 -0.848 21.3598 10.39 21.459
-0.866 0.5 -0.438 -0.899 23.381 10.35 21.639
-0.707 0.707 -0.375 -0.927 25.7165 10.50 23.156
-0.5 0.866 -0.342 -0.94 26.5908 10.99 24.501
-0.259 0.966 -0.342 -0.94 26.5455 11.83 25.124
0 1 -0.5 -0.866 25.9357 10.84 24.699
0.259 0.966 -0.669 -0.743 24.0265 10.94 21.086
0.5 0.866 -0.766 -0.643 20.3908 11.06 17.402
0.707 0.707 -0.848 -0.53 16.3658 11.05 12.694
0.866 0.5 -0.883 -0.47 11.8155 11.05 2.0864
0.966 0.259 -0.899 -0.438 8.9619 11.04 1.1595
1 0 -0.927 -0.375 6.965 10.78 3.2944
0.966 -0.259 -0.961 -0.276 5.0672 10.65 1.6338
0.866 -0.5 -0.978 -0.208 10.064 10.45 17.108
0.707 -0.707 -0.985 -0.174 14.7706 10.28 16.893
0.5 -0.866 -0.985 -0.174 16.1729 9.95 17.411
0.259 -0.966 -0.995 -0.105 16.8858 9.35 16.053
0 -1 -0.999 -0.035 16.5243 8.58 13.818
-0.259 -0.966 -0.999 -0.035 15.9245 7.86 16.187
-0.5 -0.866 -0.995 -0.105 15.7269 7.12 12.108
-0.707 -0.707 -0.978 -0.208 16.6949 6.49 14.71
-0.866 -0.5 -0.829 -0.559 19.1105 6.14 14.415
-0.966 -0.259 -0.375 -0.927 19.1922 7.94 15.293
-1 0 -0.104 -0.995 19.6392 9.66 16.173
-0.966 0.259 -0.07 -0.998 21.3598 10.63 17.009
-0.866 0.5 -0.07 -0.998 23.381 11.08 17.239
-0.707 0.707 -0.07 -0.998 25.7165 11.41 21.06
-0.5 0.866 -0.07 -0.998 26.5908 11.72 24.269
-0.259 0.966 -0.139 -0.99 26.5455 12.11 24.67
0 1 -0.309 -0.951 25.9357 10.74 23.982
0.259 0.966 -0.469 -0.883 24.0265 11.53 19.31
0.5 0.866 -0.588 -0.809 20.3908 11.92 23.777
0.707 0.707 -0.669 -0.743 16.3658 11.68 23.124
0.866 0.5 -0.695 -0.719 11.8155 11.43 20.332
0.966 0.259 -0.695 -0.719 8.9619 11.59 14.577
1 0 -0.743 -0.669 6.965 11.79 11.227
0.966 -0.259 -0.788 -0.616 5.0672 11.75 20.279
0.866 -0.5 -0.809 -0.588 10.064 11.87 21.515
0.707 -0.707 -0.766 -0.643 14.7706 12.39 23.746
0.5 -0.866 -0.669 -0.743 16.1729 13.07 22.506
0.259 -0.966 -0.616 -0.788 16.8858 12.71 21.029
0 -1 -0.616 -0.788 16.5243 11.95 21.381
-0.259 -0.966 -0.643 -0.766 15.9245 11.25 20.716
-0.5 -0.866 -0.643 -0.766 15.7269 10.40 16.713
-0.707 -0.707 -0.588 -0.809 16.6949 9.46 18.823
-0.866 -0.5 -0.438 -0.899 19.1105 8.95 22.45
-0.966 -0.259 -0.208 -0.978 19.1922 9.04 22.531
-1 0 -0.035 -0.999 19.6392 9.80 17.889
-0.966 0.259 0 -1 21.3598 11.01 21.255
-0.866 0.5 -0.035 -0.999 23.381 12.36 27.229
-0.707 0.707 -0.07 -0.998 25.7165 13.59 30.454
-0.5 0.866 -0.139 -0.99 26.5908 14.53 29.511
-0.259 0.966 -0.242 -0.97 26.5455 14.96 27.828
0 1 -0.407 -0.914 25.9357 13.90 29.276
0.259 0.966 -0.53 -0.848 24.0265 14.27 28.86
0.5 0.866 -0.588 -0.809 20.3908 14.11 28.047
0.707 0.707 -0.643 -0.766 16.3658 13.29 14.017
0.866 0.5 -0.719 -0.695 11.8155 12.28 16.016
0.966 0.259 -0.766 -0.643 8.9619 11.74 11.398
1 0 -0.788 -0.616 6.965 11.58 6.4185
0.966 -0.259 -0.829 -0.559 5.0672 11.51 8.4518
0.866 -0.5 -0.866 -0.5 10.064 11.42 14.322
0.707 -0.707 -0.914 -0.407 14.7706 11.34 15.886
0.5 -0.866 -0.94 -0.342 16.1729 11.37 16.236
0.259 -0.966 -0.961 -0.276 16.8858 11.67 20.148
0 -1 -0.899 -0.438 16.5243 11.98 24.503
-0.259 -0.966 -0.719 -0.695 15.9245 12.80 21.34
-0.5 -0.866 -0.719 -0.695 15.7269 10.99 26.176
-0.707 -0.707 -0.743 -0.669 16.6949 9.32 27.619
-0.866 -0.5 -0.669 -0.743 19.1105 9.01 29.492
-0.966 -0.259 -0.53 -0.848 19.1922 9.15 29.098
-1 0 -0.407 -0.914 19.6392 9.69 29.51
-0.966 0.259 -0.375 -0.927 21.3598 10.04 26.373
-0.866 0.5 -0.407 -0.914 23.381 10.41 28.629
-0.707 0.707 -0.407 -0.914 25.7165 11.25 29.915
-0.5 0.866 -0.5 -0.866 26.5908 12.10 28.864
0 1 -0.719 -0.695 25.9357 13.72 30.476
0.259 0.966 -0.788 -0.616 24.0265 13.40 30.209
0.5 0.866 -0.866 -0.5 20.3908 12.87 29.458
0.707 0.707 -0.927 -0.375 16.3658 12.22 29.367
0.866 0.5 -0.97 -0.242 11.8155 11.92 24.643
0.966 0.259 -0.978 -0.208 8.9619 12.03 21.648
1 0 -0.978 -0.208 6.965 12.01 16.066
0.966 -0.259 -0.985 -0.174 5.0672 11.61 12.141
0.866 -0.5 -0.995 -0.105 10.064 11.20 13.566
0.707 -0.707 -0.99 -0.139 14.7706 10.93 9.0951
0.5 -0.866 -0.978 -0.208 16.1729 10.68 11.969
0.259 -0.966 -0.978 -0.208 16.8858 10.20 15.566
0 -1 -0.985 -0.174 16.5243 9.55 14.365
-0.259 -0.966 -0.961 -0.276 15.9245 9.22 13.241
-0.5 -0.866 -0.883 -0.47 15.7269 9.19 11.664
-0.707 -0.707 -0.695 -0.719 16.6949 9.28 7.69
-0.866 -0.5 -0.53 -0.848 19.1105 9.79 11.179
-0.966 -0.259 -0.375 -0.927 19.1922 10.57 14.418
-1 0 -0.276 -0.961 19.6392 11.10 17.011
-0.966 0.259 -0.139 -0.99 21.3598 10.97 17.558
-0.866 0.5 -0.104 -0.995 23.381 11.13 21.48
-0.707 0.707 -0.104 -0.995 25.7165 11.87 25.235
-0.5 0.866 -0.208 -0.978 26.5908 12.57 29.909
-0.259 0.966 -0.407 -0.914 26.5455 13.27 30.079
0 1 -0.588 -0.809 25.9357 12.65 29.504
0.259 0.966 -0.743 -0.669 24.0265 13.44 29.388
0.5 0.866 -0.829 -0.559 20.3908 13.89 28.878
0.707 0.707 -0.883 -0.47 16.3658 13.68 28.638
0.866 0.5 -0.899 -0.438 11.8155 13.38 24.874
0.966 0.259 -0.914 -0.407 8.9619 12.89 20.647
1 0 -0.94 -0.342 6.965 12.25 17.916
0.966 -0.259 -0.961 -0.276 5.0672 11.57 13.007
0.866 -0.5 -0.985 -0.174 10.064 11.16 13.115
0.707 -0.707 -0.99 -0.139 14.7706 10.92 14.312
0.5 -0.866 -0.998 -0.07 16.1729 10.47 9.9387
0.259 -0.966 -0.999 0.035 16.8858 10.14 10.189
0 -1 -0.999 0.035 16.5243 9.95 14.057
-0.259 -0.966 -0.998 -0.07 15.9245 9.64 11.176
-0.5 -0.866 -0.978 -0.208 15.7269 9.37 9.4062
-0.707 -0.707 -0.927 -0.375 16.6949 9.08 13.275
-0.866 -0.5 -0.788 -0.616 19.1105 8.78 15.91
-0.966 -0.259 -0.588 -0.809 19.1922 8.80 20.647
-1 0 -0.407 -0.914 19.6392 9.19 24.393
-0.966 0.259 -0.309 -0.951 21.3598 9.81 22.635
-0.866 0.5 -0.276 -0.961 23.381 10.54 26.531
-0.707 0.707 -0.276 -0.961 25.7165 11.43 28.885
-0.5 0.866 -0.342 -0.94 26.5908 12.36 29.679
-0.259 0.966 -0.469 -0.883 26.5455 12.87 30.377
0 1 -0.5 -0.866 27.4313 12.38 30.053
0.259 0.966 -0.695 -0.719 24.79 12.87 28.343
0.5 0.866 -0.809 -0.588 23.2722 13.01 28.774
0.707 0.707 -0.899 -0.438 18.6777 12.96 25.596
0.866 0.5 -0.951 -0.309 13.2702 12.84 15.736
0.966 0.259 -0.985 -0.174 7.618 12.58 6.7873
1 0 -0.999 -0.035 5.876 12.09 8.7572
0.966 -0.259 -0.995 0.104 7.4231 11.59 7.0959
0.866 -0.5 -0.985 0.174 15.3413 11.36 15.651
0.707 -0.707 -0.978 0.208 16.714 11.21 16.301
0.5 -0.866 -0.978 0.208 19.4956 11.09 17.426
0.259 -0.966 -0.99 0.139 19.5266 11.17 19.787
0 -1 -0.999 0.035 19.4938 11.15 19.945
-0.259 -0.966 -0.995 -0.105 18.8266 10.94 17.715
-0.5 -0.866 -0.961 -0.276 19.3992 10.36 14.913
-0.707 -0.707 -0.914 -0.407 20.7518 9.66 13.26
-0.866 -0.5 -0.788 -0.616 20.2217 9.49 11.149
-0.966 -0.259 -0.588 -0.809 20.7863 10.12 21.895
-1 0 -0.375 -0.927 22.263 10.52 24.099
-0.966 0.259 -0.309 -0.951 23.3493 10.64 23.404
-0.866 0.5 -0.242 -0.97 26.0638 11.02 26.995
-0.707 0.707 -0.242 -0.97 26.4458 12.32 28.655
-0.5 0.866 -0.375 -0.927 27.4167 13.93 28.619
-0.259 0.966 -0.5 -0.866 27.3834 14.30 30.132
0 1 -0.719 -0.695 27.4313 14.21 30.14
0.259 0.966 -0.809 -0.588 24.79 13.71 30.497
0.5 0.866 -0.866 -0.5 23.2722 12.92 30.2
0.707 0.707 -0.914 -0.407 18.6777 12.22 25.741
0.866 0.5 -0.927 -0.375 13.2702 11.61 15.915
0.966 0.259 -0.951 -0.309 7.618 10.98 8.9653
1 0 -0.927 -0.375 5.876 10.42 1.2729
0.966 -0.259 -0.914 -0.407 7.4231 10.18 1.4904
0.866 -0.5 -0.899 -0.438 15.3413 10.19 12.06
0.707 -0.707 -0.883 -0.47 16.714 10.25 11.032
0.5 -0.866 -0.927 -0.375 19.4956 10.13 26.863
0.259 -0.966 -0.951 -0.309 19.5266 10.26 22.34
0 -1 -0.978 -0.208 19.4938 10.38 23.248
-0.259 -0.966 -0.985 -0.174 18.8266 9.96 27.633
-0.5 -0.866 -0.985 -0.174 19.3992 9.10 21.49
-0.707 -0.707 -0.951 -0.309 20.7518 8.16 22.764
-0.866 -0.5 -0.899 -0.438 20.2217 7.49 27.167
-0.966 -0.259 -0.719 -0.695 20.7863 8.06 28.682
-1 0 -0.469 -0.883 22.263 9.56 30.339
-0.966 0.259 -0.375 -0.927 23.3493 10.99 30.105
-0.866 0.5 -0.438 -0.899 26.0638 11.57 30.883
-0.5 0.866 -0.643 -0.766 27.4167 11.79 29.947
-0.259 0.966 -0.719 -0.695 27.3834 12.35 29.031
0 1 -0.53 -0.848 27.4313 14.88 28.732
0.259 0.966 -0.559 -0.829 24.79 14.67 28.84
0.5 0.866 -0.588 -0.809 23.2722 13.96 28.426
0.707 0.707 -0.643 -0.766 18.6777 13.18 13.383
0.866 0.5 -0.743 -0.669 13.2702 12.35 7.2059
0.966 0.259 -0.809 -0.588 7.618 11.77 3.4442
1 0 -0.866 -0.5 5.876 11.54 3.7549
0.966 -0.259 -0.883 -0.47 7.4231 11.65 12.493
0.866 -0.5 -0.883 -0.47 15.3413 12.12 18.776
0.707 -0.707 -0.899 -0.438 16.714 12.01 15.155
0.5 -0.866 -0.914 -0.407 19.4956 11.85 14.752
0.259 -0.966 -0.951 -0.309 19.5266 11.59 17.309
0 -1 -0.99 -0.139 19.4938 11.18 19.735
-0.259 -0.966 -0.99 -0.139 18.8266 10.68 21.192
-0.5 -0.866 -0.961 -0.276 19.3992 9.94 19.08
-0.707 -0.707 -0.848 -0.53 20.7518 9.35 17.216
-0.866 -0.5 -0.643 -0.766 20.2217 9.08 17.454
-0.966 -0.259 -0.407 -0.914 20.7863 9.06 20.811
-1 0 -0.174 -0.985 22.263 9.41 22.826
-0.966 0.259 -0.104 -0.995 23.3493 10.30 29.672
-0.866 0.5 -0.139 -0.99 26.0638 11.56 30.674
0 1 -0.5 -0.866 27.4313 12.97 30.332
0.259 0.966 -0.669 -0.743 24.79 13.84 29.38
0.5 0.866 -0.766 -0.643 23.2722 13.09 26.984
0.707 0.707 -0.829 -0.559 18.6777 11.68 16.137
0.866 0.5 -0.866 -0.5 13.2702 10.58 6.0645
0.966 0.259 -0.899 -0.438 7.618 10.43 5.402
1 0 -0.899 -0.438 5.876 10.95 5.0253
0.966 -0.259 -0.883 -0.47 7.4231 10.95 5.5923
0.866 -0.5 -0.883 -0.47 15.3413 10.86 18.188
0.707 -0.707 -0.914 -0.407 16.714 10.68 14.711
0.5 -0.866 -0.951 -0.309 19.4956 10.34 18.581
0.259 -0.966 -0.99 -0.139 19.5266 9.29 19.507
0 -1 -1 0 19.4938 9.17 20.434
-0.259 -0.966 -0.999 0.035 18.8266 9.19 18.956
-0.5 -0.866 -0.985 -0.174 19.3992 9.06 20.271
-0.707 -0.707 -0.899 -0.438 20.7518 8.86 19.966
-0.866 -0.5 -0.743 -0.669 20.2217 8.95 20.368
-0.966 -0.259 -0.5 -0.866 20.7863 9.25 22.768
-1 0 -0.375 -0.927 22.263 9.80 22.65
-0.966 0.259 -0.309 -0.951 23.3493 10.50 26.879
-0.866 0.5 -0.309 -0.951 26.0638 11.25 29.763
-0.5 0.866 -0.5 -0.866 27.4167 12.99 29.737
0 1 -0.469 -0.883 27.4313 13.07 27.996
0.259 0.966 -0.616 -0.788 24.79 13.16 25.674
0.5 0.866 -0.719 -0.695 23.2722 12.90 22.835
0.707 0.707 -0.829 -0.559 18.6777 12.23 14.568
0.866 0.5 -0.883 -0.47 13.2702 11.58 11.118
0.966 0.259 -0.927 -0.375 7.618 11.16 14.809
1 0 -0.961 -0.276 5.876 10.70 10.992
0.966 -0.259 -0.985 -0.174 7.4231 10.28 7.9193
0.866 -0.5 -0.999 -0.035 15.3413 9.64 14.596
0.707 -0.707 -0.999 0.035 16.714 9.33 21.679
0.5 -0.866 -0.998 0.07 19.4956 9.19 16.145
0.259 -0.966 -0.995 0.104 19.5266 9.00 22.597
0 -1 -0.99 0.139 19.4938 8.90 23.678
-0.259 -0.966 -0.995 0.104 18.8266 8.93 21.229
-0.5 -0.866 -0.998 -0.07 19.3992 8.85 24.815
-0.707 -0.707 -0.951 -0.309 20.7518 8.64 26.645
-0.866 -0.5 -0.829 -0.559 20.2217 8.52 29.829
-0.966 -0.259 -0.616 -0.788 20.7863 8.61 30.687
-1 0 -0.309 -0.951 22.263 9.45 30.685
-0.866 0.5 -0.174 -0.985 26.0638 11.35 29.582
0 1 -0.669 -0.743 27.4313 12.88 29.851
0.259 0.966 -0.766 -0.643 24.79 13.21 29.227
0.5 0.866 -0.809 -0.588 23.2722 13.24 22.026
0.707 0.707 -0.848 -0.53 18.6777 13.02 10.162
0.866 0.5 -0.914 -0.407 13.2702 12.47 2.4904
0.966 0.259 -0.961 -0.276 7.618 11.96 1.9301
1 0 -0.985 -0.174 5.876 11.71 6.1759
0.966 -0.259 -0.998 -0.07 7.4231 11.45 10.643
0.866 -0.5 -1 0 15.3413 11.10 12.791
0.707 -0.707 -0.999 0.035 16.714 10.94 9.8715
0.5 -0.866 -0.998 0.07 19.4956 10.75 12.701
0.259 -0.966 -0.998 0.07 19.5266 10.62 11.962
0 -1 -0.999 0.035 19.4938 10.32 18.471
-0.259 -0.966 -0.998 -0.07 18.8266 9.94 19.552
-0.5 -0.866 -0.951 -0.309 19.3992 9.44 17.403
-0.707 -0.707 -0.809 -0.588 20.7518 9.22 25.387
-0.866 -0.5 -0.588 -0.809 20.2217 9.77 26.457
-0.966 -0.259 -0.342 -0.94 20.7863 10.68 22.526
-1 0 -0.276 -0.961 22.263 11.56 28.252
-0.966 0.259 -0.276 -0.961 23.3493 12.35 29.616
-0.5 0.866 -0.469 -0.883 27.4167 13.56 30.399
-0.259 0.966 -0.616 -0.788 27.3834 14.39 29.746
0 1 -0.669 -0.743 27.4313 13.28 28.976
0.259 0.966 -0.766 -0.643 24.79 13.89 21.605
0.5 0.866 -0.809 -0.588 23.2722 14.39 12.113
0.707 0.707 -0.866 -0.5 18.6777 14.36 6.9
0.866 0.5 -0.914 -0.407 13.2702 14.16 4.8565
0.966 0.259 -0.94 -0.342 7.618 13.98 6.4753
1 0 -0.951 -0.309 5.876 13.43 9.2204
0.966 -0.259 -0.978 -0.208 7.4231 12.69 2.4447
0.866 -0.5 -0.99 -0.139 15.3413 12.05 15.093
0.707 -0.707 -0.998 -0.07 16.714 11.75 14.227
0.5 -0.866 -0.999 0.035 19.4956 11.73 11.052
0.259 -0.966 -0.995 0.104 19.5266 11.71 14.675
0 -1 -0.985 0.174 19.4938 11.50 18.706
-0.259 -0.966 -0.99 0.139 18.8266 10.95 20.26
-0.5 -0.866 -1 0 19.3992 10.23 17.663
-0.707 -0.707 -0.97 -0.242 20.7518 9.14 19.976
-0.866 -0.5 -0.788 -0.616 20.2217 8.14 19.956
-0.966 -0.259 -0.407 -0.914 20.7863 8.07 20.811
-1 0 -0.104 -0.995 22.263 8.73 22.31
-0.966 0.259 -0.035 -0.999 23.3493 9.94 22.998
-0.866 0.5 -0.139 -0.99 26.0638 11.23 27.631
-0.707 0.707 -0.242 -0.97 26.4458 12.09 27.26
0 1 -0.616 -0.788 27.4313 13.46 28.179
0.259 0.966 -0.695 -0.719 24.79 13.39 24.734
0.5 0.866 -0.719 -0.695 23.2722 12.99 11.265
0.707 0.707 -0.669 -0.743 18.6777 12.41 6.4438
0.866 0.5 -0.766 -0.643 13.2702 12.36 4.9845
0.966 0.259 -0.914 -0.407 7.618 12.54 3.2771
1 0 -0.978 -0.208 5.876 13.49 2.9865
0.966 -0.259 -0.99 -0.139 7.4231 14.04 0.71578
0.866 -0.5 -0.99 -0.139 15.3413 14.15 6.6379
0.707 -0.707 -0.995 -0.105 16.714 13.86 4.2975
0.5 -0.866 -0.999 -0.035 19.4956 13.52 9.1208
0.259 -0.966 -1 0 19.5266 13.25 15.11
0 -1 -0.999 -0.035 19.4938 12.93 20.134
-0.259 -0.966 -0.995 -0.105 18.8266 12.56 18.304
-0.5 -0.866 -0.961 -0.276 19.3992 11.99 20.754
-0.707 -0.707 -0.866 -0.5 20.7518 11.48 23.336
-0.866 -0.5 -0.695 -0.719 20.2217 11.34 23.683
-0.966 -0.259 -0.53 -0.848 20.7863 11.43 27.871
-1 0 -0.407 -0.914 22.263 11.66 30.723
-0.966 0.259 -0.407 -0.914 23.3493 12.17 30.57
-0.866 0.5 -0.407 -0.914 26.0638 12.57 30.812
-0.707 0.707 -0.375 -0.927 26.4458 12.85 30.821
-0.5 0.866 -0.407 -0.914 27.4167 13.48 30.52
-0.259 0.966 -0.53 -0.848 27.3834 14.05 28.278
0 1 -0.743 -0.669 27.4313 13.86 21.747
0.259 0.966 -0.848 -0.53 24.79 13.65 14.169
0.5 0.866 -0.914 -0.407 23.2722 13.40 11.207
0.707 0.707 -0.961 -0.276 18.6777 13.12 13.038
0.866 0.5 -0.99 -0.139 13.2702 12.82 8.621
0.966 0.259 -0.998 -0.07 7.618 12.45 4.3581
1 0 -1 0 5.876 12.06 3.1912
0.966 -0.259 -0.998 0.07 7.4231 11.59 0.44684
0.866 -0.5 -0.985 0.174 15.3413 11.27 11.915
0.707 -0.707 -0.985 0.174 16.714 11.27 19.689
0.5 -0.866 -0.99 0.139 19.4956 11.50 21.929
0.259 -0.966 -0.985 0.174 19.5266 11.55 23.126
0 -1 -0.985 0.174 19.4938 11.14 22.772
-0.259 -0.966 -0.999 -0.035 18.8266 10.51 20.832
-0.5 -0.866 -0.961 -0.276 19.3992 9.57 24.045
-0.707 -0.707 -0.766 -0.643 20.7518 8.97 25.273
-0.866 -0.5 -0.469 -0.883 20.2217 8.84 23.767
-0.966 -0.259 -0.309 -0.951 20.7863 10.10 27.538
-1 0 -0.276 -0.961 22.263 12.50 30.171
-0.966 0.259 -0.276 -0.961 23.3493 13.70 29.921
-0.866 0.5 -0.309 -0.951 26.0638 13.78 30.952
-0.5 0.866 -0.438 -0.899 27.4167 13.46 30.981
-0.259 0.966 -0.5 -0.866 27.3834 12.45 30.327
0 1 -0.174 -0.985 27.4313 13.97 28.694
0.259 0.966 -0.276 -0.961 24.79 14.22 27.292
0.5 0.866 -0.5 -0.866 23.2722 14.04 24.439
0.707 0.707 -0.695 -0.719 18.6777 13.48 10.365
0.866 0.5 -0.788 -0.616 13.2702 13.03 3.4658
0.966 0.259 -0.848 -0.53 7.618 12.42 4.4455
1 0 -0.848 -0.53 5.876 11.54 4.3145
0.966 -0.259 -0.883 -0.47 7.4231 10.67 0.72836
0.866 -0.5 -0.94 -0.342 15.3413 9.60 12.482
0.707 -0.707 -0.961 -0.276 16.714 8.82 17.627
0.5 -0.866 -0.97 -0.242 19.4956 8.17 20.394
0.259 -0.966 -0.995 -0.105 19.5266 7.62 20.776
0 -1 -1 0 19.4938 7.08 12.852
-0.259 -0.966 -0.999 0.035 18.8266 6.51 14.346
-0.5 -0.866 -0.999 -0.035 19.3992 5.97 21.487
-0.707 -0.707 -0.951 -0.309 20.7518 5.91 20.487
-0.866 -0.5 -0.788 -0.616 20.2217 6.40 21.974
-0.966 -0.259 -0.5 -0.866 20.7863 7.41 23.755
-1 0 -0.242 -0.97 22.263 8.53 19.86
-0.966 0.259 -0.035 -0.999 23.3493 9.63 28.035
-0.866 0.5 -0.035 -0.999 26.0638 10.51 28.116
-0.707 0.707 -0.104 -0.995 26.4458 11.19 24.187
-0.5 0.866 -0.242 -0.97 27.4167 11.46 27.67
-0.259 0.966 -0.407 -0.914 27.3834 11.85 24.831
0 1 -0.375 -0.927 27.4313 12.22 23.105
0.259 0.966 -0.53 -0.848 24.79 12.22 17.704
0.5 0.866 -0.53 -0.848 23.2722 12.42 18.957
0.707 0.707 -0.588 -0.809 18.6777 12.21 14.258
0.866 0.5 -0.643 -0.766 13.2702 11.62 13.347
0.966 0.259 -0.719 -0.695 7.618 11.02 8.2604
1 0 -0.766 -0.643 5.876 10.49 1.1307
0.966 -0.259 -0.788 -0.616 7.4231 10.22 7.6511
0.866 -0.5 -0.848 -0.53 15.3413 10.04 13.712
0.707 -0.707 -0.899 -0.438 16.714 9.92 12.855
0.5 -0.866 -0.927 -0.375 19.4956 9.65 16.822
0.259 -0.966 -0.951 -0.309 19.5266 8.95 13.773
0 -1 -0.961 -0.276 19.4938 7.78 12.305
-0.259 -0.966 -0.94 -0.342 18.8266 7.83 11.28
-0.5 -0.866 -0.848 -0.53 19.3992 8.25 10.992
-0.707 -0.707 -0.719 -0.695 20.7518 8.46 9.8449
-0.866 -0.5 -0.559 -0.829 20.2217 8.83 11.472
-0.966 -0.259 -0.469 -0.883 20.7863 9.52 7.8188
-1 0 -0.375 -0.927 22.263 10.29 5.1539
-0.966 0.259 -0.342 -0.94 23.3493 11.63 12.96
-0.866 0.5 -0.342 -0.94 26.0638 12.23 16.219
-0.707 0.707 -0.342 -0.94 26.4458 12.66 16.84
-0.5 0.866 -0.375 -0.927 27.4167 13.00 13.919
-0.259 0.966 -0.407 -0.914 27.3834 13.27 19.539
0 1 -0.616 -0.788 27.4313 12.47 24.641
0.259 0.966 -0.669 -0.743 24.79 12.64 26.211
0.5 0.866 -0.695 -0.719 23.2722 12.63 24.478
0.707 0.707 -0.788 -0.616 18.6777 12.20 22.498
0.866 0.5 -0.848 -0.53 13.2702 11.85 20.565
0.966 0.259 -0.883 -0.47 7.618 11.67 3.0413
1 0 -0.883 -0.47 5.876 11.87 3.3222
0.966 -0.259 -0.809 -0.588 7.4231 12.24 3.172
0.866 -0.5 -0.809 -0.588 15.3413 12.32 19.779
0.707 -0.707 -0.848 -0.53 16.714 11.48 24.751
0.5 -0.866 -0.899 -0.438 19.4956 10.99 26.739
0.259 -0.966 -0.94 -0.342 19.5266 10.60 24.221
0 -1 -0.961 -0.276 19.4938 10.13 23.19
-0.259 -0.966 -0.951 -0.309 18.8266 9.83 17.874
-0.5 -0.866 -0.899 -0.438 19.3992 9.76 20.683
-0.707 -0.707 -0.766 -0.643 20.7518 9.73 20.107
-0.866 -0.5 -0.643 -0.766 20.2217 9.40 20.787
-0.966 -0.259 -0.5 -0.866 20.7863 9.77 15.457
-1 0 -0.407 -0.914 22.263 10.89 17.058
-0.966 0.259 -0.342 -0.94 23.3493 12.02 19.745
-0.866 0.5 -0.276 -0.961 26.0638 12.48 25.384
-0.707 0.707 -0.242 -0.97 26.4458 12.30 27.573
-0.5 0.866 -0.309 -0.951 27.4167 12.29 30.292
-0.259 0.966 -0.469 -0.883 27.3834 12.30 29.282
0 1 -0.342 -0.94 27.4313 13.02 29.478
0.259 0.966 -0.5 -0.866 24.79 13.07 28.837
0.5 0.866 -0.616 -0.788 23.2722 13.21 27.649
0.707 0.707 -0.695 -0.719 18.6777 12.88 27.007
0.866 0.5 -0.743 -0.669 13.2702 12.27 10.423
0.966 0.259 -0.766 -0.643 7.618 11.78 5.9543
1 0 -0.743 -0.669 5.876 11.25 5.8389
0.966 -0.259 -0.743 -0.669 7.4231 10.66 9.3561
0.866 -0.5 -0.743 -0.669 15.3413 9.95 25.959
0.707 -0.707 -0.743 -0.669 16.714 8.94 25.893
0.5 -0.866 -0.766 -0.643 19.4956 8.62 27.567
0.259 -0.966 -0.829 -0.559 19.5266 8.08 27.244
0 -1 -0.883 -0.47 19.4938 7.86 24.937
-0.966 -0.259 -0.469 -0.883 20.7863 10.65 7.7853
-1 0 -0.309 -0.951 22.263 11.18 9.134
-0.966 0.259 -0.276 -0.961 23.3493 11.98 9.4289
-0.866 0.5 -0.342 -0.94 26.0638 12.65 25.175
-0.707 0.707 -0.407 -0.914 26.4458 12.84 26.35
0.259 0.966 -0.743 -0.669 24.79 13.54 23.315
0.5 0.866 -0.766 -0.643 23.2722 13.42 24.445
0.707 0.707 -0.809 -0.588 18.6777 13.01 22.495
0.866 0.5 -0.809 -0.588 13.2702 12.82 9.9042
0.966 0.259 -0.829 -0.559 7.618 13.34 5.8566
1 0 -0.866 -0.5 5.876 13.80 2.918
0.966 -0.259 -0.866 -0.5 7.4231 13.64 8.8723
0.866 -0.5 -0.848 -0.53 15.3413 13.15 19.259
0.707 -0.707 -0.848 -0.53 16.714 12.36 21.584
0.5 -0.866 -0.883 -0.47 19.4956 11.50 20.442
0.259 -0.966 -0.914 -0.407 19.5266 10.87 23.571
0 -1 -0.927 -0.375 19.4938 10.29 23.124
-0.259 -0.966 -0.914 -0.407 18.8266 9.87 24.055
-0.5 -0.866 -0.866 -0.5 19.3992 9.60 26.26
-0.707 -0.707 -0.788 -0.616 20.7518 9.09 22.545
-0.866 -0.5 -0.695 -0.719 20.2217 8.29 21.599
-0.966 -0.259 -0.5 -0.866 20.7863 8.40 22.08
-1 0 -0.342 -0.94 22.263 8.81 26.135
-0.5 0.866 -0.242 -0.97 27.4167 13.30 24.726
-0.259 0.966 -0.375 -0.927 27.3834 14.12 21.185
0 1 -0.588 -0.809 27.4313 14.30 25.289
0.259 0.966 -0.588 -0.809 24.79 14.08 6.9297
0.5 0.866 -0.588 -0.809 23.2722 13.58 9.2626
0.707 0.707 -0.669 -0.743 18.6777 13.61 8.595
0.866 0.5 -0.788 -0.616 13.2702 13.12 6.5739
0.966 0.259 -0.866 -0.5 7.618 12.23 4.9311
1 0 -0.848 -0.53 5.876 11.79 9.129
0.966 -0.259 -0.809 -0.588 7.4231 10.75 7.4867
0.866 -0.5 -0.848 -0.53 15.3413 9.40 16.022
0.707 -0.707 -0.899 -0.438 16.714 8.63 16.523
0.5 -0.866 -0.927 -0.375 19.4956 8.48 26.369
0.259 -0.966 -0.94 -0.342 19.5266 8.56 28.104
0 -1 -0.94 -0.342 19.4938 9.02 26.361
-0.259 -0.966 -0.914 -0.407 18.8266 9.37 22.106
-0.5 -0.866 -0.866 -0.5 19.3992 9.35 20.759
-0.707 -0.707 -0.788 -0.616 20.7518 9.01 25.321
-0.866 -0.5 -0.669 -0.743 20.2217 8.77 23.626
-0.966 -0.259 -0.438 -0.899 20.7863 8.83 25.002
-1 0 -0.242 -0.97 22.263 9.54 25.201
-0.966 0.259 -0.139 -0.99 23.3493 10.60 24.497
-0.866 0.5 -0.174 -0.985 26.0638 11.31 29.98
-0.707 0.707 -0.174 -0.985 26.4458 11.73 30.85
-0.5 0.866 -0.174 -0.985 27.4167 12.25 30.939
-0.259 0.966 -0.276 -0.961 27.3834 12.57 30.354
0 1 -0.07 -0.998 27.4313 11.26 29.802
0.259 0.966 -0.174 -0.985 24.79 11.22 29.46
0.5 0.866 -0.342 -0.94 23.2722 11.62 26.888
0.707 0.707 -0.5 -0.866 18.6777 11.70 24.29
0.866 0.5 -0.616 -0.788 13.2702 11.56 19.754
0.966 0.259 -0.695 -0.719 7.618 11.54 7.3234
1 0 -0.743 -0.669 5.876 11.65 9.7286
0.966 -0.259 -0.788 -0.616 7.4231 11.69 16.898
0.866 -0.5 -0.809 -0.588 15.3413 11.66 14.442
0.707 -0.707 -0.809 -0.588 16.714 11.59 9.1233
0.5 -0.866 -0.848 -0.53 19.4956 11.29 22.113
0.259 -0.966 -0.883 -0.47 19.5266 11.00 17.51
0 -1 -0.883 -0.47 19.4938 10.82 18.059
-0.259 -0.966 -0.866 -0.5 18.8266 10.86 14.248
-0.5 -0.866 -0.809 -0.588 19.3992 10.70 20.738
-0.707 -0.707 -0.616 -0.788 20.7518 10.33 27.822
-0.866 -0.5 -0.309 -0.951 20.2217 9.95 28.716
-0.966 -0.259 0.07 -0.998 20.7863 9.64 28.731
-1 0 0.242 -0.97 22.263 9.88 28.831
-0.966 0.259 0.208 -0.978 23.3493 10.72 23.11
-0.866 0.5 0.035 -0.999 26.0638 11.63 25.87
-0.707 0.707 0.035 -0.999 26.4458 11.84 27.03
-0.5 0.866 0.07 -0.998 27.4167 12.45 25.602
-0.259 0.966 -0.174 -0.985 27.3834 13.74 28.542
0 1 -0.342 -0.94 27.4313 12.97 27.298
0.259 0.966 -0.53 -0.848 24.79 13.09 29.132
0.5 0.866 -0.643 -0.766 23.2722 12.86 28.217
0.707 0.707 -0.766 -0.643 18.6777 12.37 26.486
0.866 0.5 -0.848 -0.53 13.2702 11.89 25.212
0.966 0.259 -0.914 -0.407 7.618 11.64 10.277
1 0 -0.951 -0.309 5.876 11.50 4.6234
0.966 -0.259 -0.978 -0.208 7.4231 11.18 8.7009
0.866 -0.5 -0.99 -0.139 15.3413 10.95 18.492
0.707 -0.707 -0.99 -0.139 16.714 10.61 12.341
0.5 -0.866 -0.985 -0.174 19.4956 10.30 12.723
0.259 -0.966 -0.97 -0.242 19.5266 9.96 11.816
0 -1 -0.94 -0.342 19.4938 9.76 12.82
-0.259 -0.966 -0.914 -0.407 18.8266 9.54 10.567
-0.5 -0.866 -0.899 -0.438 19.3992 8.97 10.495
-0.707 -0.707 -0.848 -0.53 20.7518 8.34 17.322
-0.866 -0.5 -0.695 -0.719 20.2217 7.86 17.252
-0.966 -0.259 -0.375 -0.927 20.7863 7.98 13.635
-1 0 -0.139 -0.99 22.263 8.53 16.516
-0.966 0.259 0 -1 23.3493 9.15 17.517
-0.866 0.5 0 -1 26.0638 9.99 18.199
-0.707 0.707 -0.07 -0.998 26.4458 10.80 23.824
-0.5 0.866 -0.104 -0.995 27.4167 11.16 28.014
-0.259 0.966 -0.139 -0.99 27.3834 11.26 29.578
0 1 -0.342 -0.94 27.4313 12.74 28.849
0.259 0.966 -0.5 -0.866 24.79 13.01 26.381
0.5 0.866 -0.616 -0.788 23.2722 12.97 24.845
0.707 0.707 -0.695 -0.719 18.6777 12.51 19.188
0.866 0.5 -0.788 -0.616 13.2702 11.92 11.036
0.966 0.259 -0.848 -0.53 7.618 11.73 6.5387
1 0 -0.866 -0.5 5.876 11.46 10.318
0.966 -0.259 -0.899 -0.438 7.4231 10.92 1.9818
0.866 -0.5 -0.899 -0.438 15.3413 10.80 11.357
0.707 -0.707 -0.914 -0.407 16.714 10.68 12.442
0.5 -0.866 -0.94 -0.342 19.4956 10.54 8.6312
0.259 -0.966 -0.961 -0.276 19.5266 10.33 11.927
0 -1 -0.94 -0.342 19.4938 9.97 13.093
-0.259 -0.966 -0.899 -0.438 18.8266 9.44 17.106
-0.5 -0.866 -0.788 -0.616 19.3992 8.77 18.087
-0.707 -0.707 -0.588 -0.809 20.7518 8.45 24.18
-0.866 -0.5 -0.342 -0.94 20.2217 8.49 22.322
-0.966 -0.259 -0.139 -0.99 20.7863 8.95 19.99
-1 0 -0.035 -0.999 22.263 9.82 15.656
-0.966 0.259 -0.07 -0.998 23.3493 10.72 16.016
-0.866 0.5 -0.07 -0.998 26.0638 11.19 25.992
-0.707 0.707 -0.104 -0.995 26.4458 11.74 27.879
-0.5 0.866 -0.208 -0.978 27.4167 12.12 29.834
-0.259 0.966 -0.342 -0.94 27.3834 12.15 30.487
0 1 -0.342 -0.94 27.4313 11.36 30.069
0.5 0.866 -0.588 -0.809 23.2722 11.30 29.722
0.707 0.707 -0.719 -0.695 18.6777 11.10 26.934
0.866 0.5 -0.829 -0.559 13.2702 11.24 22.987
0.966 0.259 -0.883 -0.47 7.618 10.98 15.339
1 0 -0.927 -0.375 5.876 10.72 2.749
0.966 -0.259 -0.97 -0.242 7.4231 10.33 11.83
0.866 -0.5 -0.978 -0.208 15.3413 9.98 12.246
0.707 -0.707 -0.97 -0.242 16.714 9.95 15.977
0.5 -0.866 -0.97 -0.242 19.4956 9.96 18.54
0.259 -0.966 -0.961 -0.276 19.5266 9.73 17.675
0 -1 -0.94 -0.342 19.4938 9.38 13.345
-0.259 -0.966 -0.866 -0.5 18.8266 8.84 14.758
-0.5 -0.866 -0.719 -0.695 19.3992 8.23 20.019
-0.707 -0.707 -0.5 -0.866 20.7518 7.84 22.006
-0.866 -0.5 -0.208 -0.978 20.2217 7.82 16.813
-0.966 -0.259 0.035 -0.999 20.7863 8.13 23.067
-1 0 0.105 -0.995 22.263 8.65 20.578
-0.966 0.259 0.105 -0.995 23.3493 9.66 20.312
-0.866 0.5 0 -1 26.0638 10.70 15.878
-0.707 0.707 -0.035 -0.999 26.4458 11.34 20.185
-0.5 0.866 -0.139 -0.99 27.4167 11.50 26.541
-0.259 0.966 -0.276 -0.961 27.3834 11.46 29.624
0 1 -0.139 -0.99 27.4313 12.00 29.921
0.259 0.966 -0.208 -0.978 24.79 11.87 28.471
0.5 0.866 -0.276 -0.961 23.2722 11.63 27.533
0.707 0.707 -0.375 -0.927 18.6777 10.96 26.71
0.866 0.5 -0.469 -0.883 13.2702 9.75 25.779
0.966 0.259 -0.643 -0.766 7.618 9.19 5.6458
1 0 -0.766 -0.643 5.876 9.63 1.8443
0.966 -0.259 -0.848 -0.53 7.4231 9.95 2.0486
0.866 -0.5 -0.899 -0.438 15.3413 10.39 22.735
0.707 -0.707 -0.94 -0.342 16.714 10.90 23.517
0.5 -0.866 -0.97 -0.242 19.4956 11.28 25.195
0.259 -0.966 -0.985 -0.174 19.5266 11.29 17.55
0 -1 -0.978 -0.208 19.4938 10.95 9.2952
-0.259 -0.966 -0.961 -0.276 18.8266 10.49 13.378
-0.5 -0.866 -0.927 -0.375 19.3992 9.91 15.847
-0.707 -0.707 -0.829 -0.559 20.7518 9.66 19.39
-0.866 -0.5 -0.616 -0.788 20.2217 10.02 12.604
-0.966 -0.259 -0.342 -0.94 20.7863 10.82 12.162
-1 0 -0.174 -0.985 22.263 11.46 13.649
-0.966 0.259 -0.07 -0.998 23.3493 11.88 20.538
-0.866 0.5 -0.07 -0.998 26.0638 12.33 22.534
-0.707 0.707 -0.104 -0.995 26.4458 13.02 27.596
-0.5 0.866 -0.208 -0.978 27.4167 13.46 28.679
-0.259 0.966 -0.375 -0.927 27.3834 13.51 28.665
0 1 -0.588 -0.809 27.4313 12.19 25.865
0.259 0.966 -0.669 -0.743 24.79 11.87 24.749
0.5 0.866 -0.695 -0.719 23.2722 11.37 25.201
0.707 0.707 -0.743 -0.669 18.6777 10.80 21.829
0.866 0.5 -0.788 -0.616 13.2702 10.33 21.899
0.966 0.259 -0.829 -0.559 7.618 10.15 21.434
1 0 -0.848 -0.53 5.876 10.16 11.935
0.966 -0.259 -0.883 -0.47 7.4231 10.41 14.846
0.866 -0.5 -0.899 -0.438 15.3413 10.68 26.46
0.707 -0.707 -0.883 -0.47 16.714 11.01 25.993
0.5 -0.866 -0.866 -0.5 19.4956 11.23 26.853
0.259 -0.966 -0.883 -0.47 19.5266 11.15 27.381
0 -1 -0.899 -0.438 19.4938 10.86 23.156
-0.259 -0.966 -0.883 -0.47 18.8266 10.64 22.872
-0.5 -0.866 -0.788 -0.616 19.3992 10.45 23.851
-0.707 -0.707 -0.643 -0.766 20.7518 10.27 24.072
-0.866 -0.5 -0.469 -0.883 20.2217 10.12 20.727
-0.966 -0.259 -0.208 -0.978 20.7863 10.26 23.757
-1 0 -0.035 -0.999 22.263 10.57 28.208
-0.866 0.5 0.07 -0.998 26.0638 11.94 28.875
-0.707 0.707 0.035 -0.999 26.4458 12.87 31.033
0 1 -0.07 -0.998 27.4313 11.65 29.835
0.259 0.966 -0.208 -0.978 24.79 11.55 29.448
0.5 0.866 -0.342 -0.94 23.2722 12.26 26.099
0.707 0.707 -0.588 -0.809 18.6777 12.90 24.531
0.866 0.5 -0.695 -0.719 13.2702 12.31 24.168
0.966 0.259 -0.695 -0.719 7.618 11.79 8.952
1 0 -0.695 -0.719 5.876 11.25 3.8049
0.966 -0.259 -0.669 -0.743 7.4231 10.68 11.728
0.866 -0.5 -0.643 -0.766 15.3413 10.14 16.169
0.707 -0.707 -0.643 -0.766 16.714 9.53 20.412
0.5 -0.866 -0.695 -0.719 19.4956 9.15 22.571
0.259 -0.966 -0.809 -0.588 19.5266 8.13 19.819
0 -1 -0.866 -0.5 19.4938 8.36 22.192
-0.259 -0.966 -0.719 -0.695 18.8266 9.61 22.083
-0.5 -0.866 -0.559 -0.829 19.3992 9.73 23.973
-0.707 -0.707 -0.5 -0.866 20.7518 8.73 21.85
-0.866 -0.5 -0.438 -0.899 20.2217 7.84 21.189
-0.966 -0.259 -0.309 -0.951 20.7863 7.07 25.457
-1 0 -0.174 -0.985 22.263 7.38 29.668
-0.966 0.259 -0.139 -0.99 23.3493 8.41 29.726
-0.866 0.5 -0.208 -0.978 26.0638 9.31 30.136
-0.707 0.707 -0.242 -0.97 26.4458 9.90 30.484
-0.5 0.866 -0.342 -0.94 27.4167 10.34 30.766
-0.259 0.966 -0.407 -0.914 27.3834 10.63 30.63
1 0 -0.643 -0.766 5.876 12.19 0.90435
0.966 -0.259 -0.719 -0.695 7.4231 11.68 4.587
0.866 -0.5 -0.788 -0.616 15.3413 11.20 10.846
0.707 -0.707 -0.829 -0.559 16.714 10.88 18.143
0.5 -0.866 -0.848 -0.53 19.4956 10.89 22.077
0.259 -0.966 -0.866 -0.5 19.5266 10.76 21.48
0 -1 -0.848 -0.53 19.4938 10.26 17.987
-0.259 -0.966 -0.809 -0.588 18.8266 9.93 18.637
-0.5 -0.866 -0.695 -0.719 19.3992 10.17 16.761
-0.707 -0.707 -0.588 -0.809 20.7518 10.34 23.346
-0.866 -0.5 -0.407 -0.914 20.2217 9.94 21.945
-0.966 -0.259 -0.174 -0.985 20.7863 9.80 19.566
-1 0 -0.035 -0.999 22.263 9.68 24.117
-0.966 0.259 -0.07 -0.998 23.3493 9.86 24.491
-0.866 0.5 -0.174 -0.985 26.0638 10.41 26.506
-0.707 0.707 -0.309 -0.951 26.4458 11.08 28.761
-0.5 0.866 -0.438 -0.899 27.4167 11.69 29.604
-0.259 0.966 -0.559 -0.829 27.3834 12.09 30.296
0 1 -0.276 -0.961 27.4313 13.88 29.827
0.259 0.966 -0.342 -0.94 24.79 14.09 26.551
0.5 0.866 -0.407 -0.914 23.2722 14.13 27.04
0.707 0.707 -0.469 -0.883 18.6777 14.00 20.843
0.866 0.5 -0.559 -0.829 13.2702 13.76 5.1354
0.966 0.259 -0.559 -0.829 7.618 13.47 5.7959
1 0 -0.588 -0.809 5.876 13.04 4.1717
0.966 -0.259 -0.616 -0.788 7.4231 12.62 6.001
0.866 -0.5 -0.643 -0.766 15.3413 12.38 13.766
0.707 -0.707 -0.669 -0.743 16.714 12.25 20.366
0.5 -0.866 -0.719 -0.695 19.4956 11.98 22.61
0.259 -0.966 -0.788 -0.616 19.5266 11.81 20.972
0 -1 -0.809 -0.588 19.4938 11.45 25.112
-0.259 -0.966 -0.788 -0.616 18.8266 10.95 22.11
-0.5 -0.866 -0.669 -0.743 19.3992 10.40 20.358
-0.707 -0.707 -0.53 -0.848 20.7518 9.82 22.142
-0.866 -0.5 -0.309 -0.951 20.2217 9.59 20.33
-0.966 -0.259 -0.104 -0.995 20.7863 9.49 14.636
-1 0 0.035 -0.999 22.263 9.54 18.227
-0.966 0.259 0.105 -0.995 23.3493 9.98 24.047
-0.866 0.5 0.07 -0.998 26.0638 10.57 27.403
-0.707 0.707 0.035 -0.999 26.4458 11.38 28.511
-0.5 0.866 -0.07 -0.998 27.4167 12.12 29.133
-0.259 0.966 -0.276 -0.961 27.3834 12.51 29.688
0 1 0.174 -0.985 27.4313 11.89 27.459
0.259 0.966 0.07 -0.998 24.79 11.02 21.626
0.5 0.866 -0.104 -0.995 23.2722 11.50 26.661
0.707 0.707 -0.208 -0.978 18.6777 12.08 25.142
0.866 0.5 -0.276 -0.961 13.2702 12.54 11.172
0.966 0.259 -0.276 -0.961 7.618 12.31 8.2101
1 0 -0.242 -0.97 5.876 11.67 14.956
0.966 -0.259 -0.242 -0.97 7.4231 11.23 16.072
0.866 -0.5 -0.309 -0.951 15.3413 10.74 27.214
0.707 -0.707 -0.342 -0.94 16.714 10.44 26.617
0.5 -0.866 -0.342 -0.94 19.4956 10.11 28.693
0.259 -0.966 -0.342 -0.94 19.5266 9.89 23.437
0 -1 -0.342 -0.94 19.4938 9.79 24.318
-0.259 -0.966 -0.407 -0.914 18.8266 9.31 23.6
-0.5 -0.866 -0.342 -0.94 19.3992 9.33 23.036
-0.707 -0.707 -0.276 -0.961 20.7518 9.86 20.484
-0.866 -0.5 -0.208 -0.978 20.2217 10.61 17.569
-0.966 -0.259 -0.07 -0.998 20.7863 11.24 17.457
-1 0 0.105 -0.995 22.263 11.76 20.528
-0.966 0.259 0.174 -0.985 23.3493 11.60 21.135
-0.866 0.5 0.174 -0.985 26.0638 11.14 22.368
-0.707 0.707 0.07 -0.998 26.4458 10.73 26.529
-0.5 0.866 -0.07 -0.998 27.4167 10.36 26.75
-0.259 0.966 -0.208 -0.978 27.3834 9.99 23.681
0 1 -0.035 -0.999 27.4313 12.16 23.615
0.259 0.966 -0.104 -0.995 24.79 11.73 20.663
0.5 0.866 -0.208 -0.978 23.2722 11.28 21.018
0.707 0.707 -0.276 -0.961 18.6777 10.74 15.99
0.866 0.5 -0.309 -0.951 13.2702 10.37 17.498
0.966 0.259 -0.342 -0.94 7.618 10.28 11.948
1 0 -0.438 -0.899 5.876 10.28 10.627
0.966 -0.259 -0.5 -0.866 7.4231 9.98 10.753
0.866 -0.5 -0.588 -0.809 15.3413 9.81 1.0048
0.707 -0.707 -0.588 -0.809 16.714 9.60 7.8876
0.5 -0.866 -0.669 -0.743 19.4956 9.45 13.21
0.259 -0.966 -0.743 -0.669 19.5266 9.06 14.37
0 -1 -0.829 -0.559 19.4938 8.58 16.007
-0.259 -0.966 -0.848 -0.53 18.8266 7.94 15.735
-0.5 -0.866 -0.829 -0.559 19.3992 7.20 14.206
-0.707 -0.707 -0.766 -0.643 20.7518 6.50 11.604
-0.866 -0.5 -0.695 -0.719 20.2217 5.99 13.4
-0.966 -0.259 -0.5 -0.866 20.7863 5.78 13.418
-1 0 -0.242 -0.97 22.263 5.99 16.557
-0.966 0.259 -0.035 -0.999 23.3493 6.53 19.761
-0.866 0.5 0.035 -0.999 26.0638 7.48 19.659
-0.707 0.707 0.035 -0.999 26.4458 8.76 21.998
-0.5 0.866 -0.104 -0.995 27.4167 9.97 17.754
-0.259 0.966 -0.276 -0.961 27.3834 10.88 19.302
0 1 -0.438 -0.899 27.4313 11.81 13.904
0.259 0.966 -0.5 -0.866 24.79 11.93 15.688
0.5 0.866 -0.559 -0.829 23.2722 11.97 13.559
0.707 0.707 -0.643 -0.766 18.6777 11.67 13.116
0.866 0.5 -0.719 -0.695 13.2702 11.57 11.917
0.966 0.259 -0.766 -0.643 7.618 11.63 2.8808
1 0 -0.809 -0.588 5.876 11.33 2.0936
0.966 -0.259 -0.829 -0.559 7.4231 11.30 1.921
0.866 -0.5 -0.829 -0.559 15.3413 11.04 5.8603
0.707 -0.707 -0.829 -0.559 16.714 10.61 11.5
0.5 -0.866 -0.829 -0.559 19.4956 10.33 18.523
0.259 -0.966 -0.866 -0.5 19.5266 9.95 19.472
0 -1 -0.899 -0.438 19.4938 9.46 19.44
-0.259 -0.966 -0.883 -0.47 18.8266 8.75 19.308
-0.5 -0.866 -0.788 -0.616 19.3992 7.77 18.065
-0.707 -0.707 -0.643 -0.766 20.7518 6.40 12.497
-0.866 -0.5 -0.438 -0.899 20.2217 5.90 14.595
-0.966 -0.259 -0.174 -0.985 20.7863 5.78 20.229
-1 0 0.105 -0.995 22.263 5.91 22.088
-0.966 0.259 0.276 -0.961 23.3493 6.05 23.272
-0.866 0.5 0.342 -0.94 26.0638 6.41 24.924
-0.707 0.707 0.342 -0.94 26.4458 7.14 21.318
-0.5 0.866 0.276 -0.961 27.4167 8.01 23.092
-0.259 0.966 0.105 -0.995 27.3834 8.90 22.011
0 1 0.035 -0.999 19.7396 11.74 18.491
0.259 0.966 -0.07 -0.998 17.9857 11.72 20.977
0.5 0.866 -0.104 -0.995 18.1181 11.58 18.79
0.707 0.707 -0.208 -0.978 16.5957 11.12 19.594
0.866 0.5 -0.276 -0.961 15.768 10.40 15.448
0.966 0.259 -0.309 -0.951 12.9072 9.93 2.9154
1 0 -0.342 -0.94 8.5226 9.36 0.80758
0.966 -0.259 -0.375 -0.927 8.7711 8.73 1.6103
0.866 -0.5 -0.438 -0.899 11.1511 8.08 4.9399
0.707 -0.707 -0.438 -0.899 12.5576 7.62 6.4473
0.5 -0.866 -0.53 -0.848 12.9776 7.33 14.536
0.259 -0.966 -0.643 -0.766 13.9173 7.06 10.221
0 -1 -0.719 -0.695 13.6226 6.80 9.2983
-0.259 -0.966 -0.743 -0.669 13.2512 6.41 6.7146
-0.5 -0.866 -0.695 -0.719 13.2667 6.12 7.4548
-0.707 -0.707 -0.5 -0.866 12.3668 6.45 3.899
-0.866 -0.5 -0.208 -0.978 11.9648 6.98 6.3184
-0.966 -0.259 0.105 -0.995 13.0858 7.70 8.5718
-1 0 0.242 -0.97 15.3019 8.52 7.8833
-0.966 0.259 0.276 -0.961 17.4982 9.01 10.482
-0.866 0.5 0.276 -0.961 19.2954 9.49 12.329
-0.707 0.707 0.276 -0.961 20.994 9.75 9.7573
-0.5 0.866 0.208 -0.978 21.2983 9.81 10.161
-0.259 0.966 0.208 -0.978 20.9745 9.75 8.6461
0 1 0.97 -0.242 19.7396 7.38 5.4715
0.259 0.966 0.97 -0.242 17.9857 7.48 0.53921
0.5 0.866 0.978 -0.208 18.1181 7.34 3.6836
0.707 0.707 0.961 -0.276 16.5957 8.36 4.1722
0.866 0.5 0.94 -0.342 15.768 8.72 6.8385
0.966 0.259 0.914 -0.407 12.9072 8.67 6.3552
1 0 0.866 -0.5 8.5226 8.44 1.3328
0.966 -0.259 0.829 -0.559 8.7711 8.13 2.958
0.866 -0.5 0.766 -0.643 11.1511 7.86 2.7005
0.707 -0.707 0.719 -0.695 12.5576 7.61 1.8668
0.5 -0.866 0.616 -0.788 12.9776 6.97 4.0645
0.259 -0.966 0.5 -0.866 13.9173 6.38 6.8227
0 -1 0.407 -0.914 13.6226 5.99 9.554
-0.259 -0.966 0.407 -0.914 13.2512 5.86 14.178
-0.5 -0.866 0.5 -0.866 13.2667 5.87 14.083
-0.707 -0.707 0.53 -0.848 12.3668 5.60 9.9303
-0.866 -0.5 0.53 -0.848 11.9648 5.35 6.8731
-0.966 -0.259 0.5 -0.866 13.0858 5.53 8.3093
-1 0 0.47 -0.883 15.3019 5.74 7.329
-0.966 0.259 0.407 -0.914 17.4982 5.78 6.3726
-0.866 0.5 0.342 -0.94 19.2954 5.92 9.0913
-0.707 0.707 0.375 -0.927 20.994 6.83 17.832
-0.5 0.866 0.342 -0.94 21.2983 7.88 13.035
-0.259 0.966 0.309 -0.951 20.9745 8.15 11.94
0 1 0.5 -0.866 19.7396 9.28 5.4704
0.259 0.966 0.5 -0.866 17.9857 9.40 2.8431
0.707 0.707 0.309 -0.951 16.5957 8.66 1.144
1 0 0.105 -0.995 8.5226 8.01 2.6727
0.966 -0.259 0.035 -0.999 8.7711 7.85 0.45228
0.866 -0.5 -0.035 -0.999 11.1511 7.57 3.1151
0.707 -0.707 -0.07 -0.998 12.5576 7.32 1.7757
0.5 -0.866 -0.139 -0.99 12.9776 7.08 2.9949
0.259 -0.966 -0.309 -0.951 13.9173 6.66 3.4708
0 -1 -0.5 -0.866 13.6226 6.36 2.9045
-0.259 -0.966 -0.53 -0.848 13.2512 6.38 4.539
-0.5 -0.866 -0.438 -0.899 13.2667 6.55 5.342
-0.707 -0.707 -0.342 -0.94 12.3668 6.81 6.3487
-0.866 -0.5 -0.208 -0.978 11.9648 7.16 5.1222
-0.966 -0.259 0 -1 13.0858 7.63 2.9601
-1 0 0.174 -0.985 15.3019 7.98 6.5182
-0.966 0.259 0.276 -0.961 17.4982 8.07 13.875
-0.866 0.5 0.309 -0.951 19.2954 8.16 9.9316
-0.707 0.707 0.342 -0.94 20.994 8.50 9.06
-0.5 0.866 0.342 -0.94 21.2983 8.75 10.456
-0.259 0.966 0.309 -0.951 20.9745 8.72 11.081
0 1 0.208 -0.978 19.7396 9.16 10.685
0.259 0.966 0.139 -0.99 17.9857 8.99 5.7146
0.5 0.866 0.035 -0.999 18.1181 8.93 3.3147
0.707 0.707 -0.104 -0.995 16.5957 8.75 3.2436
0.866 0.5 -0.242 -0.97 15.768 8.59 3.584
0.966 0.259 -0.309 -0.951 12.9072 8.69 0.81586
0.866 -0.5 -0.342 -0.94 11.1511 8.16 4.5828
0.707 -0.707 -0.342 -0.94 12.5576 7.81 4.9168
0.5 -0.866 -0.407 -0.914 12.9776 7.59 7.3218
0.259 -0.966 -0.5 -0.866 13.9173 7.26 9.3432
0 -1 -0.559 -0.829 13.6226 6.90 9.5967
-0.259 -0.966 -0.588 -0.809 13.2512 6.56 9.1577
-0.5 -0.866 -0.53 -0.848 13.2667 6.46 10.545
-0.707 -0.707 -0.407 -0.914 12.3668 6.55 11.957
-0.866 -0.5 -0.174 -0.985 11.9648 6.53 8.5008
-0.966 -0.259 0.174 -0.985 13.0858 6.52 7.844
-1 0 0.47 -0.883 15.3019 6.84 9.0325
-0.966 0.259 0.616 -0.788 17.4982 6.96 9.8098
-0.866 0.5 0.669 -0.743 19.2954 6.96 11.131
-0.707 0.707 0.766 -0.643 20.994 7.24 15.243
-0.5 0.866 0.788 -0.616 21.2983 7.46 16.322
-0.259 0.966 0.829 -0.559 20.9745 7.13 13.601
0 1 0.375 -0.927 19.7396 8.89 12.373
0.259 0.966 0.242 -0.97 17.9857 8.79 10.729
0.5 0.866 0.105 -0.995 18.1181 8.78 12.573
0.707 0.707 -0.035 -0.999 16.5957 8.58 12.528
0.866 0.5 -0.139 -0.99 15.768 8.30 15.376
0.966 0.259 -0.139 -0.99 12.9072 7.97 13.447
1 0 -0.07 -0.998 8.5226 7.64 6.9384
0.966 -0.259 -0.035 -0.999 8.7711 7.40 10.64
0.866 -0.5 -0.104 -0.995 11.1511 7.23 8.2016
0.707 -0.707 -0.104 -0.995 12.5576 7.19 10.862
0.5 -0.866 -0.104 -0.995 12.9776 7.04 10.432
0.259 -0.966 -0.139 -0.99 13.9173 6.64 10.482
0 -1 -0.139 -0.99 13.6226 6.24 12.825
-0.259 -0.966 -0.104 -0.995 13.2512 5.50 12.676
-0.5 -0.866 -0.035 -0.999 13.2667 4.82 14.383
-0.707 -0.707 0 -1 12.3668 4.36 10.996
-0.866 -0.5 0.208 -0.978 11.9648 4.84 12.224
-0.966 -0.259 0.407 -0.914 13.0858 5.73 14.143
-1 0 0.47 -0.883 15.3019 6.25 12.157
-0.966 0.259 0.5 -0.866 17.4982 6.90 16.65
-0.866 0.5 0.5 -0.866 19.2954 7.84 18.043
-0.707 0.707 0.47 -0.883 20.994 8.84 23.516
-0.5 0.866 0.342 -0.94 21.2983 9.74 21.72
-0.259 0.966 0.208 -0.978 20.9745 9.86 18.838
0 1 0.174 -0.985 19.7396 9.44 17.322
0.259 0.966 0.035 -0.999 17.9857 9.21 16.537
0.5 0.866 -0.104 -0.995 18.1181 8.71 17.274
0.707 0.707 -0.242 -0.97 16.5957 8.00 13.277
0.866 0.5 -0.342 -0.94 15.768 7.32 19.206
0.966 0.259 -0.375 -0.927 12.9072 6.99 14.734
1 0 -0.276 -0.961 8.5226 7.01 14.873
0.966 -0.259 -0.242 -0.97 8.7711 7.40 14.547
0.866 -0.5 -0.242 -0.97 11.1511 7.60 8.9725
0.707 -0.707 -0.208 -0.978 12.5576 8.08 9.1875
0.5 -0.866 -0.276 -0.961 12.9776 8.08 5.1713
0.259 -0.966 -0.469 -0.883 13.9173 7.46 9.448
0 -1 -0.616 -0.788 13.6226 6.93 9.1889
-0.259 -0.966 -0.616 -0.788 13.2512 7.05 8.517
-0.5 -0.866 -0.5 -0.866 13.2667 7.34 10.872
-0.707 -0.707 -0.342 -0.94 12.3668 7.49 11.396
-0.866 -0.5 -0.104 -0.995 11.9648 7.64 13.123
-0.966 -0.259 0.139 -0.99 13.0858 8.04 12.267
-1 0 0.375 -0.927 15.3019 8.94 15.759
-0.966 0.259 0.616 -0.788 17.4982 9.60 17.168
-0.866 0.5 0.743 -0.669 19.2954 9.68 20.145
-0.707 0.707 0.766 -0.643 20.994 9.78 19.426
-0.5 0.866 0.719 -0.695 21.2983 9.72 23.664
-0.259 0.966 0.616 -0.788 20.9745 9.25 21.74
0 1 -0.07 -0.998 19.7396 8.63 16.182
0.259 0.966 -0.242 -0.97 17.9857 9.10 10.931
0.5 0.866 -0.309 -0.951 18.1181 9.54 13.446
0.707 0.707 -0.342 -0.94 16.5957 9.43 12.548
0.866 0.5 -0.375 -0.927 15.768 9.03 12.736
0.966 0.259 -0.375 -0.927 12.9072 8.34 15.405
1 0 -0.375 -0.927 8.5226 7.84 14.274
0.966 -0.259 -0.309 -0.951 8.7711 7.45 9.0046
0.866 -0.5 -0.309 -0.951 11.1511 7.21 5.7115
0.707 -0.707 -0.342 -0.94 12.5576 7.10 15.823
0.5 -0.866 -0.407 -0.914 12.9776 7.04 15.036
0.259 -0.966 -0.5 -0.866 13.9173 6.81 10.086
0 -1 -0.643 -0.766 13.6226 6.60 11.061
-0.259 -0.966 -0.695 -0.719 13.2512 6.83 8.3146
-0.5 -0.866 -0.669 -0.743 13.2667 7.53 11.377
-0.707 -0.707 -0.588 -0.809 12.3668 8.68 12.8
-0.866 -0.5 -0.438 -0.899 11.9648 10.15 15.957
-0.966 -0.259 -0.276 -0.961 13.0858 10.30 14.277
-1 0 -0.139 -0.99 15.3019 10.33 20.5
-0.966 0.259 -0.07 -0.998 17.4982 10.33 26.422
-0.866 0.5 -0.035 -0.999 19.2954 10.89 26.279
-0.707 0.707 -0.07 -0.998 20.994 11.34 25.123
-0.5 0.866 -0.07 -0.998 21.2983 11.34 27.189
-0.259 0.966 -0.104 -0.995 20.9745 10.63 29.022
0 1 -0.174 -0.985 19.7396 12.24 27.191
0.259 0.966 -0.208 -0.978 17.9857 11.82 22.995
0.5 0.866 -0.208 -0.978 18.1181 11.35 23.909
0.707 0.707 -0.242 -0.97 16.5957 10.60 25.422
0.866 0.5 -0.139 -0.99 15.768 9.05 25.337
0.966 0.259 -0.035 -0.999 12.9072 7.74 19.412
1 0 -0.035 -0.999 8.5226 7.78 16.185
0.966 -0.259 -0.07 -0.998 8.7711 7.84 16.978
0.866 -0.5 -0.104 -0.995 11.1511 7.88 23.872
0.707 -0.707 -0.208 -0.978 12.5576 8.20 22.693
0.5 -0.866 -0.375 -0.927 12.9776 8.59 20.776
0.259 -0.966 -0.469 -0.883 13.9173 8.33 21.954
0 -1 -0.616 -0.788 13.6226 8.00 21.325
-0.259 -0.966 -0.616 -0.788 13.2512 7.67 17.569
-0.5 -0.866 -0.559 -0.829 13.2667 7.53 14.928
-0.707 -0.707 -0.5 -0.866 12.3668 7.99 13.844
-0.866 -0.5 -0.375 -0.927 11.9648 8.57 13.943
-0.966 -0.259 -0.276 -0.961 13.0858 9.40 18.392
-1 0 -0.104 -0.995 15.3019 10.25 22.482
-0.966 0.259 0.07 -0.998 17.4982 11.18 21.804
-0.866 0.5 0.139 -0.99 19.2954 11.41 23.39
-0.707 0.707 0.139 -0.99 20.994 10.32 27.789
-0.5 0.866 -0.035 -0.999 21.2983 9.77 26.557
-0.259 0.966 -0.208 -0.978 20.9745 9.61 27.17
0 1 -0.104 -0.995 19.7396 12.44 25.674
0.259 0.966 -0.139 -0.99 17.9857 11.55 25.482
0.5 0.866 -0.276 -0.961 18.1181 10.40 24.185
0.707 0.707 -0.5 -0.866 16.5957 10.03 22.487
0.866 0.5 -0.695 -0.719 15.768 10.11 23.889
0.966 0.259 -0.788 -0.616 12.9072 10.31 15.133
1 0 -0.809 -0.588 8.5226 10.31 13.463
0.966 -0.259 -0.809 -0.588 8.7711 10.10 4.6185
0.866 -0.5 -0.848 -0.53 11.1511 9.94 7.5987
0.707 -0.707 -0.848 -0.53 12.5576 9.78 8.7208
0.5 -0.866 -0.899 -0.438 12.9776 9.48 11.695
0.259 -0.966 -0.961 -0.276 13.9173 9.47 19.861
0 -1 -0.978 -0.208 13.6226 9.84 20.09
-0.259 -0.966 -0.927 -0.375 13.2512 10.78 15.396
-0.5 -0.866 -0.743 -0.669 13.2667 11.60 13.851
-0.707 -0.707 -0.559 -0.829 12.3668 10.35 11.076
-0.866 -0.5 -0.375 -0.927 11.9648 9.72 10.776
-0.966 -0.259 -0.242 -0.97 13.0858 9.81 11.007
-1 0 -0.174 -0.985 15.3019 10.45 10.847
-0.966 0.259 -0.104 -0.995 17.4982 11.26 13.341
-0.866 0.5 -0.139 -0.99 19.2954 12.07 17.374
-0.707 0.707 -0.208 -0.978 20.994 12.86 21.011
-0.5 0.866 -0.309 -0.951 21.2983 13.59 25.143
-0.259 0.966 -0.469 -0.883 20.9745 13.87 24.672
0 1 -0.375 -0.927 19.7396 11.31 25.129
0.259 0.966 -0.438 -0.899 17.9857 11.23 22.374
0.5 0.866 -0.469 -0.883 18.1181 11.24 21.717
0.707 0.707 -0.469 -0.883 16.5957 11.18 23.831
0.866 0.5 -0.469 -0.883 15.768 10.61 19.868
0.966 0.259 -0.469 -0.883 12.9072 9.52 20.757
1 0 -0.559 -0.829 8.5226 8.97 19.122
0.966 -0.259 -0.669 -0.743 8.7711 8.94 19.932
0.866 -0.5 -0.743 -0.669 11.1511 8.83 21.851
0.707 -0.707 -0.809 -0.588 12.5576 8.65 25.181
0.5 -0.866 -0.914 -0.407 12.9776 8.29 22.742
0.259 -0.966 -0.985 -0.174 13.9173 7.92 19.589
0 -1 -1 0 13.6226 7.62 20.083
-0.259 -0.966 -0.998 -0.07 13.2512 7.42 23.557
-0.5 -0.866 -0.961 -0.276 13.2667 7.15 27.052
-0.707 -0.707 -0.829 -0.559 12.3668 6.86 24.541
-0.866 -0.5 -0.616 -0.788 11.9648 6.73 26.046
-0.966 -0.259 -0.342 -0.94 13.0858 7.14 27.055
-1 0 -0.174 -0.985 15.3019 8.03 25.407
-0.966 0.259 -0.07 -0.998 17.4982 8.96 28.556
-0.866 0.5 -0.07 -0.998 19.2954 10.07 30.069
-0.707 0.707 -0.104 -0.995 20.994 11.27 29.943
-0.5 0.866 -0.208 -0.978 21.2983 12.19 29.354
-0.259 0.966 -0.342 -0.94 20.9745 12.57 30.479
0 1 -0.276 -0.961 19.7396 12.88 30.38
0.259 0.966 -0.438 -0.899 17.9857 13.87 29.719
0.5 0.866 -0.5 -0.866 18.1181 13.57 24.441
0.707 0.707 -0.559 -0.829 16.5957 12.87 28.608
0.866 0.5 -0.643 -0.766 15.768 11.82 21.07
0.966 0.259 -0.695 -0.719 12.9072 10.48 16.639
1 0 -0.788 -0.616 8.5226 9.53 10.72
0.966 -0.259 -0.829 -0.559 8.7711 9.00 5.0781
0.866 -0.5 -0.883 -0.47 11.1511 8.70 18.332
0.707 -0.707 -0.899 -0.438 12.5576 8.67 16.795
0.259 -0.966 -0.97 -0.242 13.9173 8.84 17.792
0 -1 -0.94 -0.342 13.6226 9.13 15.541
-0.259 -0.966 -0.899 -0.438 13.2512 9.45 16.236
-0.5 -0.866 -0.866 -0.5 13.2667 9.44 14.589
-0.707 -0.707 -0.829 -0.559 12.3668 9.37 13.033
-0.866 -0.5 -0.643 -0.766 11.9648 10.01 11.943
-0.966 -0.259 -0.438 -0.899 13.0858 10.83 12.515
-1 0 -0.276 -0.961 15.3019 11.02 13.783
-0.966 0.259 -0.174 -0.985 17.4982 10.96 14.763
-0.259 0.966 -0.242 -0.97 20.9745 12.07 13.258
0.707 0.707 -0.829 -0.559 16.5957 10.92 11.995
0.866 0.5 -0.848 -0.53 15.768 10.89 12.984
0.966 0.259 -0.866 -0.5 12.9072 10.22 12.083
1 0 -0.899 -0.438 8.5226 9.78 5.8292
0.966 -0.259 -0.914 -0.407 8.7711 9.25 10.706
0.866 -0.5 -0.951 -0.309 11.1511 8.93 11.828
0.707 -0.707 -0.978 -0.208 12.5576 9.43 21.485
0.259 -0.966 -0.978 -0.208 13.9173 9.81 13.652
0 -1 -0.961 -0.276 13.6226 10.04 14.794
-0.259 -0.966 -0.94 -0.342 13.2512 9.88 17.188
-0.5 -0.866 -0.914 -0.407 13.2667 9.61 20.576
-0.707 -0.707 -0.883 -0.47 12.3668 9.53 17.87
-0.866 -0.5 -0.809 -0.588 11.9648 9.43 18.617
-0.966 -0.259 -0.719 -0.695 13.0858 9.58 20.672
-1 0 -0.616 -0.788 15.3019 9.82 23.295
-0.966 0.259 -0.469 -0.883 17.4982 9.73 22.346
-0.866 0.5 -0.342 -0.94 19.2954 9.48 23.618
-0.707 0.707 -0.208 -0.978 20.994 10.04 24.965
-0.5 0.866 -0.139 -0.99 21.2983 10.89 24.009
-0.259 0.966 -0.242 -0.97 20.9745 11.53 23.938
0 1 -0.407 -0.914 19.7396 12.82 23.735
0.259 0.966 -0.5 -0.866 17.9857 12.61 22.624
0.5 0.866 -0.53 -0.848 18.1181 12.42 22.731
0.707 0.707 -0.53 -0.848 16.5957 11.94 22.554
0.866 0.5 -0.559 -0.829 15.768 11.78 19.389
0.966 0.259 -0.588 -0.809 12.9072 11.58 18.666
1 0 -0.669 -0.743 8.5226 11.18 8.6175
0.966 -0.259 -0.766 -0.643 8.7711 10.26 12.003
0.866 -0.5 -0.848 -0.53 11.1511 9.37 15.774
0.707 -0.707 -0.914 -0.407 12.5576 8.59 15.008
0.259 -0.966 -0.985 -0.174 13.9173 7.56 15.007
0 -1 -0.99 -0.139 13.6226 7.25 10.987
-0.259 -0.966 -0.985 -0.174 13.2512 7.09 10.334
-0.5 -0.866 -0.951 -0.309 13.2667 6.94 12.484
-0.707 -0.707 -0.883 -0.47 12.3668 6.76 13.177
-0.866 -0.5 -0.743 -0.669 11.9648 6.64 14.117
-0.966 -0.259 -0.407 -0.914 13.0858 6.72 14.434
-1 0 0 -1 15.3019 7.01 13.385
-0.966 0.259 0.242 -0.97 17.4982 7.68 14.359
-0.866 0.5 0.242 -0.97 19.2954 8.33 15.22
-0.707 0.707 0.174 -0.985 20.994 9.34 14.872
-0.5 0.866 0.139 -0.99 21.2983 9.41 15.165
-0.259 0.966 0.07 -0.998 20.9745 8.97 16.133
0 1 0.309 -0.951 19.7396 9.82 14.908
0.259 0.966 0.342 -0.94 17.9857 10.14 14.775
0.5 0.866 0.276 -0.961 18.1181 10.70 12.035
0.707 0.707 0.105 -0.995 16.5957 10.57 11.85
0.866 0.5 -0.035 -0.999 15.768 10.03 10.385
0.966 0.259 -0.174 -0.985 12.9072 9.49 9.5998
1 0 -0.309 -0.951 8.5226 9.07 10.14
0.966 -0.259 -0.375 -0.927 8.7711 8.57 8.5262
0.866 -0.5 -0.469 -0.883 11.1511 8.10 7.8569
0.707 -0.707 -0.5 -0.866 12.5576 7.96 9.2763
0.5 -0.866 -0.53 -0.848 12.9776 7.97 8.1124
0.259 -0.966 -0.588 -0.809 13.9173 7.89 9.4794
0 -1 -0.643 -0.766 13.6226 7.80 15.005
-0.259 -0.966 -0.695 -0.719 13.2512 7.62 13.947
-0.5 -0.866 -0.719 -0.695 13.2667 6.96 13.716
-0.707 -0.707 -0.695 -0.719 12.3668 6.04 7.6206
-0.866 -0.5 -0.469 -0.883 11.9648 5.35 8.1059
-0.966 -0.259 -0.139 -0.99 13.0858 5.27 9.6152
-1 0 0.139 -0.99 15.3019 6.13 9.7018
-0.966 0.259 0.139 -0.99 17.4982 7.10 10.777
-0.866 0.5 0.07 -0.998 19.2954 8.18 13.746
-0.707 0.707 0.139 -0.99 20.994 9.48 15.131
-0.5 0.866 0.208 -0.978 21.2983 10.73 16.053
-0.259 0.966 0.276 -0.961 20.9745 11.31 15.918
0 1 -0.07 -0.998 19.7396 9.80 14.609
0.259 0.966 -0.208 -0.978 17.9857 9.96 12.176
0.5 0.866 -0.309 -0.951 18.1181 9.80 10.958
0.707 0.707 -0.407 -0.914 16.5957 9.42 10.31
0.866 0.5 -0.438 -0.899 15.768 9.35 10.015
0.966 0.259 -0.407 -0.914 12.9072 9.78 9.9534
1 0 -0.407 -0.914 8.5226 9.70 12.11
0.966 -0.259 -0.469 -0.883 8.7711 8.86 10.9
0.866 -0.5 -0.588 -0.809 11.1511 7.82 6.709
0.707 -0.707 -0.669 -0.743 12.5576 6.93 7.3231
0.5 -0.866 -0.766 -0.643 12.9776 6.58 10.429
0.259 -0.966 -0.848 -0.53 13.9173 6.56 8.6482
0 -1 -0.914 -0.407 13.6226 6.44 6.3993
-0.259 -0.966 -0.927 -0.375 13.2512 6.42 13.019
-0.5 -0.866 -0.866 -0.5 13.2667 6.52 12.917
-0.707 -0.707 -0.766 -0.643 12.3668 6.62 10.314
-0.866 -0.5 -0.643 -0.766 11.9648 6.63 6.7564
-0.966 -0.259 -0.309 -0.951 13.0858 6.94 5.5677
-1 0 -0.07 -0.998 15.3019 7.43 5.965
-0.966 0.259 0.105 -0.995 17.4982 8.17 12.851
-0.866 0.5 0.174 -0.985 19.2954 9.08 16.255
-0.707 0.707 0.105 -0.995 20.994 9.82 16.401
-0.5 0.866 0 -1 21.2983 10.27 16.635
-0.259 0.966 -0.139 -0.99 20.9745 10.60 16.004
0 1 -0.208 -0.978 19.7396 9.52 16.6
0.259 0.966 -0.407 -0.914 17.9857 9.52 15.467
0.5 0.866 -0.616 -0.788 18.1181 9.69 15.456
0.707 0.707 -0.669 -0.743 16.5957 10.07 11.48
0.866 0.5 -0.669 -0.743 15.768 9.87 12.932
0.966 0.259 -0.669 -0.743 12.9072 9.42 8.1887
1 0 -0.669 -0.743 8.5226 9.31 0.6491
0.866 -0.5 -0.743 -0.669 11.1511 8.87 7.1562
0.707 -0.707 -0.788 -0.616 12.5576 8.68 9.0233
0.5 -0.866 -0.866 -0.5 12.9776 8.63 11.334
0.259 -0.966 -0.94 -0.342 13.9173 8.65 15.409
0 -1 -0.97 -0.242 13.6226 8.65 10.068
-0.259 -0.966 -0.927 -0.375 13.2512 8.53 8.253
-0.5 -0.866 -0.809 -0.588 13.2667 8.36 6.075
-0.707 -0.707 -0.643 -0.766 12.3668 8.07 16.141
-0.866 -0.5 -0.469 -0.883 11.9648 7.90 10.831
-0.966 -0.259 -0.309 -0.951 13.0858 7.97 14.576
-1 0 -0.174 -0.985 15.3019 8.21 19.184
-0.966 0.259 -0.07 -0.998 17.4982 8.83 21.647
-0.866 0.5 -0.035 -0.999 19.2954 9.40 25.369
-0.707 0.707 -0.035 -0.999 20.994 9.82 26.205
-0.5 0.866 -0.104 -0.995 21.2983 10.05 27.235
-0.259 0.966 -0.174 -0.985 20.9745 10.11 27.598
0 1 -0.242 -0.97 19.7396 9.35 28.578
0.259 0.966 -0.342 -0.94 17.9857 9.39 24.977
0.5 0.866 -0.469 -0.883 18.1181 9.54 22.427
0.707 0.707 -0.559 -0.829 16.5957 9.91 17.828
0.866 0.5 -0.643 -0.766 15.768 9.97 20.928
0.966 0.259 -0.695 -0.719 12.9072 9.86 17.163
1 0 -0.743 -0.669 8.5226 9.38 17.042
0.966 -0.259 -0.829 -0.559 8.7711 9.04 19.02
0.866 -0.5 -0.848 -0.53 11.1511 8.92 16.862
0.707 -0.707 -0.866 -0.5 12.5576 8.60 15.691
0.5 -0.866 -0.883 -0.47 12.9776 8.31 8.6618
0.259 -0.966 -0.914 -0.407 13.9173 8.14 9.7661
0 -1 -0.899 -0.438 13.6226 7.99 9.9988
-0.259 -0.966 -0.848 -0.53 13.2512 7.85 9.4469
-0.5 -0.866 -0.766 -0.643 13.2667 7.49 11.338
-0.707 -0.707 -0.643 -0.766 12.3668 7.26 12.356
-0.866 -0.5 -0.5 -0.866 11.9648 7.12 12.177
-0.966 -0.259 -0.342 -0.94 13.0858 7.59 10.006
-1 0 -0.208 -0.978 15.3019 7.99 9.3171
-0.966 0.259 -0.104 -0.995 17.4982 8.28 8.6366
-0.866 0.5 -0.07 -0.998 19.2954 8.73 10.792
-0.707 0.707 -0.07 -0.998 20.994 9.11 17.042
-0.5 0.866 -0.07 -0.998 21.2983 9.68 18.364
-0.259 0.966 -0.139 -0.99 20.9745 9.86 16.616
0 1 0.035 -0.999 19.7396 11.11 28.801
0.259 0.966 -0.035 -0.999 17.9857 11.41 25.634
0.5 0.866 -0.139 -0.99 18.1181 11.27 21.726
0.707 0.707 -0.242 -0.97 16.5957 10.68 18.854
0.866 0.5 -0.407 -0.914 15.768 10.05 4.7437
0.966 0.259 -0.559 -0.829 12.9072 9.83 4.1665
1 0 -0.643 -0.766 8.5226 9.95 5.1238
0.966 -0.259 -0.669 -0.743 8.7711 10.04 5.0394
0.866 -0.5 -0.695 -0.719 11.1511 10.03 9.7412
0.707 -0.707 -0.669 -0.743 12.5576 9.90 7.4075
0.5 -0.866 -0.616 -0.788 12.9776 9.71 14.028
0.259 -0.966 -0.616 -0.788 13.9173 9.45 14.048
0 -1 -0.616 -0.788 13.6226 8.93 16.63
-0.259 -0.966 -0.588 -0.809 13.2512 8.29 13.453
-0.5 -0.866 -0.469 -0.883 13.2667 7.66 14.485
-0.707 -0.707 -0.276 -0.961 12.3668 7.03 14.116
-0.866 -0.5 0 -1 11.9648 6.93 16.34
-0.966 -0.259 0.242 -0.97 13.0858 7.39 19.317
-1 0 0.276 -0.961 15.3019 8.24 19.711
-0.966 0.259 0.242 -0.97 17.4982 8.90 22.588
-0.866 0.5 0.208 -0.978 19.2954 9.21 27.759
-0.707 0.707 0.276 -0.961 20.994 9.58 26.037
-0.5 0.866 0.276 -0.961 21.2983 10.06 28.54
-0.259 0.966 0.174 -0.985 20.9745 10.48 28.689
0 1 -0.174 -0.985 19.7396 12.74 28.329
0.259 0.966 -0.309 -0.951 17.9857 13.69 27.514
0.5 0.866 -0.469 -0.883 18.1181 14.38 28.744
0.707 0.707 -0.559 -0.829 16.5957 14.25 26.647
0.866 0.5 -0.643 -0.766 15.768 13.59 17.272
0.966 0.259 -0.695 -0.719 12.9072 13.15 5.1713
1 0 -0.719 -0.695 8.5226 12.52 3.3737
0.966 -0.259 -0.669 -0.743 8.7711 11.39 5.5767
0.866 -0.5 -0.559 -0.829 11.1511 10.42 18.448
0.707 -0.707 -0.5 -0.866 12.5576 9.35 25.255
0.5 -0.866 -0.643 -0.766 12.9776 8.03 22.121
0.259 -0.966 -0.848 -0.53 13.9173 7.74 17.127
0 -1 -0.899 -0.438 13.6226 7.91 20.177
-0.259 -0.966 -0.848 -0.53 13.2512 8.52 25.151
-0.5 -0.866 -0.719 -0.695 13.2667 9.00 25.539
-0.707 -0.707 -0.616 -0.788 12.3668 8.99 24.478
-0.866 -0.5 -0.53 -0.848 11.9648 8.78 20.396
-0.966 -0.259 -0.438 -0.899 13.0858 8.39 19.241
-1 0 -0.208 -0.978 15.3019 8.42 26.15
-0.966 0.259 -0.035 -0.999 17.4982 8.83 30.41
-0.866 0.5 0.07 -0.998 19.2954 9.21 30.711
-0.707 0.707 0.07 -0.998 20.994 10.28 30.656
-0.5 0.866 0.035 -0.999 21.2983 11.70 29.95
0.259 0.966 -0.5 -0.866 17.9857 13.04 30.207
0.5 0.866 -0.588 -0.809 18.1181 12.71 29.892
0.707 0.707 -0.643 -0.766 16.5957 12.12 27.115
0.866 0.5 -0.719 -0.695 15.768 11.62 21.016
0.966 0.259 -0.743 -0.669 12.9072 11.11 17.494
1 0 -0.743 -0.669 8.5226 10.42 0.89794
0.966 -0.259 -0.788 -0.616 8.7711 9.60 9.5909
0.866 -0.5 -0.788 -0.616 11.1511 8.96 20.905
0.707 -0.707 -0.743 -0.669 12.5576 8.68 15.988
0.5 -0.866 -0.743 -0.669 12.9776 8.43 15.915
0.259 -0.966 -0.743 -0.669 13.9173 8.19 12.551
0 -1 -0.788 -0.616 13.6226 7.82 13.028
-0.259 -0.966 -0.848 -0.53 13.2512 7.44 8.8991
-0.5 -0.866 -0.848 -0.53 13.2667 7.15 13.784
-0.707 -0.707 -0.788 -0.616 12.3668 6.74 11.734
-0.866 -0.5 -0.695 -0.719 11.9648 6.79 11.376
-0.966 -0.259 -0.559 -0.829 13.0858 7.15 11.396
-1 0 -0.438 -0.899 15.3019 7.85 15.932
-0.966 0.259 -0.276 -0.961 17.4982 8.71 15.637
-0.866 0.5 -0.104 -0.995 19.2954 9.88 17.2
-0.707 0.707 -0.07 -0.998 20.994 10.81 16.789
-0.5 0.866 -0.139 -0.99 21.2983 11.40 14.522
-0.259 0.966 -0.309 -0.951 20.9745 11.90 21.337
0 1 -0.276 -0.961 19.7396 11.99 24.268
0.259 0.966 -0.375 -0.927 17.9857 12.10 24.551
0.5 0.866 -0.53 -0.848 18.1181 12.09 23.192
0.707 0.707 -0.616 -0.788 16.5957 11.99 21.962
0.866 0.5 -0.669 -0.743 15.768 11.85 16.892
0.966 0.259 -0.695 -0.719 12.9072 11.67 17.801
1 0 -0.743 -0.669 8.5226 11.48 15.198
0.966 -0.259 -0.788 -0.616 8.7711 11.11 14.279
0.866 -0.5 -0.848 -0.53 11.1511 10.73 17.203
0.707 -0.707 -0.883 -0.47 12.5576 10.46 15.463
0.5 -0.866 -0.914 -0.407 12.9776 10.21 15.543
0.259 -0.966 -0.927 -0.375 13.9173 10.14 18.177
0 -1 -0.914 -0.407 13.6226 9.85 16.995
-0.259 -0.966 -0.883 -0.47 13.2512 9.72 13.203
-0.5 -0.866 -0.829 -0.559 13.2667 9.87 18.258
-0.707 -0.707 -0.766 -0.643 12.3668 9.69 17.914
-0.866 -0.5 -0.669 -0.743 11.9648 9.29 13.048
-0.966 -0.259 -0.469 -0.883 13.0858 9.19 15.898
-1 0 -0.276 -0.961 15.3019 9.26 20.441
-0.966 0.259 -0.104 -0.995 17.4982 9.60 22.525
-0.866 0.5 -0.035 -0.999 19.2954 10.11 24.137
-0.707 0.707 -0.07 -0.998 20.994 10.64 23.487
-0.5 0.866 -0.174 -0.985 21.2983 11.30 19.543
-0.259 0.966 -0.309 -0.951 20.9745 11.83 20.181
0 1 -0.276 -0.961 19.7396 12.11 20.71
0.259 0.966 -0.407 -0.914 17.9857 12.31 16.053
0.5 0.866 -0.53 -0.848 18.1181 12.27 16.252
0.707 0.707 -0.643 -0.766 16.5957 12.10 12.967
0.866 0.5 -0.695 -0.719 15.768 11.95 14.919
0.966 0.259 -0.719 -0.695 12.9072 11.87 12.314
1 0 -0.766 -0.643 8.5226 11.62 1.972
0.866 -0.5 -0.866 -0.5 11.1511 10.60 3.8344
0.707 -0.707 -0.899 -0.438 12.5576 10.62 8.9328
0.5 -0.866 -0.914 -0.407 12.9776 10.71 13.277
0.259 -0.966 -0.94 -0.342 13.9173 10.44 15.564
0 -1 -0.94 -0.342 13.6226 9.97 17.505
-0.259 -0.966 -0.899 -0.438 13.2512 9.55 19.106
-0.5 -0.866 -0.766 -0.643 13.2667 9.14 13.794
-0.707 -0.707 -0.643 -0.766 12.3668 8.80 13.429
-0.866 -0.5 -0.5 -0.866 11.9648 8.51 15.458
-0.966 -0.259 -0.342 -0.94 13.0858 8.48 17.489
-1 0 -0.174 -0.985 15.3019 8.68 22.861
-0.966 0.259 -0.035 -0.999 17.4982 8.81 25.485
-0.866 0.5 0 -1 19.2954 9.12 29.049
-0.707 0.707 0.035 -0.999 20.994 9.78 30.434
-0.5 0.866 0 -1 21.2983 10.36 29.275
-0.259 0.966 -0.139 -0.99 20.9745 10.51 27.933
0 1 -0.342 -0.94 23.721 12.81 14.646
0.259 0.966 -0.375 -0.927 22.6249 12.69 14.076
0.5 0.866 -0.375 -0.927 21.3543 12.32 10.882
0.707 0.707 -0.375 -0.927 20.207 11.69 13.063
0.866 0.5 -0.309 -0.951 17.2063 10.99 12.198
0.966 0.259 -0.309 -0.951 9.986 10.50 8.1712
1 0 -0.309 -0.951 6.9144 10.23 2.9147
-0.259 -0.966 -0.407 -0.914 13.4675 7.85 8.8224
-0.5 -0.866 -0.342 -0.94 14.1008 8.13 19.301
-0.707 -0.707 -0.276 -0.961 14.2559 8.27 19.247
-0.866 -0.5 -0.208 -0.978 14.5378 8.55 14.814
-0.966 -0.259 -0.104 -0.995 15.5136 8.94 13.053
-1 0 0 -1 16.9735 9.10 17.661
-0.966 0.259 0.105 -0.995 20.2834 8.92 24.844
-0.866 0.5 0.208 -0.978 23.3016 8.70 28.704
-0.707 0.707 0.242 -0.97 24.8576 8.69 25.687
-0.5 0.866 0.208 -0.978 25.9692 8.63 21.116
-0.259 0.966 0.139 -0.99 25.3225 8.55 24.254
0 1 -0.07 -0.998 23.721 11.26 21.498
0.259 0.966 -0.104 -0.995 22.6249 11.09 24.354
0.5 0.866 -0.139 -0.99 21.3543 10.74 25.524
0.707 0.707 -0.208 -0.978 20.207 10.23 21.821
0.866 0.5 -0.242 -0.97 17.2063 9.77 17.968
0.966 0.259 -0.342 -0.94 9.986 9.40 13.163
1 0 -0.407 -0.914 6.9144 9.17 8.7979
0.966 -0.259 -0.469 -0.883 6.0482 8.61 9.4602
0.707 -0.707 -0.5 -0.866 15.7139 8.23 10.701
0.5 -0.866 -0.559 -0.829 18.2022 8.18 9.8016
0.259 -0.966 -0.588 -0.809 17.159 8.19 11.13
0 -1 -0.616 -0.788 15.1201 8.01 10.911
-0.259 -0.966 -0.588 -0.809 13.4675 7.81 10.734
-0.5 -0.866 -0.469 -0.883 14.1008 7.83 8.7131
-0.707 -0.707 -0.375 -0.927 14.2559 7.81 7.7513
-0.866 -0.5 -0.309 -0.951 14.5378 7.94 6.4025
-0.966 -0.259 -0.309 -0.951 15.5136 8.24 7.2745
-1 0 -0.309 -0.951 16.9735 8.91 7.1028
-0.966 0.259 -0.242 -0.97 20.2834 9.69 8.0153
-0.866 0.5 -0.242 -0.97 23.3016 10.51 10.512
-0.707 0.707 -0.276 -0.961 24.8576 10.90 13.29
-0.5 0.866 -0.375 -0.927 25.9692 10.91 14.57
-0.259 0.966 -0.438 -0.899 25.3225 11.04 13.148
0 1 0 -1 23.721 9.38 13.022
0.259 0.966 -0.139 -0.99 22.6249 9.42 13.301
0.5 0.866 -0.276 -0.961 21.3543 9.44 13.125
0.707 0.707 -0.469 -0.883 20.207 9.31 21.535
0.866 0.5 -0.643 -0.766 17.2063 9.06 18.803
0.966 0.259 -0.743 -0.669 9.986 8.90 21.504
1 0 -0.809 -0.588 6.9144 8.78 18.892
0.966 -0.259 -0.883 -0.47 6.0482 8.61 14.655
0.866 -0.5 -0.914 -0.407 11.8962 8.61 17.972
0.707 -0.707 -0.899 -0.438 15.7139 8.76 17.754
0.5 -0.866 -0.899 -0.438 18.2022 8.68 14.043
0.259 -0.966 -0.951 -0.309 17.159 8.48 11.321
0 -1 -0.99 -0.139 15.1201 8.40 11.644
-0.259 -0.966 -0.97 -0.242 13.4675 8.46 10.279
-0.5 -0.866 -0.866 -0.5 14.1008 8.27 9.4464
-0.707 -0.707 -0.643 -0.766 14.2559 7.79 10.402
-0.866 -0.5 -0.309 -0.951 14.5378 7.41 9.1903
-0.966 -0.259 0.035 -0.999 15.5136 7.40 7.4111
-1 0 0.309 -0.951 16.9735 7.65 9.5849
-0.966 0.259 0.5 -0.866 20.2834 7.98 9.98
-0.866 0.5 0.53 -0.848 23.3016 8.43 14.094
-0.707 0.707 0.438 -0.899 24.8576 8.79 11.309
-0.5 0.866 0.276 -0.961 25.9692 9.03 13.477
-0.259 0.966 0.139 -0.99 25.3225 9.39 16.055
0 1 -0.309 -0.951 23.721 10.45 19.956
0.259 0.966 -0.407 -0.914 22.6249 10.62 17.66
0.5 0.866 -0.53 -0.848 21.3543 10.80 15.775
0.707 0.707 -0.616 -0.788 20.207 10.78 19.356
0.866 0.5 -0.695 -0.719 17.2063 10.56 18.287
0.966 0.259 -0.743 -0.669 9.986 10.24 21.667
1 0 -0.788 -0.616 6.9144 9.87 7.8483
0.966 -0.259 -0.829 -0.559 6.0482 9.42 8.5896
0.866 -0.5 -0.883 -0.47 11.8962 9.11 8.8038
0.707 -0.707 -0.883 -0.47 15.7139 8.88 10.798
0.5 -0.866 -0.883 -0.47 18.2022 8.87 12.194
0.259 -0.966 -0.914 -0.407 17.159 8.86 11.465
0 -1 -0.927 -0.375 15.1201 8.69 7.9789
-0.259 -0.966 -0.914 -0.407 13.4675 8.40 9.6723
-0.5 -0.866 -0.829 -0.559 14.1008 8.11 10.247
-0.707 -0.707 -0.719 -0.695 14.2559 7.68 12.587
-0.866 -0.5 -0.588 -0.809 14.5378 7.42 18.595
-0.966 -0.259 -0.342 -0.94 15.5136 7.88 26.231
-1 0 -0.07 -0.998 16.9735 9.09 26.278
-0.966 0.259 0.105 -0.995 20.2834 10.28 29.628
-0.866 0.5 0.208 -0.978 23.3016 10.80 28.629
-0.707 0.707 0.208 -0.978 24.8576 11.36 29.168
-0.5 0.866 0.174 -0.985 25.9692 11.59 31.171
-0.259 0.966 0.105 -0.995 25.3225 11.34 29.842
0 1 -0.139 -0.99 23.721 12.08 28.262
0.259 0.966 -0.276 -0.961 22.6249 12.39 28.295
0.5 0.866 -0.407 -0.914 21.3543 12.54 26.591
0.707 0.707 -0.469 -0.883 20.207 12.35 27.91
0.866 0.5 -0.5 -0.866 17.2063 11.75 23.117
0.966 0.259 -0.559 -0.829 9.986 11.17 8.2765
1 0 -0.643 -0.766 6.9144 10.76 1.9019
0.966 -0.259 -0.669 -0.743 6.0482 10.36 2.2651
0.866 -0.5 -0.719 -0.695 11.8962 9.88 14.544
0.707 -0.707 -0.766 -0.643 15.7139 9.35 21.02
0.5 -0.866 -0.829 -0.559 18.2022 9.22 17.66
0.259 -0.966 -0.866 -0.5 17.159 8.91 14.572
0 -1 -0.899 -0.438 15.1201 8.56 12.701
-0.259 -0.966 -0.914 -0.407 13.4675 8.35 10.705
-0.5 -0.866 -0.866 -0.5 14.1008 8.22 14.041
-0.707 -0.707 -0.766 -0.643 14.2559 8.15 16.321
-0.866 -0.5 -0.559 -0.829 14.5378 8.11 15.522
-0.966 -0.259 -0.309 -0.951 15.5136 8.19 18.895
-1 0 -0.07 -0.998 16.9735 8.48 20.746
-0.966 0.259 0.07 -0.998 20.2834 9.06 22.879
-0.866 0.5 0.105 -0.995 23.3016 9.78 23.604
-0.707 0.707 0.139 -0.99 24.8576 10.52 28.216
-0.5 0.866 0.105 -0.995 25.9692 10.90 28.989
-0.259 0.966 -0.035 -0.999 25.3225 11.12 29.22
0 1 -0.407 -0.914 23.721 13.01 29.441
0.259 0.966 -0.469 -0.883 22.6249 13.31 29.199
0.5 0.866 -0.438 -0.899 21.3543 13.34 28.994
0.707 0.707 -0.375 -0.927 20.207 12.52 27.385
0.866 0.5 -0.342 -0.94 17.2063 11.58 19.628
0.966 0.259 -0.375 -0.927 9.986 10.90 12.14
1 0 -0.375 -0.927 6.9144 10.58 2.7498
0.966 -0.259 -0.407 -0.914 6.0482 10.41 3.3751
0.866 -0.5 -0.469 -0.883 11.8962 10.40 12.899
0.707 -0.707 -0.559 -0.829 15.7139 10.35 12.892
0.5 -0.866 -0.616 -0.788 18.2022 10.12 23.84
0.259 -0.966 -0.719 -0.695 17.159 9.84 15.864
0 -1 -0.829 -0.559 15.1201 9.63 20.617
-0.259 -0.966 -0.848 -0.53 13.4675 9.62 15.911
-0.5 -0.866 -0.788 -0.616 14.1008 9.59 19.049
-0.707 -0.707 -0.743 -0.669 14.2559 9.33 22.532
-0.866 -0.5 -0.643 -0.766 14.5378 8.83 25.725
-0.966 -0.259 -0.469 -0.883 15.5136 8.63 26.412
-1 0 -0.242 -0.97 16.9735 8.84 24.843
-0.966 0.259 -0.07 -0.998 20.2834 9.72 30.352
-0.866 0.5 -0.104 -0.995 23.3016 10.59 25.556
-0.707 0.707 -0.208 -0.978 24.8576 11.53 30.055
-0.5 0.866 -0.375 -0.927 25.9692 12.39 31.266
-0.259 0.966 -0.53 -0.848 25.3225 12.98 31.13
0.259 0.966 -0.616 -0.788 22.6249 14.01 30.024
0.5 0.866 -0.669 -0.743 21.3543 13.53 27.617
0.707 0.707 -0.719 -0.695 20.207 12.93 25.532
0.866 0.5 -0.743 -0.669 17.2063 12.49 17.965
0.966 0.259 -0.788 -0.616 9.986 12.03 2.3685
1 0 -0.829 -0.559 6.9144 11.62 1.9039
0.966 -0.259 -0.866 -0.5 6.0482 10.78 0.94234
0.866 -0.5 -0.914 -0.407 11.8962 10.13 10.557
0.707 -0.707 -0.94 -0.342 15.7139 9.74 18.244
0.5 -0.866 -0.951 -0.309 18.2022 9.58 19.007
0.259 -0.966 -0.951 -0.309 17.159 9.45 20.992
0 -1 -0.94 -0.342 15.1201 9.33 14.935
-0.259 -0.966 -0.927 -0.375 13.4675 9.37 12.765
-0.5 -0.866 -0.883 -0.47 14.1008 9.66 15.667
-0.707 -0.707 -0.829 -0.559 14.2559 9.87 13.775
-0.866 -0.5 -0.719 -0.695 14.5378 9.83 8.3243
-0.966 -0.259 -0.559 -0.829 15.5136 9.81 4.0584
-1 0 -0.342 -0.94 16.9735 9.82 4.0059
-0.966 0.259 -0.174 -0.985 20.2834 10.07 13.882
-0.866 0.5 -0.104 -0.995 23.3016 10.13 19.949
-0.707 0.707 -0.104 -0.995 24.8576 10.46 22.773
-0.5 0.866 -0.174 -0.985 25.9692 10.64 25.645
-0.259 0.966 -0.174 -0.985 25.3225 10.61 20.453
0 1 -0.242 -0.97 23.721 12.17 21.375
0.259 0.966 -0.342 -0.94 22.6249 12.22 23.268
0.5 0.866 -0.407 -0.914 21.3543 12.20 20.171
0.707 0.707 -0.5 -0.866 20.207 12.18 14.713
0.866 0.5 -0.559 -0.829 17.2063 12.05 12.941
0.966 0.259 -0.559 -0.829 9.986 11.84 6.6601
0.866 -0.5 -0.469 -0.883 11.8962 10.55 7.1262
0.707 -0.707 -0.438 -0.899 15.7139 10.19 11.073
0.5 -0.866 -0.469 -0.883 18.2022 9.80 5.5255
0.259 -0.966 -0.53 -0.848 17.159 9.58 4.231
0 -1 -0.588 -0.809 15.1201 9.22 5.509
-0.259 -0.966 -0.616 -0.788 13.4675 9.10 5.9156
-0.5 -0.866 -0.559 -0.829 14.1008 8.82 10.202
-0.707 -0.707 -0.342 -0.94 14.2559 8.48 8.6842
-0.866 -0.5 -0.104 -0.995 14.5378 8.69 6.9931
-0.966 -0.259 0.035 -0.999 15.5136 8.89 10.606
-1 0 0.105 -0.995 16.9735 9.39 13.247
-0.966 0.259 0.105 -0.995 20.2834 9.90 18.169
-0.866 0.5 0.07 -0.998 23.3016 10.14 17.385
-0.707 0.707 0.035 -0.999 24.8576 10.69 19.72
-0.5 0.866 -0.035 -0.999 25.9692 11.19 21.359
-0.259 0.966 -0.139 -0.99 25.3225 11.09 18.09
0 1 0.139 -0.99 23.721 11.35 20.045
0.259 0.966 0.035 -0.999 22.6249 11.14 20.116
0.5 0.866 -0.104 -0.995 21.3543 10.94 16.127
0.707 0.707 -0.242 -0.97 20.207 10.63 16.555
0.866 0.5 -0.342 -0.94 17.2063 10.36 15.588
1 0 -0.407 -0.914 6.9144 10.23 3.9656
0.966 -0.259 -0.438 -0.899 6.0482 10.08 5.9749
0.866 -0.5 -0.5 -0.866 11.8962 9.83 15.778
0.707 -0.707 -0.559 -0.829 15.7139 9.44 20.751
0.5 -0.866 -0.643 -0.766 18.2022 9.36 22.518
0.259 -0.966 -0.719 -0.695 17.159 9.36 18.765
0 -1 -0.766 -0.643 15.1201 9.33 18.161
-0.259 -0.966 -0.766 -0.643 13.4675 9.47 18.19
-0.5 -0.866 -0.719 -0.695 14.1008 9.45 15.453
-0.707 -0.707 -0.643 -0.766 14.2559 9.16 11.791
-0.866 -0.5 -0.53 -0.848 14.5378 8.77 14.475
-0.966 -0.259 -0.276 -0.961 15.5136 8.70 12.59
-1 0 -0.035 -0.999 16.9735 9.09 16.061
-0.966 0.259 0.139 -0.99 20.2834 9.49 17.656
-0.866 0.5 0.208 -0.978 23.3016 10.15 23.457
-0.707 0.707 0.208 -0.978 24.8576 10.96 24.277
-0.5 0.866 0.105 -0.995 25.9692 11.69 27.265
-0.259 0.966 -0.035 -0.999 25.3225 11.91 29.427
0 1 -0.104 -0.995 23.721 12.07 29.185
0.259 0.966 -0.242 -0.97 22.6249 12.16 26.814
0.5 0.866 -0.375 -0.927 21.3543 12.18 21.129
0.707 0.707 -0.438 -0.899 20.207 12.06 18.57
0.866 0.5 -0.469 -0.883 17.2063 11.85 17.134
0.966 0.259 -0.5 -0.866 9.986 11.26 2.0586
1 0 -0.559 -0.829 6.9144 10.73 4.4817
0.966 -0.259 -0.643 -0.766 6.0482 10.41 5.0236
0.866 -0.5 -0.719 -0.695 11.8962 9.99 12.593
0.707 -0.707 -0.743 -0.669 15.7139 9.98 17.13
0.5 -0.866 -0.788 -0.616 18.2022 10.15 23.862
0.259 -0.966 -0.809 -0.588 17.159 10.23 23.582
0 -1 -0.809 -0.588 15.1201 10.16 16.953
-0.259 -0.966 -0.766 -0.643 13.4675 10.11 9.6592
-0.5 -0.866 -0.719 -0.695 14.1008 10.33 14.058
-0.707 -0.707 -0.616 -0.788 14.2559 10.38 17.17
-0.866 -0.5 -0.469 -0.883 14.5378 10.43 16.419
-0.966 -0.259 -0.342 -0.94 15.5136 10.76 15.122
-1 0 -0.208 -0.978 16.9735 11.29 15.199
-0.966 0.259 -0.139 -0.99 20.2834 11.72 17.65
-0.866 0.5 -0.139 -0.99 23.3016 12.25 24.255
-0.707 0.707 -0.104 -0.995 24.8576 12.79 27.792
-0.5 0.866 -0.139 -0.99 25.9692 13.24 26.695
-0.259 0.966 -0.208 -0.978 25.3225 13.22 26.3
0 1 -0.309 -0.951 23.721 12.56 26.574
0.259 0.966 -0.342 -0.94 22.6249 12.66 26.011
0.5 0.866 -0.375 -0.927 21.3543 12.23 24.138
0.707 0.707 -0.342 -0.94 20.207 11.51 18.633
0.866 0.5 -0.375 -0.927 17.2063 10.75 21.699
0.966 0.259 -0.438 -0.899 9.986 10.51 16.268
1 0 -0.53 -0.848 6.9144 10.33 20.852
0.966 -0.259 -0.616 -0.788 6.0482 9.99 6.5381
0.866 -0.5 -0.695 -0.719 11.8962 9.64 5.6485
0.707 -0.707 -0.743 -0.669 15.7139 9.17 13.835
0.5 -0.866 -0.809 -0.588 18.2022 8.27 27.229
0.259 -0.966 -0.883 -0.47 17.159 7.18 23.817
0 -1 -0.914 -0.407 15.1201 6.53 19.441
-0.259 -0.966 -0.883 -0.47 13.4675 6.64 12.668
-0.5 -0.866 -0.829 -0.559 14.1008 7.30 11.256
-0.707 -0.707 -0.53 -0.848 14.2559 8.30 14.58
-0.866 -0.5 -0.035 -0.999 14.5378 8.72 15.866
-0.966 -0.259 0.174 -0.985 15.5136 9.01 16.867
-1 0 0.07 -0.998 16.9735 10.78 19.472
-0.966 0.259 0.105 -0.995 20.2834 10.73 24.608
-0.866 0.5 0.105 -0.995 23.3016 11.21 29.458
-0.707 0.707 0.07 -0.998 24.8576 11.86 29.705
-0.5 0.866 -0.035 -0.999 25.9692 12.32 28.658
-0.259 0.966 -0.139 -0.99 25.3225 12.41 28.384
0 1 -0.342 -0.94 23.721 11.73 24.876
0.259 0.966 -0.5 -0.866 22.6249 11.73 25.291
0.5 0.866 -0.616 -0.788 21.3543 11.70 26.457
0.707 0.707 -0.695 -0.719 20.207 11.65 22.975
0.866 0.5 -0.743 -0.669 17.2063 11.30 17.382
0.966 0.259 -0.788 -0.616 9.986 11.06 2.6145
1 0 -0.809 -0.588 6.9144 10.95 1.4318
0.966 -0.259 -0.829 -0.559 6.0482 10.94 3.134
0.866 -0.5 -0.848 -0.53 11.8962 11.09 7.9145
0.707 -0.707 -0.848 -0.53 15.7139 11.17 12.174
0.5 -0.866 -0.866 -0.5 18.2022 11.25 10.524
0.259 -0.966 -0.883 -0.47 17.159 11.17 5.9905
0 -1 -0.866 -0.5 15.1201 11.03 8.5935
-0.259 -0.966 -0.829 -0.559 13.4675 10.78 12.111
-0.5 -0.866 -0.788 -0.616 14.1008 10.40 10.454
-0.707 -0.707 -0.788 -0.616 14.2559 9.94 8.8759
-0.866 -0.5 -0.766 -0.643 14.5378 9.43 11.538
-0.966 -0.259 -0.669 -0.743 15.5136 9.32 11.727
-1 0 -0.53 -0.848 16.9735 9.41 12.319
-0.966 0.259 -0.342 -0.94 20.2834 9.60 16.744
-0.866 0.5 -0.208 -0.978 23.3016 10.34 13.553
-0.707 0.707 -0.139 -0.99 24.8576 11.46 14.205
-0.5 0.866 -0.208 -0.978 25.9692 12.24 19.962
-0.259 0.966 -0.342 -0.94 25.3225 12.68 19.127
0 1 -0.469 -0.883 23.721 11.73 19.172
0.259 0.966 -0.616 -0.788 22.6249 11.50 19.149
0.5 0.866 -0.695 -0.719 21.3543 11.34 18.86
0.707 0.707 -0.743 -0.669 20.207 11.05 17.888
0.866 0.5 -0.809 -0.588 17.2063 10.79 14.907
0.966 0.259 -0.883 -0.47 9.986 10.75 15.961
1 0 -0.927 -0.375 6.9144 10.93 14.069
0.966 -0.259 -0.951 -0.309 6.0482 11.12 0.5104
0.866 -0.5 -0.961 -0.276 11.8962 11.30 3.6265
0.707 -0.707 -0.951 -0.309 15.7139 11.46 9.2477
0.5 -0.866 -0.927 -0.375 18.2022 11.46 11.36
0.259 -0.966 -0.927 -0.375 17.159 11.22 8.847
0 -1 -0.927 -0.375 15.1201 10.52 11.401
-0.259 -0.966 -0.914 -0.407 13.4675 10.31 9.1892
-0.5 -0.866 -0.899 -0.438 14.1008 10.41 14.274
-0.707 -0.707 -0.829 -0.559 14.2559 9.88 9.4395
-0.866 -0.5 -0.719 -0.695 14.5378 9.47 11.661
-0.966 -0.259 -0.588 -0.809 15.5136 9.37 11.619
-1 0 -0.375 -0.927 16.9735 9.79 15.863
-0.966 0.259 -0.174 -0.985 20.2834 10.20 16.834
-0.866 0.5 -0.035 -0.999 23.3016 10.64 19.8
-0.707 0.707 0.035 -0.999 24.8576 11.38 21.745
-0.5 0.866 0.035 -0.999 25.9692 11.91 20.892
-0.259 0.966 -0.035 -0.999 25.3225 12.00 19.147
0 1 -0.407 -0.914 23.721 11.75 28.105
0.259 0.966 -0.469 -0.883 22.6249 11.51 27.835
0.5 0.866 -0.5 -0.866 21.3543 11.55 22.102
0.707 0.707 -0.588 -0.809 20.207 11.72 19.068
0.866 0.5 -0.643 -0.766 17.2063 11.42 18.751
0.966 0.259 -0.695 -0.719 9.986 10.97 15.709
1 0 -0.743 -0.669 6.9144 10.74 10.892
0.866 -0.5 -0.809 -0.588 11.8962 9.94 3.9408
0.707 -0.707 -0.829 -0.559 15.7139 9.57 10.887
0.5 -0.866 -0.848 -0.53 18.2022 9.32 12.654
0.259 -0.966 -0.866 -0.5 17.159 9.08 14.001
0 -1 -0.866 -0.5 15.1201 9.00 10.625
-0.259 -0.966 -0.848 -0.53 13.4675 9.07 9.0439
-0.5 -0.866 -0.788 -0.616 14.1008 9.06 9.498
-0.707 -0.707 -0.695 -0.719 14.2559 8.85 13.017
-0.866 -0.5 -0.559 -0.829 14.5378 8.63 20.866
-0.966 -0.259 -0.309 -0.951 15.5136 8.39 19.915
-1 0 0 -1 16.9735 8.61 18.351
-0.966 0.259 0.242 -0.97 20.2834 8.92 22.596
-0.866 0.5 0.342 -0.94 23.3016 9.25 29.6
-0.707 0.707 0.407 -0.914 24.8576 9.38 28.722
-0.5 0.866 0.407 -0.914 25.9692 9.80 24.895
-0.259 0.966 0.276 -0.961 25.3225 9.97 27.167
0 1 -0.139 -0.99 23.721 12.72 24.983
0.259 0.966 -0.276 -0.961 22.6249 12.54 23.976
0.5 0.866 -0.342 -0.94 21.3543 12.41 21.313
0.707 0.707 -0.407 -0.914 20.207 12.14 20.234
0.866 0.5 -0.438 -0.899 17.2063 11.49 13.646
0.966 -0.259 -0.695 -0.719 6.0482 9.45 2.3474
0.866 -0.5 -0.766 -0.643 11.8962 9.02 9.1155
0.707 -0.707 -0.829 -0.559 15.7139 8.75 13.738
0.5 -0.866 -0.883 -0.47 18.2022 8.52 29.239
0.259 -0.966 -0.94 -0.342 17.159 7.95 28.431
0 -1 -0.961 -0.276 15.1201 7.34 19.789
-0.259 -0.966 -0.951 -0.309 13.4675 7.00 16.815
-0.5 -0.866 -0.883 -0.47 14.1008 6.83 14.982
-0.707 -0.707 -0.766 -0.643 14.2559 6.79 17.676
-0.866 -0.5 -0.559 -0.829 14.5378 7.05 14.54
-0.966 -0.259 -0.309 -0.951 15.5136 7.38 15.084
-1 0 -0.104 -0.995 16.9735 7.95 15.347
-0.966 0.259 0.035 -0.999 20.2834 8.62 17.738
-0.866 0.5 0.035 -0.999 23.3016 9.44 28.339
-0.707 0.707 0 -1 24.8576 10.48 30.262
-0.5 0.866 -0.07 -0.998 25.9692 11.45 29.998
-0.259 0.966 -0.174 -0.985 25.3225 12.11 29.939
0 1 0 -1 23.721 10.74 28.904
0.259 0.966 -0.104 -0.995 22.6249 10.77 23.527
0.5 0.866 -0.174 -0.985 21.3543 10.68 24.214
0.707 0.707 -0.342 -0.94 20.207 10.43 20.214
0.866 0.5 -0.469 -0.883 17.2063 10.13 17.086
0.966 0.259 -0.559 -0.829 9.986 9.77 3.8276
1 0 -0.588 -0.809 6.9144 9.23 4.1106
0.966 -0.259 -0.588 -0.809 6.0482 8.70 1.4045
0.866 -0.5 -0.559 -0.829 11.8962 8.52 13.414
0.707 -0.707 -0.53 -0.848 15.7139 7.79 15.155
0.5 -0.866 -0.643 -0.766 18.2022 7.03 12.972
0.259 -0.966 -0.848 -0.53 17.159 6.43 18.977
0 -1 -0.94 -0.342 15.1201 6.72 13.07
-0.259 -0.966 -0.927 -0.375 13.4675 8.12 9.6371
-0.5 -0.866 -0.695 -0.719 14.1008 9.80 6.5133
-0.707 -0.707 -0.309 -0.951 14.2559 9.79 7.9321
-0.866 -0.5 -0.07 -0.998 14.5378 9.40 10.333
-0.966 -0.259 0.105 -0.995 15.5136 9.65 10.478
-1 0 0.208 -0.978 16.9735 10.09 12.241
-0.966 0.259 0.276 -0.961 20.2834 10.45 16.039
-0.866 0.5 0.309 -0.951 23.3016 10.91 23.295
-0.707 0.707 0.242 -0.97 24.8576 11.58 22.508
-0.5 0.866 0.139 -0.99 25.9692 12.16 28.978
-0.259 0.966 0 -1 25.3225 12.83 30.309