0 1 -0.469 -0.883 25.9357 12.14 28.291
0.259 0.966 -0.438 -0.899 24.0265 11.80 28.117
0.5 0.866 -0.588 -0.809 20.3908 11.43 21.118
0.707 0.707 -0.743 -0.669 16.3658 10.72 14.469
0.866 0.5 -0.766 -0.643 11.8155 10.05 21.987
0.966 0.259 -0.743 -0.669 8.9619 10.19 2.2428
1 0 -0.788 -0.616 6.965 10.15 1.134
0.966 -0.259 -0.914 -0.407 5.0672 9.89 0.34151
0.866 -0.5 -0.995 -0.105 10.064 9.27 5.946
0.707 -0.707 -0.998 0.07 14.7706 9.41 14.835
0.5 -0.866 -0.951 0.309 16.1729 9.53 19.587
0.259 -0.966 -1 0 16.8858 9.59 17.698
0 -1 -0.97 -0.242 16.5243 9.60 19.237
-0.259 -0.966 -0.998 -0.07 15.9245 9.33 21.744
-0.5 -0.866 -0.998 0.07 15.7269 9.29 25.261
-0.707 -0.707 -0.985 -0.174 16.6949 8.33 22.289
-0.866 -0.5 -0.848 -0.53 19.1105 7.44 24.38
-0.966 -0.259 -0.342 -0.94 19.1922 8.07 24.292
-1 0 0.07 -0.998 19.6392 9.53 27.064
-0.966 0.259 0.07 -0.998 21.3598 10.55 28.884
-0.866 0.5 0 -1 23.381 11.66 29.057
-0.707 0.707 -0.104 -0.995 25.7165 12.56 29.54
-0.5 0.866 -0.208 -0.978 26.5908 13.36 27.7
-0.259 0.966 -0.342 -0.94 26.5455 14.33 28.64
0 1 -0.469 -0.883 25.9357 12.42 28.025
0.259 0.966 -0.469 -0.883 24.0265 12.39 22.907
0.5 0.866 -0.588 -0.809 20.3908 12.10 9.9967
0.707 0.707 -0.719 -0.695 16.3658 11.86 8.1594
0.866 0.5 -0.788 -0.616 11.8155 12.48 4.4443
0.966 0.259 -0.809 -0.588 8.9619 12.96 4.8677
1 0 -0.866 -0.5 6.965 13.03 4.26
0.966 -0.259 -0.94 -0.342 5.0672 12.38 2.9154
0.866 -0.5 -0.998 -0.07 10.064 12.02 2.0002
0.707 -0.707 -0.99 0.139 14.7706 11.92 4.721
0.5 -0.866 -0.961 0.276 16.1729 11.33 5.6102
0.259 -0.966 -0.97 0.242 16.8858 11.14 4.6401
0 -1 -0.999 -0.035 16.5243 11.13 12.533
-0.259 -0.966 -0.995 0.104 15.9245 10.69 13.224
-0.5 -0.866 -0.998 0.07 15.7269 10.99 19.204
-0.707 -0.707 -1 0 16.6949 10.48 22.148
-0.866 -0.5 -0.951 -0.309 19.1105 10.02 28.587
-0.966 -0.259 -0.719 -0.695 19.1922 9.67 26.412
-1 0 -0.342 -0.94 19.6392 10.06 27.185
-0.966 0.259 -0.139 -0.99 21.3598 11.15 28.657
-0.5 0.866 -0.342 -0.94 26.5908 13.22 25.737
-0.259 0.966 -0.669 -0.743 26.5455 13.00 27.334
0 1 -0.719 -0.695 25.9357 15.14 13.483
0.259 0.966 -0.743 -0.669 24.0265 14.90 3.1625
0.5 0.866 -0.866 -0.5 20.3908 14.47 1.751
0.866 0.5 -0.985 -0.174 11.8155 13.88 2.2022
0.966 -0.259 -0.99 0.139 5.0672 12.79 0.65285
0.866 -0.5 -0.94 0.342 10.064 11.69 2.7679
0.707 -0.707 -0.899 0.438 14.7706 11.08 11.222
0.5 -0.866 -0.899 0.438 16.1729 10.41 12.402
0.259 -0.966 -0.999 -0.035 16.8858 10.13 17.155
0 -1 -0.999 -0.035 16.5243 9.90 17.815
-0.259 -0.966 -0.998 0.07 15.9245 9.61 13.527
-0.5 -0.866 -0.999 0.035 15.7269 9.68 12.842
-0.707 -0.707 -1 0 16.6949 8.74 15.719
-0.866 -0.5 -0.97 -0.242 19.1105 7.40 14.764
-1 0 0 -1 19.6392 7.81 14.002
-0.966 0.259 0.276 -0.961 21.3598 9.48 14.637
-0.866 0.5 0.309 -0.951 23.381 11.43 17.698
-0.707 0.707 0.174 -0.985 25.7165 12.68 20.745
-0.5 0.866 -0.407 -0.914 26.5908 12.67 20.07
-0.259 0.966 -0.53 -0.848 26.5455 13.38 14.044
0 1 -0.695 -0.719 25.9357 12.59 8.0407
0.259 0.966 -0.669 -0.743 24.0265 12.49 5.4522
0.5 0.866 -0.809 -0.588 20.3908 12.71 4.7201
0.707 0.707 -0.927 -0.375 16.3658 12.96 2.7648
0.866 0.5 -0.951 -0.309 11.8155 12.67 3.4081
0.966 0.259 -0.978 -0.208 8.9619 12.42 3.1493
1 0 -0.995 -0.105 6.965 12.25 5.6582
0.966 -0.259 -0.999 0.035 5.0672 11.88 3.7772
0.866 -0.5 -0.99 0.139 10.064 11.18 0.47572
0 -1 -0.995 0.104 16.5243 10.64 5.8509
-0.259 -0.966 -0.961 0.276 15.9245 10.32 7.396
-0.5 -0.866 -0.978 0.208 15.7269 9.35 5.8382
-0.707 -0.707 -0.998 -0.07 16.6949 9.29 4.6497
-0.866 -0.5 -0.978 -0.208 19.1105 7.88 6.3712
-0.966 -0.259 -0.883 -0.47 19.1922 7.25 5.0121
-1 0 -0.53 -0.848 19.6392 7.29 3.4066
-0.966 0.259 -0.07 -0.998 21.3598 8.21 8.8327
-0.866 0.5 0.208 -0.978 23.381 10.09 8.3871
-0.707 0.707 0.105 -0.995 25.7165 10.60 10.852
-0.5 0.866 -0.242 -0.97 26.5908 11.09 11.996
-0.259 0.966 -0.375 -0.927 26.5455 12.75 15.209
0 1 -0.407 -0.914 25.9357 11.06 19.669
0.259 0.966 -0.438 -0.899 24.0265 11.45 22.728
0.5 0.866 -0.719 -0.695 20.3908 11.81 21.474
0.707 0.707 -0.883 -0.47 16.3658 12.24 17.575
0.866 0.5 -0.914 -0.407 11.8155 12.47 7.4728
0.966 0.259 -0.94 -0.342 8.9619 12.69 2.104
1 0 -0.978 -0.208 6.965 12.68 2.2804
0.966 -0.259 -0.999 -0.035 5.0672 12.21 0.61643
0.866 -0.5 -0.99 0.139 10.064 11.49 0.73416
-0.259 -0.966 -0.97 0.242 15.9245 9.38 5.7299
-0.5 -0.866 -0.961 0.276 15.7269 8.61 3.2796
-0.707 -0.707 -1 0 16.6949 8.35 3.9304
-0.866 -0.5 -0.951 -0.309 19.1105 7.12 4.9435
-0.966 -0.259 -0.743 -0.669 19.1922 6.72 8.3446
-1 0 -0.276 -0.961 19.6392 7.60 6.8022
-0.966 0.259 0.105 -0.995 21.3598 9.70 7.3399
-0.866 0.5 0.139 -0.99 23.381 11.56 14.959
-0.707 0.707 0 -1 25.7165 11.88 26.769
-0.5 0.866 -0.208 -0.978 26.5908 11.95 24.332
-0.259 0.966 -0.438 -0.899 26.5455 12.83 25.753
0 1 -0.375 -0.927 25.9357 12.57 16.447
0.259 0.966 -0.5 -0.866 24.0265 12.88 6.7146
0.5 0.866 -0.743 -0.669 20.3908 12.88 5.9813
0.707 0.707 -0.883 -0.47 16.3658 12.63 2.3045
0.866 0.5 -0.94 -0.342 11.8155 12.28 2.0123
0.966 0.259 -0.951 -0.309 8.9619 11.98 1.3811
1 0 -0.97 -0.242 6.965 11.64 4.7613
0.966 -0.259 -0.999 -0.035 5.0672 11.15 1.8991
0.866 -0.5 -0.97 0.242 10.064 10.71 10.198
0.707 -0.707 -0.914 0.407 14.7706 10.58 13.874
0.5 -0.866 -0.866 0.5 16.1729 10.16 17.18
0.259 -0.966 -0.848 0.53 16.8858 10.12 17.666
0 -1 -0.999 0.035 16.5243 9.80 17.08
-0.259 -0.966 -0.985 0.174 15.9245 9.56 15.715
-0.5 -0.866 -0.998 0.07 15.7269 8.97 13.969
-0.707 -0.707 -0.99 -0.139 16.6949 9.06 15.855
-0.866 -0.5 -0.899 -0.438 19.1105 8.59 20.505
-0.966 -0.259 -0.766 -0.643 19.1922 8.56 19.616
-1 0 -0.53 -0.848 19.6392 9.39 18.522
-0.966 0.259 -0.342 -0.94 21.3598 10.80 14.897
-0.866 0.5 -0.309 -0.951 23.381 11.81 20.891
-0.707 0.707 -0.342 -0.94 25.7165 12.33 27.701
-0.5 0.866 -0.407 -0.914 26.5908 12.70 30.44
0 1 -0.5 -0.866 25.9357 13.18 29.103
0.259 0.966 -0.469 -0.883 24.0265 13.71 25.514
0.5 0.866 -0.5 -0.866 20.3908 12.74 26.564
0.707 0.707 -0.616 -0.788 16.3658 12.64 20.444
0.866 0.5 -0.719 -0.695 11.8155 12.97 7.7856
0.966 -0.259 -0.978 -0.208 5.0672 11.18 0.43052
0.866 -0.5 -0.998 0.07 10.064 10.52 2.3544
0.707 -0.707 -0.97 0.242 14.7706 10.01 7.7281
0.5 -0.866 -0.866 0.5 16.1729 9.59 10.214
0.259 -0.966 -0.999 -0.035 16.8858 9.52 9.3185
0 -1 -0.97 0.242 16.5243 9.37 17.564
-0.259 -0.966 -0.914 0.407 15.9245 9.15 19.896
-0.5 -0.866 -0.978 0.208 15.7269 8.61 18.125
-0.707 -0.707 -0.998 -0.07 16.6949 7.27 21.602
-0.866 -0.5 -0.809 -0.588 19.1105 6.46 28.883
-0.966 -0.259 -0.276 -0.961 19.1922 6.82 27.491
-1 0 0.174 -0.985 19.6392 7.73 26.48
-0.966 0.259 0.438 -0.899 21.3598 9.32 25.609
-0.866 0.5 0.438 -0.899 23.381 10.16 24.131
-0.707 0.707 0.208 -0.978 25.7165 11.27 30.61
-0.5 0.866 0 -1 26.5908 12.17 27.333
-0.259 0.966 -0.139 -0.99 26.5455 12.80 29.226
0 1 -0.407 -0.914 25.9357 12.14 29.211
0.259 0.966 -0.375 -0.927 24.0265 12.09 30.753
0.5 0.866 -0.53 -0.848 20.3908 11.70 26.353
0.707 0.707 -0.743 -0.669 16.3658 11.07 12.757
0.866 0.5 -0.809 -0.588 11.8155 10.81 6.7776
0.966 0.259 -0.829 -0.559 8.9619 10.60 7.8155
1 0 -0.848 -0.53 6.965 10.34 2.8304
0.966 -0.259 -0.899 -0.438 5.0672 9.89 4.0686
0.866 -0.5 -0.978 -0.208 10.064 9.42 11.094
0.707 -0.707 -0.998 0.07 14.7706 9.28 23.702
0.5 -0.866 -0.99 0.139 16.1729 8.71 24.797
0.259 -0.966 -0.999 0.035 16.8858 8.80 21.17
0 -1 -0.951 -0.309 16.5243 8.96 22.245
-0.259 -0.966 -0.995 -0.105 15.9245 8.65 18.165
-0.5 -0.866 -0.961 -0.276 15.7269 9.20 16.611
-0.707 -0.707 -0.914 -0.407 16.6949 8.46 19.678
-0.866 -0.5 -0.669 -0.743 19.1105 7.98 12.608
-0.966 -0.259 -0.342 -0.94 19.1922 7.95 9.1149
-1 0 -0.035 -0.999 19.6392 8.26 13.927
-0.966 0.259 0.139 -0.99 21.3598 9.42 20.559
-0.866 0.5 0.174 -0.985 23.381 10.29 29.975
-0.707 0.707 0.174 -0.985 25.7165 10.84 29.962
-0.5 0.866 0.174 -0.985 26.5908 11.51 30.421
-0.259 0.966 0.105 -0.995 26.5455 11.93 30.201
0 1 -0.139 -0.99 25.9357 10.56 27.575
0.259 0.966 -0.07 -0.998 24.0265 10.57 28.023
0.5 0.866 -0.242 -0.97 20.3908 9.72 24.036
0.707 0.707 -0.438 -0.899 16.3658 9.14 18.824
0.866 0.5 -0.469 -0.883 11.8155 9.00 5.481
0.966 0.259 -0.5 -0.866 8.9619 9.25 3.7003
1 0 -0.559 -0.829 6.965 9.13 2.6266
0.966 -0.259 -0.669 -0.743 5.0672 8.77 3.7737
0.866 -0.5 -0.829 -0.559 10.064 8.01 17.179
0.707 -0.707 -0.883 -0.47 14.7706 7.53 22.6
0.5 -0.866 -0.927 -0.375 16.1729 7.13 21.646
0.259 -0.966 -0.995 -0.105 16.8858 7.41 21.073
0 -1 -0.743 -0.669 16.5243 7.98 12.494
-0.259 -0.966 -0.978 -0.208 15.9245 7.48 11.449
-0.5 -0.866 -0.985 -0.174 15.7269 8.12 11.126
-0.707 -0.707 -0.899 -0.438 16.6949 7.28 11.976
-0.866 -0.5 -0.588 -0.809 19.1105 6.77 10.842
-0.966 -0.259 -0.07 -0.998 19.1922 7.29 12.042
-1 0 0.105 -0.995 19.6392 8.17 11.383
-0.966 0.259 0.242 -0.97 21.3598 9.62 12.107
-0.866 0.5 0.276 -0.961 23.381 10.81 18.599
-0.707 0.707 0.105 -0.995 25.7165 11.81 21.438
-0.5 0.866 0 -1 26.5908 12.92 25.273
-0.259 0.966 -0.139 -0.99 26.5455 13.38 26.947
0 1 -0.104 -0.995 25.9357 10.24 22.204
0.259 0.966 -0.139 -0.99 24.0265 10.72 26.327
0.5 0.866 -0.469 -0.883 20.3908 9.82 19.486
0.707 0.707 -0.643 -0.766 16.3658 10.01 20.842
0.866 0.5 -0.616 -0.788 11.8155 10.14 17.664
0.966 0.259 -0.616 -0.788 8.9619 10.13 17.328
1 0 -0.616 -0.788 6.965 9.80 13.196
0.966 -0.259 -0.643 -0.766 5.0672 9.17 5.0296
0.866 -0.5 -0.829 -0.559 10.064 8.42 9.9998
0.707 -0.707 -0.914 -0.407 14.7706 8.03 11.875
0.5 -0.866 -0.978 -0.208 16.1729 7.89 17.692
0.259 -0.966 -0.999 -0.035 16.8858 8.27 23.198
0 -1 -0.94 -0.342 16.5243 8.53 16.093
-0.259 -0.966 -0.998 -0.07 15.9245 8.53 15.066
-0.5 -0.866 -0.978 -0.208 15.7269 8.36 14.597
-0.707 -0.707 -0.899 -0.438 16.6949 8.14 11.62
-0.866 -0.5 -0.719 -0.695 19.1105 8.03 9.7597
-0.966 -0.259 -0.5 -0.866 19.1922 8.34 12.383
-1 0 -0.208 -0.978 19.6392 9.40 17.076
-0.966 0.259 -0.104 -0.995 21.3598 10.72 16.912
-0.866 0.5 -0.104 -0.995 23.381 11.63 23.732
-0.707 0.707 -0.104 -0.995 25.7165 12.74 26.825
-0.5 0.866 -0.139 -0.99 26.5908 13.74 30.455
-0.259 0.966 -0.276 -0.961 26.5455 13.49 30.061
0 1 -0.375 -0.927 25.9357 12.00 30.063
0.259 0.966 -0.309 -0.951 24.0265 12.06 28.973
0.5 0.866 -0.469 -0.883 20.3908 11.62 28.887
0.707 0.707 -0.616 -0.788 16.3658 11.10 29.392
0.866 0.5 -0.643 -0.766 11.8155 10.97 15.85
0.966 0.259 -0.719 -0.695 8.9619 10.88 8.7292
1 0 -0.829 -0.559 6.965 10.94 9.9429
0.966 -0.259 -0.94 -0.342 5.0672 10.65 4.1384
0.866 -0.5 -0.998 -0.07 10.064 10.68 12.854
0.707 -0.707 -0.995 0.104 14.7706 10.77 24.37
0.5 -0.866 -0.99 0.139 16.1729 10.52 26.339
0.259 -0.966 -0.914 0.407 16.8858 10.58 22.067
0 -1 -0.999 -0.035 16.5243 10.25 18.239
-0.259 -0.966 -0.985 0.174 15.9245 10.06 22.777
-0.5 -0.866 -0.985 0.174 15.7269 9.42 20.748
-0.707 -0.707 -1 0 16.6949 9.29 22.131
-0.866 -0.5 -0.961 -0.276 19.1105 8.31 22.553
-0.966 -0.259 -0.788 -0.616 19.1922 8.06 22.671
-1 0 -0.588 -0.809 19.6392 7.96 23.904
-0.966 0.259 -0.309 -0.951 21.3598 8.72 29.074
-0.866 0.5 -0.139 -0.99 23.381 9.26 28.92
-0.707 0.707 -0.139 -0.99 25.7165 9.59 28.866
-0.5 0.866 -0.276 -0.961 26.5908 10.09 28.727
-0.259 0.966 -0.469 -0.883 26.5455 10.55 27.359
0 1 -0.276 -0.961 25.9357 12.59 28.746
0.259 0.966 -0.276 -0.961 24.0265 12.80 24.186
0.5 0.866 -0.469 -0.883 20.3908 12.01 20.822
0.707 0.707 -0.669 -0.743 16.3658 11.33 10.355
0.866 0.5 -0.766 -0.643 11.8155 10.77 4.2795
0.966 0.259 -0.809 -0.588 8.9619 10.43 4.5586
1 0 -0.927 -0.375 6.965 10.09 2.8721
0.966 -0.259 -0.998 -0.07 5.0672 9.98 1.9718
0.866 -0.5 -0.978 0.208 10.064 9.84 0.62489
0.707 -0.707 -0.927 0.374 14.7706 9.58 1.5755
0.5 -0.866 -0.866 0.5 16.1729 9.19 2.9148
0.259 -0.966 -0.743 0.669 16.8858 8.87 9.7007
0 -1 -0.999 -0.035 16.5243 8.33 18.346
-0.259 -0.966 -0.998 0.07 15.9245 8.36 22.176
-0.5 -0.866 -0.999 0.035 15.7269 8.19 21.965
-0.707 -0.707 -0.97 -0.242 16.6949 8.19 23.83
-0.866 -0.5 -0.809 -0.588 19.1105 7.49 26.493
-0.966 -0.259 -0.407 -0.914 19.1922 8.19 22.364
-1 0 -0.07 -0.998 19.6392 9.19 23.251
-0.966 0.259 0.035 -0.999 21.3598 10.51 24.947
-0.866 0.5 0 -1 23.381 11.30 27.985
0 1 -0.438 -0.899 25.9357 13.69 29.901
0.259 0.966 -0.469 -0.883 24.0265 13.88 26.279
0.5 0.866 -0.669 -0.743 20.3908 13.33 10.641
0.707 0.707 -0.809 -0.588 16.3658 12.66 7.6548
0.866 0.5 -0.866 -0.5 11.8155 12.56 5.2786
0.966 0.259 -0.914 -0.407 8.9619 12.17 1.6249
1 0 -0.961 -0.276 6.965 11.80 0.63539
0.966 -0.259 -0.998 -0.07 5.0672 11.38 3.1079
0.866 -0.5 -0.998 0.07 10.064 11.08 18.38
0.707 -0.707 -0.99 0.139 14.7706 10.79 17.048
0.5 -0.866 -0.978 0.208 16.1729 10.29 8.708
0.259 -0.966 -0.927 0.374 16.8858 9.74 4.3245
0 -1 -0.961 -0.276 16.5243 9.25 6.7775
-0.259 -0.966 -0.995 0.104 15.9245 7.68 5.451
-0.5 -0.866 -0.998 0.07 15.7269 6.82 7.0831
-0.707 -0.707 -0.978 -0.208 16.6949 6.44 14.73
-0.866 -0.5 -0.883 -0.47 19.1105 5.93 29.448
-0.966 -0.259 -0.669 -0.743 19.1922 6.63 28.135
-1 0 -0.375 -0.927 19.6392 8.81 26.093
-0.966 0.259 -0.139 -0.99 21.3598 12.24 28.52
-0.866 0.5 -0.139 -0.99 23.381 13.43 29.982
-0.707 0.707 -0.104 -0.995 25.7165 13.45 24.588
-0.5 0.866 -0.139 -0.99 26.5908 13.84 24.034
-0.259 0.966 -0.276 -0.961 26.5455 14.13 29.43
0 1 -0.5 -0.866 25.9357 11.40 27.94
0.259 0.966 -0.469 -0.883 24.0265 11.65 28.188
0.5 0.866 -0.643 -0.766 20.3908 11.02 28.231
0.707 0.707 -0.788 -0.616 16.3658 10.86 23.549
0.866 0.5 -0.788 -0.616 11.8155 11.62 27.39
0.966 0.259 -0.829 -0.559 8.9619 11.54 24.991
1 0 -0.866 -0.5 6.965 11.18 17.2
0.966 -0.259 -0.94 -0.342 5.0672 11.08 11.919
0.866 -0.5 -0.995 -0.105 10.064 10.71 15.741
0.707 -0.707 -0.999 0.035 14.7706 10.60 9.6167
0.5 -0.866 -0.995 0.104 16.1729 9.90 11.358
0.259 -0.966 -0.99 0.139 16.8858 9.63 9.9146
0 -1 -0.927 -0.375 16.5243 10.28 11.685
-0.259 -0.966 -0.951 -0.309 15.9245 9.45 16.321
-0.5 -0.866 -0.927 -0.375 15.7269 9.37 12.541
-0.707 -0.707 -0.899 -0.438 16.6949 8.29 21.838
-0.866 -0.5 -0.788 -0.616 19.1105 7.88 27.012
-0.966 -0.259 -0.469 -0.883 19.1922 8.42 24.315
-1 0 -0.174 -0.985 19.6392 10.78 25.527
-0.966 0.259 -0.276 -0.961 21.3598 13.13 27.419
-0.866 0.5 -0.242 -0.97 23.381 12.43 26.884
-0.707 0.707 -0.208 -0.978 25.7165 12.15 26.652
-0.5 0.866 -0.276 -0.961 26.5908 12.74 27.074
-0.259 0.966 -0.309 -0.951 26.5455 13.62 28.238
0 1 -0.438 -0.899 25.9357 12.09 28.361
0.259 0.966 -0.407 -0.914 24.0265 12.37 29.216
0.5 0.866 -0.53 -0.848 20.3908 11.48 29.33
0.707 0.707 -0.643 -0.766 16.3658 11.39 26.301
0.866 0.5 -0.695 -0.719 11.8155 12.46 20.684
0.966 0.259 -0.766 -0.643 8.9619 12.74 17.211
1 0 -0.829 -0.559 6.965 12.66 8.066
0.966 -0.259 -0.914 -0.407 5.0672 12.89 3.16
0.866 -0.5 -0.961 -0.276 10.064 12.30 7.633
0.707 -0.707 -0.985 -0.174 14.7706 11.68 15.071
0.5 -0.866 -0.99 -0.139 16.1729 10.96 18.908
0.259 -0.966 -0.999 -0.035 16.8858 10.54 19.077
0 -1 -0.883 -0.47 16.5243 10.47 21.851
-0.259 -0.966 -0.927 -0.375 15.9245 9.38 18.589
-0.5 -0.866 -0.927 -0.375 15.7269 9.02 15.798
-0.707 -0.707 -0.927 -0.375 16.6949 7.70 9.634
-0.866 -0.5 -0.809 -0.588 19.1105 6.92 18.831
-0.966 -0.259 -0.469 -0.883 19.1922 7.27 17.354
-1 0 -0.104 -0.995 19.6392 8.39 17.911
-0.966 0.259 0.105 -0.995 21.3598 9.82 26.776
-0.866 0.5 0.07 -0.998 23.381 11.49 29.308
-0.707 0.707 -0.035 -0.999 25.7165 12.20 29.615
-0.5 0.866 -0.208 -0.978 26.5908 12.66 28.942
-0.259 0.966 -0.438 -0.899 26.5455 13.15 28.131
0 1 -0.438 -0.899 25.9357 12.39 28.103
0.259 0.966 -0.407 -0.914 24.0265 12.48 20.966
0.5 0.866 -0.5 -0.866 20.3908 11.82 7.825
0.707 0.707 -0.669 -0.743 16.3658 11.15 11.138
0.866 0.5 -0.809 -0.588 11.8155 11.18 5.6963
0.966 0.259 -0.866 -0.5 8.9619 11.38 1.8627
1 0 -0.883 -0.47 6.965 11.61 0.46734
0.966 -0.259 -0.94 -0.342 5.0672 11.28 5.8951
0.866 -0.5 -0.978 -0.208 10.064 10.90 7.3852
0.707 -0.707 -0.995 -0.105 14.7706 10.56 13.288
0.5 -0.866 -0.995 -0.105 16.1729 10.28 13.823
0.259 -0.966 -0.883 -0.47 16.8858 11.17 17.324
0 -1 -0.951 -0.309 16.5243 10.81 21.027
-0.259 -0.966 -0.99 -0.139 15.9245 10.33 22.348
-0.5 -0.866 -0.978 -0.208 15.7269 10.44 19.568
-0.707 -0.707 -0.99 -0.139 16.6949 8.81 22.616
-0.866 -0.5 -0.927 -0.375 19.1105 7.92 21.993
-0.966 -0.259 -0.643 -0.766 19.1922 7.98 21.95
-1 0 -0.242 -0.97 19.6392 8.39 19.181
-0.966 0.259 -0.035 -0.999 21.3598 9.42 19.681
-0.866 0.5 0.035 -0.999 23.381 10.52 21.96
-0.707 0.707 -0.174 -0.985 25.7165 10.26 22.896
-0.5 0.866 -0.309 -0.951 26.5908 10.94 24.964
-0.259 0.966 -0.342 -0.94 26.5455 12.21 26.884
0 1 -0.438 -0.899 25.9357 11.34 26.423
0.259 0.966 -0.375 -0.927 24.0265 11.57 25.563
0.5 0.866 -0.407 -0.914 20.3908 11.70 23.628
0.707 0.707 -0.53 -0.848 16.3658 11.40 14.695
0.866 0.5 -0.643 -0.766 11.8155 11.15 3.3803
0.966 0.259 -0.788 -0.616 8.9619 11.23 3.1479
1 0 -0.866 -0.5 6.965 11.07 4.3719
0.966 -0.259 -0.914 -0.407 5.0672 10.68 3.2078
0.866 -0.5 -0.97 -0.242 10.064 9.70 4.9967
0.707 -0.707 -0.999 -0.035 14.7706 9.36 14.561
0.5 -0.866 -0.985 0.174 16.1729 8.86 21.236
0.259 -0.966 -0.809 -0.588 16.8858 9.69 26.751
0 -1 -0.961 -0.276 16.5243 8.42 18.761
-0.259 -0.966 -0.995 -0.105 15.9245 7.85 10.315
-0.5 -0.866 -0.985 -0.174 15.7269 8.73 10.674
-0.707 -0.707 -0.927 -0.375 16.6949 8.93 9.3187
-0.866 -0.5 -0.766 -0.643 19.1105 8.66 10.896
-0.966 -0.259 -0.469 -0.883 19.1922 8.39 8.5108
-1 0 -0.104 -0.995 19.6392 8.70 9.3163
-0.966 0.259 0.174 -0.985 21.3598 10.08 10.47
-0.866 0.5 0.139 -0.99 23.381 11.05 11.125
-0.707 0.707 0 -1 25.7165 12.03 19.496
-0.5 0.866 -0.104 -0.995 26.5908 12.77 22.923
-0.259 0.966 -0.208 -0.978 26.5455 12.91 24.171
0 1 0.139 -0.99 25.9357 10.78 23.796
0.259 0.966 0.139 -0.99 24.0265 11.15 26.471
0.5 0.866 -0.035 -0.999 20.3908 10.50 24.135
0.707 0.707 -0.174 -0.985 16.3658 9.63 25.326
0.866 0.5 -0.375 -0.927 11.8155 9.06 23.854
0.966 0.259 -0.643 -0.766 8.9619 8.77 22.536
1 0 -0.809 -0.588 6.965 8.56 18.867
0.966 -0.259 -0.94 -0.342 5.0672 8.75 18.488
0.866 -0.5 -0.995 -0.105 10.064 8.41 18.565
0.707 -0.707 -0.99 0.139 14.7706 8.39 18.282
0.5 -0.866 -0.97 0.242 16.1729 7.76 14.02
0.259 -0.966 -0.809 -0.588 16.8858 9.49 21.103
0 -1 -0.978 -0.208 16.5243 8.28 18.458
-0.259 -0.966 -0.978 -0.208 15.9245 7.44 12.434
-0.5 -0.866 -0.951 -0.309 15.7269 7.91 15.841
-0.707 -0.707 -0.94 -0.342 16.6949 7.66 14.118
-0.866 -0.5 -0.829 -0.559 19.1105 7.58 17.588
-0.966 -0.259 -0.438 -0.899 19.1922 8.16 14.59
-1 0 -0.035 -0.999 19.6392 9.41 17.34
-0.966 0.259 0.139 -0.99 21.3598 11.05 24.402
-0.866 0.5 0.105 -0.995 23.381 11.56 27.997
-0.707 0.707 0.035 -0.999 25.7165 12.13 29.273
-0.5 0.866 -0.035 -0.999 26.5908 12.80 29.69
-0.259 0.966 -0.174 -0.985 26.5455 12.72 28.203
0 1 -0.242 -0.97 25.9357 11.72 27.467
0.259 0.966 -0.174 -0.985 24.0265 11.77 27.593
0.5 0.866 -0.309 -0.951 20.3908 10.96 27.715
0.707 0.707 -0.438 -0.899 16.3658 10.60 26.87
0.866 0.5 -0.5 -0.866 11.8155 10.19 23.647
0.966 0.259 -0.616 -0.788 8.9619 9.79 18.284
1 0 -0.669 -0.743 6.965 9.39 11.551
0.966 -0.259 -0.788 -0.616 5.0672 9.22 7.1869
0.866 -0.5 -0.927 -0.375 10.064 8.77 12.796
0.707 -0.707 -0.985 -0.174 14.7706 8.51 19.391
0.5 -0.866 -0.995 -0.105 16.1729 7.86 24.813
0.259 -0.966 -0.809 -0.588 16.8858 8.67 20.251
0 -1 -0.848 -0.53 16.5243 8.31 16.988
-0.259 -0.966 -0.848 -0.53 15.9245 8.00 16.441
-0.5 -0.866 -0.809 -0.588 15.7269 7.83 12.156
-0.707 -0.707 -0.719 -0.695 16.6949 8.31 11.087
-0.866 -0.5 -0.616 -0.788 19.1105 7.70 10.223
-0.966 -0.259 -0.208 -0.978 19.1922 7.96 6.9707
-1 0 0.07 -0.998 19.6392 8.62 7.7065
-0.966 0.259 0.242 -0.97 21.3598 9.98 12.068
-0.866 0.5 0.276 -0.961 23.381 10.93 18.433
-0.707 0.707 0.139 -0.99 25.7165 11.09 20.92
-0.5 0.866 -0.035 -0.999 26.5908 11.69 24.298
-0.259 0.966 -0.104 -0.995 26.5455 12.45 27.587
0 1 -0.208 -0.978 25.9357 12.20 27.615
0.259 0.966 -0.174 -0.985 24.0265 12.24 28.014
0.5 0.866 -0.342 -0.94 20.3908 11.41 28.089
0.707 0.707 -0.5 -0.866 16.3658 10.99 25.153
0.866 0.5 -0.616 -0.788 11.8155 10.40 14.382
0.966 0.259 -0.719 -0.695 8.9619 10.58 5.6902
1 0 -0.829 -0.559 6.965 10.72 1.6649
0.966 -0.259 -0.899 -0.438 5.0672 10.50 4.2119
0.866 -0.5 -0.97 -0.242 10.064 9.79 14.269
0.707 -0.707 -0.995 -0.105 14.7706 9.50 11.976
0.5 -0.866 -0.99 -0.139 16.1729 8.96 24.909
0.259 -0.966 -0.995 -0.105 16.8858 9.12 20.061
0 -1 -0.788 -0.616 16.5243 9.89 21.146
-0.259 -0.966 -0.866 -0.5 15.9245 9.69 15.839
-0.5 -0.866 -0.829 -0.559 15.7269 9.51 20.156
-0.707 -0.707 -0.719 -0.695 16.6949 9.29 16.703
-0.866 -0.5 -0.5 -0.866 19.1105 8.78 19.156
-0.966 -0.259 -0.139 -0.99 19.1922 9.26 22.375
-1 0 0.105 -0.995 19.6392 10.18 25.534
-0.966 0.259 0.174 -0.985 21.3598 11.59 28.291
-0.866 0.5 -0.035 -0.999 23.381 12.00 29.441
-0.5 0.866 -0.309 -0.951 26.5908 13.35 29.246
0 1 -0.53 -0.848 25.9357 13.33 29.253
0.259 0.966 -0.5 -0.866 24.0265 13.36 26.923
0.5 0.866 -0.616 -0.788 20.3908 13.25 12.023
0.707 0.707 -0.766 -0.643 16.3658 12.57 8.1579
0.866 0.5 -0.809 -0.588 11.8155 12.06 6.2287
0.966 0.259 -0.809 -0.588 8.9619 12.20 4.9684
1 0 -0.883 -0.47 6.965 12.43 4.517
0.966 -0.259 -0.951 -0.309 5.0672 12.22 2.3265
0.866 -0.5 -0.995 -0.105 10.064 11.74 11.894
0.707 -0.707 -0.998 0.07 14.7706 11.36 21.16
0.5 -0.866 -0.995 0.104 16.1729 10.46 18.125
0.259 -0.966 -0.883 -0.47 16.8858 11.16 20.535
0 -1 -0.998 -0.07 16.5243 10.43 21.562
-0.259 -0.966 -1 0 15.9245 9.88 19.642
-0.5 -0.866 -0.99 -0.139 15.7269 9.74 22.662
-0.707 -0.707 -0.94 -0.342 16.6949 9.15 26.095
-0.866 -0.5 -0.766 -0.643 19.1105 9.54 26.983
-0.966 -0.259 -0.438 -0.899 19.1922 10.13 26.636
-1 0 -0.139 -0.99 19.6392 11.24 27.765
-0.966 0.259 0 -1 21.3598 12.24 26.612
-0.707 0.707 -0.242 -0.97 25.7165 12.64 29.693
-0.5 0.866 -0.342 -0.94 26.5908 13.34 29.471
0 1 -0.438 -0.899 25.9357 14.56 27.195
0.259 0.966 -0.438 -0.899 24.0265 14.51 24.622
0.5 0.866 -0.588 -0.809 20.3908 14.24 23.849
0.707 0.707 -0.719 -0.695 16.3658 13.28 16.455
0.866 0.5 -0.809 -0.588 11.8155 12.50 6.554
0.966 0.259 -0.829 -0.559 8.9619 12.19 3.6767
1 0 -0.829 -0.559 6.965 11.54 6.4599
0.966 -0.259 -0.848 -0.53 5.0672 10.72 2.5275
0.866 -0.5 -0.951 -0.309 10.064 9.85 14.442
0.707 -0.707 -0.999 -0.035 14.7706 9.46 17.301
0.5 -0.866 -0.97 0.242 16.1729 9.14 19.433
0.259 -0.966 -0.995 -0.105 16.8858 9.55 15.83
0 -1 -0.995 0.104 16.5243 9.40 11.401
-0.259 -0.966 -0.995 0.104 15.9245 9.15 8.0304
-0.5 -0.866 -0.998 -0.07 15.7269 9.58 9.1436
-0.707 -0.707 -0.961 -0.276 16.6949 8.93 10.461
-0.866 -0.5 -0.788 -0.616 19.1105 8.18 12.525
-0.966 -0.259 -0.342 -0.94 19.1922 8.77 15.198
-1 0 -0.104 -0.995 19.6392 10.18 17.162
-0.966 0.259 -0.035 -0.999 21.3598 11.77 21.459
-0.866 0.5 0 -1 23.381 12.84 21.639
-0.707 0.707 0 -1 25.7165 13.22 23.156
-0.5 0.866 -0.035 -0.999 26.5908 13.42 24.501
-0.259 0.966 -0.208 -0.978 26.5455 13.37 25.124
0 1 -0.309 -0.951 25.9357 10.51 24.699
0.259 0.966 -0.208 -0.978 24.0265 10.14 21.086
0.5 0.866 -0.407 -0.914 20.3908 9.33 17.402
0.707 0.707 -0.669 -0.743 16.3658 8.44 12.694
0.866 0.5 -0.743 -0.669 11.8155 7.70 2.0864
0.966 0.259 -0.743 -0.669 8.9619 7.85 1.1595
1 0 -0.743 -0.669 6.965 8.08 3.2944
0.966 -0.259 -0.848 -0.53 5.0672 8.28 1.6338
0.866 -0.5 -0.927 -0.375 10.064 8.12 17.108
0.707 -0.707 -0.951 -0.309 14.7706 7.91 16.893
0.5 -0.866 -0.978 -0.208 16.1729 7.80 17.411
0.259 -0.966 -0.788 -0.616 16.8858 8.80 16.053
0 -1 -0.94 -0.342 16.5243 8.30 13.818
-0.259 -0.966 -0.927 -0.375 15.9245 8.13 16.187
-0.5 -0.866 -0.829 -0.559 15.7269 8.43 12.108
-0.707 -0.707 -0.766 -0.643 16.6949 8.67 14.71
-0.866 -0.5 -0.559 -0.829 19.1105 8.25 14.415
-0.966 -0.259 -0.139 -0.99 19.1922 8.67 15.293
-1 0 0.139 -0.99 19.6392 9.86 16.173
-0.966 0.259 0.242 -0.97 21.3598 10.83 17.009
-0.866 0.5 0.07 -0.998 23.381 11.26 17.239
-0.707 0.707 0 -1 25.7165 11.39 21.06
-0.5 0.866 0.035 -0.999 26.5908 11.84 24.269
-0.259 0.966 -0.174 -0.985 26.5455 11.96 24.67
0 1 0.035 -0.999 25.9357 10.49 23.982
0.259 0.966 0 -1 24.0265 10.91 19.31
0.5 0.866 -0.242 -0.97 20.3908 10.70 23.777
0.707 0.707 -0.438 -0.899 16.3658 9.97 23.124
0.866 0.5 -0.616 -0.788 11.8155 9.04 20.332
0.966 0.259 -0.719 -0.695 8.9619 9.59 14.577
1 0 -0.743 -0.669 6.965 10.37 11.227
0.966 -0.259 -0.788 -0.616 5.0672 10.29 20.279
0.866 -0.5 -0.848 -0.53 10.064 9.71 21.515
0.707 -0.707 -0.809 -0.588 14.7706 9.25 23.746
0.5 -0.866 -0.788 -0.616 16.1729 8.66 22.506
0.259 -0.966 -0.342 -0.94 16.8858 10.74 21.029
0 -1 -0.559 -0.829 16.5243 9.35 21.381
-0.259 -0.966 -0.766 -0.643 15.9245 8.97 20.716
-0.5 -0.866 -0.766 -0.643 15.7269 9.77 16.713
-0.707 -0.707 -0.766 -0.643 16.6949 9.08 18.823
-0.866 -0.5 -0.53 -0.848 19.1105 8.89 22.45
-0.966 -0.259 -0.174 -0.985 19.1922 9.31 22.531
-1 0 0.105 -0.995 19.6392 10.66 17.889
-0.966 0.259 0.139 -0.99 21.3598 11.98 21.255
-0.866 0.5 -0.035 -0.999 23.381 12.19 27.229
-0.707 0.707 -0.174 -0.985 25.7165 12.21 30.454
-0.5 0.866 -0.174 -0.985 26.5908 12.99 29.511
-0.259 0.966 -0.276 -0.961 26.5455 13.67 27.828
0 1 -0.104 -0.995 25.9357 11.61 29.276
0.259 0.966 -0.07 -0.998 24.0265 12.25 28.86
0.5 0.866 -0.242 -0.97 20.3908 11.89 28.047
0.707 0.707 -0.438 -0.899 16.3658 10.68 14.017
0.866 0.5 -0.643 -0.766 11.8155 10.27 16.016
0.966 0.259 -0.848 -0.53 8.9619 10.25 11.398
1 0 -0.914 -0.407 6.965 10.33 6.4185
0.966 -0.259 -0.995 -0.105 5.0672 10.21 8.4518
0.866 -0.5 -0.99 0.139 10.064 9.25 14.322
0.707 -0.707 -0.883 0.469 14.7706 8.95 15.886
0.5 -0.866 -0.829 0.559 16.1729 8.56 16.236
0.259 -0.966 -0.829 0.559 16.8858 8.64 20.148
0 -1 -0.998 -0.07 16.5243 9.05 24.503
-0.259 -0.966 -0.999 -0.035 15.9245 8.98 21.34
-0.5 -0.866 -0.978 -0.208 15.7269 9.25 26.176
-0.707 -0.707 -0.951 -0.309 16.6949 8.64 27.619
-0.866 -0.5 -0.766 -0.643 19.1105 8.71 29.492
-0.966 -0.259 -0.5 -0.866 19.1922 9.07 29.098
-1 0 -0.276 -0.961 19.6392 10.18 29.51
-0.966 0.259 -0.07 -0.998 21.3598 11.48 26.373
-0.866 0.5 0.035 -0.999 23.381 12.28 28.629
-0.707 0.707 -0.139 -0.99 25.7165 12.33 29.915
-0.5 0.866 -0.469 -0.883 26.5908 12.41 28.864
0 1 -0.309 -0.951 25.9357 13.64 30.476
0.259 0.966 -0.309 -0.951 24.0265 13.98 30.209
0.5 0.866 -0.469 -0.883 20.3908 13.58 29.458
0.707 0.707 -0.616 -0.788 16.3658 12.40 29.367
0.866 0.5 -0.766 -0.643 11.8155 12.32 24.643
0.966 0.259 -0.883 -0.47 8.9619 12.87 21.648
1 0 -0.978 -0.208 6.965 12.73 16.066
0.966 -0.259 -0.995 0.104 5.0672 12.27 12.141
0.866 -0.5 -0.914 0.407 10.064 12.03 13.566
0.707 -0.707 -0.809 0.588 14.7706 12.20 9.0951
0.5 -0.866 -0.743 0.669 16.1729 11.64 11.969
0.259 -0.966 -0.643 0.766 16.8858 11.85 15.566
0 -1 -0.914 0.407 16.5243 11.58 14.365
-0.259 -0.966 -0.866 0.5 15.9245 11.08 13.241
-0.5 -0.866 -0.848 0.53 15.7269 10.36 11.664
-0.707 -0.707 -0.848 0.53 16.6949 9.36 7.69
-0.866 -0.5 -0.914 0.407 19.1105 8.05 11.179
-0.966 -0.259 -0.998 0.07 19.1922 7.59 14.418
-1 0 -0.899 -0.438 19.6392 7.68 17.011
-0.966 0.259 -0.588 -0.809 21.3598 8.42 17.558
-0.866 0.5 -0.342 -0.94 23.381 9.15 21.48
-0.707 0.707 -0.174 -0.985 25.7165 9.94 25.235
-0.5 0.866 -0.208 -0.978 26.5908 10.65 29.909
-0.259 0.966 -0.407 -0.914 26.5455 11.30 30.079
0 1 -0.276 -0.961 25.9357 12.80 29.504
0.259 0.966 -0.309 -0.951 24.0265 13.19 29.388
0.5 0.866 -0.559 -0.829 20.3908 13.08 28.878
0.707 0.707 -0.766 -0.643 16.3658 12.21 28.638
0.866 0.5 -0.866 -0.5 11.8155 12.31 24.874
0.966 0.259 -0.927 -0.375 8.9619 12.49 20.647
1 0 -0.995 -0.105 6.965 12.25 17.916
0.966 -0.259 -0.978 0.208 5.0672 11.68 13.007
0.866 -0.5 -0.848 0.53 10.064 11.30 13.115
0.707 -0.707 -0.719 0.695 14.7706 11.04 14.312
0.5 -0.866 -0.616 0.788 16.1729 10.44 9.9387
0.259 -0.966 -0.53 0.848 16.8858 10.23 10.189
0 -1 -0.899 0.438 16.5243 9.52 14.057
-0.259 -0.966 -0.848 0.53 15.9245 9.25 11.176
-0.5 -0.866 -0.848 0.53 15.7269 8.70 9.4062
-0.707 -0.707 -0.914 0.407 16.6949 8.28 13.275
-0.866 -0.5 -0.999 0.035 19.1105 7.33 15.91
-0.966 -0.259 -0.788 -0.616 19.1922 7.07 20.647
-1 0 -0.276 -0.961 19.6392 7.78 24.393
-0.966 0.259 0 -1 21.3598 8.81 22.635
-0.866 0.5 0.07 -0.998 23.381 9.77 26.531
-0.707 0.707 0.07 -0.998 25.7165 10.89 28.885
-0.5 0.866 -0.139 -0.99 26.5908 12.31 29.679
-0.259 0.966 -0.5 -0.866 26.5455 13.01 30.377
0 1 -0.139 -0.99 27.4313 11.98 30.053
0.259 0.966 -0.276 -0.961 24.79 12.87 28.343
0.5 0.866 -0.559 -0.829 23.2722 13.29 28.774
0.707 0.707 -0.766 -0.643 18.6777 12.92 25.596
0.866 0.5 -0.829 -0.559 13.2702 13.20 15.736
0.966 0.259 -0.914 -0.407 7.618 13.30 6.7873
1 0 -0.99 -0.139 5.876 13.60 8.7572
0.966 -0.259 -0.995 0.104 7.4231 13.45 7.0959
0.866 -0.5 -0.951 0.309 15.3413 12.38 15.651
0.707 -0.707 -0.848 0.53 16.714 11.49 16.301
0.5 -0.866 -0.788 0.616 19.4956 10.32 17.426
0.259 -0.966 -0.788 0.616 19.5266 10.13 19.787
0 -1 -0.985 0.174 19.4938 9.92 19.945
-0.259 -0.966 -0.951 0.309 18.8266 9.84 17.715
-0.5 -0.866 -0.985 0.174 19.3992 10.23 14.913
-0.707 -0.707 -0.998 0.07 20.7518 9.52 13.26
-0.866 -0.5 -0.978 -0.208 20.2217 9.10 11.149
-0.966 -0.259 -0.766 -0.643 20.7863 9.32 21.895
-1 0 -0.5 -0.866 22.263 9.75 24.099
-0.966 0.259 -0.407 -0.914 23.3493 10.22 23.404
-0.866 0.5 -0.342 -0.94 26.0638 11.22 26.995
-0.707 0.707 -0.276 -0.961 26.4458 12.19 28.655
-0.5 0.866 -0.438 -0.899 27.4167 12.53 28.619
-0.259 0.966 -0.669 -0.743 27.3834 13.25 30.132
0 1 -0.342 -0.94 27.4313 13.64 30.14
0.259 0.966 -0.342 -0.94 24.79 14.21 30.497
0.5 0.866 -0.53 -0.848 23.2722 14.15 30.2
0.707 0.707 -0.643 -0.766 18.6777 13.72 25.741
0.866 0.5 -0.719 -0.695 13.2702 13.95 15.915
0.966 0.259 -0.883 -0.47 7.618 13.39 8.9653
1 0 -0.978 -0.208 5.876 12.39 1.2729
0.966 -0.259 -0.999 0.035 7.4231 11.63 1.4904
0.866 -0.5 -0.978 0.208 15.3413 11.14 12.06
0.707 -0.707 -0.866 0.5 16.714 11.23 11.032
0.5 -0.866 -0.829 0.559 19.4956 10.90 26.863
0.259 -0.966 -0.94 0.342 19.5266 10.85 22.34
0 -1 -0.999 -0.035 19.4938 10.85 23.248
-0.259 -0.966 -0.998 0.07 18.8266 10.23 27.633
-0.5 -0.866 -0.978 -0.208 19.3992 9.46 21.49
-0.707 -0.707 -0.866 -0.5 20.7518 10.01 22.764
-0.866 -0.5 -0.719 -0.695 20.2217 10.16 27.167
-0.966 -0.259 -0.588 -0.809 20.7863 10.25 28.682
-1 0 -0.407 -0.914 22.263 10.56 30.339
-0.966 0.259 -0.276 -0.961 23.3493 11.25 30.105
-0.866 0.5 -0.276 -0.961 26.0638 12.15 30.883
-0.5 0.866 -0.407 -0.914 27.4167 13.96 29.947
-0.259 0.966 -0.438 -0.899 27.3834 13.85 29.031
0 1 -0.375 -0.927 27.4313 13.07 28.732
0.259 0.966 -0.276 -0.961 24.79 13.14 28.84
0.5 0.866 -0.375 -0.927 23.2722 12.10 28.426
0.707 0.707 -0.407 -0.914 18.6777 11.78 13.383
0.866 0.5 -0.375 -0.927 13.2702 12.53 7.2059
0.966 0.259 -0.469 -0.883 7.618 12.09 3.4442
1 0 -0.588 -0.809 5.876 11.26 3.7549
0.966 -0.259 -0.766 -0.643 7.4231 10.58 12.493
0.866 -0.5 -0.927 -0.375 15.3413 10.18 18.776
0.707 -0.707 -0.995 -0.105 16.714 9.69 15.155
0.5 -0.866 -0.99 0.139 19.4956 9.06 14.752
0.259 -0.966 -0.99 -0.139 19.5266 9.65 17.309
0 -1 -0.961 -0.276 19.4938 10.52 19.735
-0.259 -0.966 -0.985 -0.174 18.8266 9.89 21.192
-0.5 -0.866 -0.951 -0.309 19.3992 9.42 19.08
-0.707 -0.707 -0.848 -0.53 20.7518 9.51 17.216
-0.866 -0.5 -0.53 -0.848 20.2217 9.67 17.454
-0.966 -0.259 -0.208 -0.978 20.7863 10.53 20.811
-1 0 -0.035 -0.999 22.263 11.49 22.826
-0.966 0.259 -0.07 -0.998 23.3493 11.59 29.672
-0.866 0.5 -0.139 -0.99 26.0638 12.47 30.674
0 1 -0.407 -0.914 27.4313 13.68 30.332
0.259 0.966 -0.438 -0.899 24.79 13.84 29.38
0.5 0.866 -0.5 -0.866 23.2722 13.60 26.984
0.707 0.707 -0.616 -0.788 18.6777 12.39 16.137
0.866 0.5 -0.766 -0.643 13.2702 11.96 6.0645
0.966 0.259 -0.848 -0.53 7.618 11.91 5.402
1 0 -0.914 -0.407 5.876 11.82 5.0253
0.966 -0.259 -0.961 -0.276 7.4231 11.03 5.5923
0.866 -0.5 -0.998 -0.07 15.3413 10.49 18.188
0.707 -0.707 -0.99 0.139 16.714 10.17 14.711
0.5 -0.866 -0.985 0.174 19.4956 9.72 18.581
0.259 -0.966 -0.995 0.104 19.5266 9.59 19.507
0 -1 -0.951 -0.309 19.4938 10.00 20.434
-0.259 -0.966 -0.99 -0.139 18.8266 9.49 18.956
-0.5 -0.866 -0.995 -0.105 19.3992 9.08 20.271
-0.707 -0.707 -0.978 -0.208 20.7518 9.11 19.966
-0.866 -0.5 -0.848 -0.53 20.2217 8.66 20.368
-0.966 -0.259 -0.559 -0.829 20.7863 8.96 22.768
-1 0 -0.208 -0.978 22.263 9.98 22.65
-0.966 0.259 -0.035 -0.999 23.3493 11.61 26.879
-0.866 0.5 -0.035 -0.999 26.0638 12.68 29.763
-0.5 0.866 -0.342 -0.94 27.4167 13.76 29.737
0 1 -0.588 -0.809 27.4313 15.33 27.996
0.259 0.966 -0.643 -0.766 24.79 15.22 25.674
0.5 0.866 -0.719 -0.695 23.2722 14.48 22.835
0.707 0.707 -0.866 -0.5 18.6777 13.40 14.568
0.866 0.5 -0.927 -0.375 13.2702 13.14 11.118
0.966 0.259 -0.961 -0.276 7.618 13.42 14.809
1 0 -0.99 -0.139 5.876 13.07 10.992
0.966 -0.259 -0.995 0.104 7.4231 12.52 7.9193
0.866 -0.5 -0.94 0.342 15.3413 12.11 14.596
0.707 -0.707 -0.914 0.407 16.714 12.12 21.679
0.5 -0.866 -0.883 0.469 19.4956 11.49 16.145
0.259 -0.966 -0.848 0.53 19.5266 11.12 22.597
0 -1 -0.998 0.07 19.4938 11.11 23.678
-0.259 -0.966 -0.985 0.174 18.8266 11.12 21.229
-0.5 -0.866 -0.985 0.174 19.3992 10.66 24.815
-0.707 -0.707 -0.998 0.07 20.7518 10.08 26.645
-0.866 -0.5 -0.978 -0.208 20.2217 9.42 29.829
-0.966 -0.259 -0.829 -0.559 20.7863 9.23 30.687
-1 0 -0.559 -0.829 22.263 9.21 30.685
-0.866 0.5 -0.309 -0.951 26.0638 10.43 29.582
0 1 -0.469 -0.883 27.4313 14.17 29.851
0.259 0.966 -0.5 -0.866 24.79 14.75 29.227
0.5 0.866 -0.616 -0.788 23.2722 14.63 22.026
0.707 0.707 -0.766 -0.643 18.6777 13.97 10.162
0.866 0.5 -0.866 -0.5 13.2702 13.77 2.4904
0.966 0.259 -0.883 -0.47 7.618 13.52 1.9301
1 0 -0.94 -0.342 5.876 12.88 6.1759
0.966 -0.259 -0.978 -0.208 7.4231 11.91 10.643
0.866 -0.5 -0.998 0.07 15.3413 11.26 12.791
0.707 -0.707 -0.951 0.309 16.714 11.27 9.8715
0.5 -0.866 -0.914 0.407 19.4956 10.86 12.701
0.259 -0.966 -0.927 0.374 19.5266 10.60 11.962
0 -1 -0.985 -0.174 19.4938 10.85 18.471
-0.259 -0.966 -0.99 -0.139 18.8266 10.66 19.552
-0.5 -0.866 -0.995 -0.105 19.3992 9.92 17.403
-0.707 -0.707 -0.914 -0.407 20.7518 9.60 25.387
-0.866 -0.5 -0.719 -0.695 20.2217 8.93 26.457
-0.966 -0.259 -0.469 -0.883 20.7863 9.30 22.526
-1 0 -0.242 -0.97 22.263 10.36 28.252
-0.966 0.259 -0.174 -0.985 23.3493 11.52 29.616
-0.5 0.866 -0.375 -0.927 27.4167 12.89 30.399
-0.259 0.966 -0.438 -0.899 27.3834 13.00 29.746
0 1 -0.53 -0.848 27.4313 12.86 28.976
0.259 0.966 -0.469 -0.883 24.79 12.80 21.605
0.5 0.866 -0.588 -0.809 23.2722 11.78 12.113
0.707 0.707 -0.719 -0.695 18.6777 10.57 6.9
0.866 0.5 -0.695 -0.719 13.2702 10.45 4.8565
0.966 0.259 -0.719 -0.695 7.618 10.77 6.4753
1 0 -0.829 -0.559 5.876 10.81 9.2204
0.966 -0.259 -0.927 -0.375 7.4231 10.55 2.4447
0.866 -0.5 -0.995 -0.105 15.3413 10.44 15.093
0.707 -0.707 -0.985 0.174 16.714 10.39 14.227
0.5 -0.866 -0.961 0.276 19.4956 9.81 11.052
0.259 -0.966 -0.951 0.309 19.5266 9.44 14.675
0 -1 -0.97 -0.242 19.4938 9.83 18.706
-0.259 -0.966 -0.94 -0.342 18.8266 9.76 20.26
-0.5 -0.866 -0.883 -0.47 19.3992 9.76 17.663
-0.707 -0.707 -0.829 -0.559 20.7518 10.18 19.976
-0.866 -0.5 -0.743 -0.669 20.2217 10.37 19.956
-0.966 -0.259 -0.616 -0.788 20.7863 10.99 20.811
-1 0 -0.438 -0.899 22.263 12.13 22.31
-0.966 0.259 -0.438 -0.899 23.3493 12.65 22.998
-0.866 0.5 -0.438 -0.899 26.0638 12.72 27.631
-0.707 0.707 -0.342 -0.94 26.4458 13.25 27.26
0 1 -0.469 -0.883 27.4313 14.27 28.179
0.259 0.966 -0.469 -0.883 24.79 14.75 24.734
0.5 0.866 -0.695 -0.719 23.2722 14.06 11.265
0.707 0.707 -0.788 -0.616 18.6777 13.76 6.4438
0.866 0.5 -0.866 -0.5 13.2702 13.96 4.9845
0.966 0.259 -0.951 -0.309 7.618 13.56 3.2771
1 0 -0.995 -0.105 5.876 12.89 2.9865
0.966 -0.259 -0.995 0.104 7.4231 11.94 0.71578
0.866 -0.5 -0.94 0.342 15.3413 11.51 6.6379
0.707 -0.707 -0.866 0.5 16.714 11.06 4.2975
0.5 -0.866 -0.883 0.469 19.4956 10.27 9.1208
0.259 -0.966 -0.866 0.5 19.5266 10.04 15.11
0 -1 -0.97 -0.242 19.4938 10.36 20.134
-0.259 -0.966 -0.978 -0.208 18.8266 10.31 18.304
-0.5 -0.866 -0.995 -0.105 19.3992 10.07 20.754
-0.707 -0.707 -0.97 -0.242 20.7518 10.13 23.336
-0.866 -0.5 -0.848 -0.53 20.2217 10.09 23.683
-0.966 -0.259 -0.588 -0.809 20.7863 10.66 27.871
-1 0 -0.407 -0.914 22.263 11.50 30.723
-0.966 0.259 -0.407 -0.914 23.3493 12.64 30.57
-0.866 0.5 -0.438 -0.899 26.0638 13.79 30.812
-0.707 0.707 -0.5 -0.866 26.4458 14.74 30.821
-0.5 0.866 -0.616 -0.788 27.4167 15.08 30.52
-0.259 0.966 -0.719 -0.695 27.3834 15.32 28.278
0 1 -0.616 -0.788 27.4313 15.95 21.747
0.259 0.966 -0.669 -0.743 24.79 16.48 14.169
0.5 0.866 -0.829 -0.559 23.2722 15.36 11.207
0.707 0.707 -0.899 -0.438 18.6777 14.59 13.038
0.866 0.5 -0.914 -0.407 13.2702 14.41 8.621
0.966 0.259 -0.99 -0.139 7.618 14.12 4.3581
1 0 -0.999 0.035 5.876 13.41 3.1912
0.966 -0.259 -0.99 0.139 7.4231 12.53 0.44684
0.866 -0.5 -0.951 0.309 15.3413 11.65 11.915
0.707 -0.707 -0.899 0.438 16.714 10.57 19.689
0.5 -0.866 -0.927 0.374 19.4956 9.41 21.929
0.259 -0.966 -0.914 0.407 19.5266 8.90 23.126
0 -1 -0.978 -0.208 19.4938 9.44 22.772
-0.259 -0.966 -0.998 -0.07 18.8266 9.54 20.832
-0.5 -0.866 -0.99 -0.139 19.3992 9.56 24.045
-0.707 -0.707 -0.951 -0.309 20.7518 9.40 25.273
-0.866 -0.5 -0.848 -0.53 20.2217 8.84 23.767
-0.966 -0.259 -0.469 -0.883 20.7863 9.73 27.538
-1 0 -0.309 -0.951 22.263 10.51 30.171
-0.966 0.259 -0.276 -0.961 23.3493 11.92 29.921
-0.866 0.5 -0.342 -0.94 26.0638 14.07 30.952
-0.5 0.866 -0.469 -0.883 27.4167 14.92 30.981
-0.259 0.966 -0.616 -0.788 27.3834 14.48 30.327
0 1 -0.276 -0.961 27.4313 14.16 28.694
0.259 0.966 -0.276 -0.961 24.79 14.50 27.292
0.5 0.866 -0.438 -0.899 23.2722 13.30 24.439
0.707 0.707 -0.469 -0.883 18.6777 12.59 10.365
0.866 0.5 -0.53 -0.848 13.2702 12.41 3.4658
0.966 0.259 -0.719 -0.695 7.618 11.35 4.4455
1 0 -0.809 -0.588 5.876 10.09 4.3145
0.966 -0.259 -0.951 -0.309 7.4231 8.94 0.72836
0.866 -0.5 -0.998 -0.07 15.3413 8.04 12.482
0.707 -0.707 -1 0 16.714 7.83 17.627
0.5 -0.866 -0.999 0.035 19.4956 7.27 20.394
0.259 -0.966 -0.995 0.104 19.5266 7.22 20.776
0 -1 -0.829 -0.559 19.4938 8.10 12.852
-0.259 -0.966 -0.899 -0.438 18.8266 7.75 14.346
-0.5 -0.866 -0.809 -0.588 19.3992 8.18 21.487
-0.707 -0.707 -0.695 -0.719 20.7518 8.06 20.487
-0.866 -0.5 -0.559 -0.829 20.2217 8.25 21.974
-0.966 -0.259 -0.276 -0.961 20.7863 9.28 23.755
-1 0 -0.07 -0.998 22.263 10.53 19.86
-0.966 0.259 -0.07 -0.998 23.3493 11.49 28.035
-0.866 0.5 -0.174 -0.985 26.0638 11.85 28.116
-0.707 0.707 -0.208 -0.978 26.4458 12.55 24.187
-0.5 0.866 -0.208 -0.978 27.4167 13.49 27.67
-0.259 0.966 -0.242 -0.97 27.3834 13.90 24.831
0 1 0.035 -0.999 27.4313 10.88 23.105
0.259 0.966 0.105 -0.995 24.79 10.84 17.704
0.5 0.866 0 -1 23.2722 9.27 18.957
0.707 0.707 -0.104 -0.995 18.6777 8.65 14.258
0.866 0.5 -0.035 -0.999 13.2702 9.34 13.347
0.966 0.259 -0.104 -0.995 7.618 10.11 8.2604
1 0 -0.242 -0.97 5.876 10.41 1.1307
0.966 -0.259 -0.375 -0.927 7.4231 10.19 7.6511
0.866 -0.5 -0.643 -0.766 15.3413 9.06 13.712
0.707 -0.707 -0.809 -0.588 16.714 9.24 12.855
0.5 -0.866 -0.829 -0.559 19.4956 8.69 16.822
0.259 -0.966 -0.848 -0.53 19.5266 8.36 13.773
0 -1 -0.5 -0.866 19.4938 9.82 12.305
-0.259 -0.966 -0.469 -0.883 18.8266 9.45 11.28
-0.5 -0.866 -0.342 -0.94 19.3992 9.00 10.992
-0.707 -0.707 -0.375 -0.927 20.7518 9.17 9.8449
-0.866 -0.5 -0.469 -0.883 20.2217 8.88 11.472
-0.966 -0.259 -0.407 -0.914 20.7863 9.04 7.8188
-1 0 -0.309 -0.951 22.263 9.11 5.1539
-0.966 0.259 -0.139 -0.99 23.3493 9.79 12.96
-0.866 0.5 -0.309 -0.951 26.0638 9.93 16.219
-0.707 0.707 -0.342 -0.94 26.4458 10.64 16.84
-0.5 0.866 -0.208 -0.978 27.4167 10.97 13.919
-0.259 0.966 -0.309 -0.951 27.3834 11.26 19.539
0 1 -0.309 -0.951 27.4313 11.93 29.478
0.259 0.966 -0.309 -0.951 24.79 12.34 28.837
0.5 0.866 -0.53 -0.848 23.2722 11.82 27.649
0.707 0.707 -0.719 -0.695 18.6777 11.06 27.007
0.866 0.5 -0.809 -0.588 13.2702 10.55 10.423
0.966 0.259 -0.829 -0.559 7.618 10.72 5.9543
1 0 -0.914 -0.407 5.876 10.80 5.8389
0.966 -0.259 -0.94 -0.342 7.4231 10.71 9.3561
0.866 -0.5 -0.998 -0.07 15.3413 10.31 25.959
0.707 -0.707 -0.995 0.104 16.714 10.24 25.893
0.5 -0.866 -0.978 0.208 19.4956 9.97 27.567
0.259 -0.966 -0.985 0.174 19.5266 10.04 27.244
0 -1 -0.899 -0.438 19.4938 10.81 24.937
-0.966 -0.259 -0.104 -0.995 20.7863 11.04 7.7853
-1 0 -0.035 -0.999 22.263 11.03 9.134
-0.966 0.259 0 -1 23.3493 11.27 9.4289
-0.866 0.5 -0.035 -0.999 26.0638 11.10 25.175
-0.707 0.707 0.035 -0.999 26.4458 10.52 26.35
0.259 0.966 -0.242 -0.97 24.79 13.71 23.315
0.5 0.866 -0.438 -0.899 23.2722 12.69 24.445
0.707 0.707 -0.53 -0.848 18.6777 11.33 22.495
0.866 0.5 -0.438 -0.899 13.2702 11.52 9.9042
0.966 0.259 -0.469 -0.883 7.618 11.19 5.8566
1 0 -0.616 -0.788 5.876 10.77 2.918
0.966 -0.259 -0.719 -0.695 7.4231 10.75 8.8723
0.866 -0.5 -0.829 -0.559 15.3413 10.76 19.259
0.707 -0.707 -0.866 -0.5 16.714 10.80 21.584
0.5 -0.866 -0.899 -0.438 19.4956 10.92 20.442
0.259 -0.966 -0.914 -0.407 19.5266 11.58 23.571
0 -1 -0.766 -0.643 19.4938 13.04 23.124
-0.259 -0.966 -0.788 -0.616 18.8266 12.53 24.055
-0.5 -0.866 -0.743 -0.669 19.3992 11.04 26.26
-0.707 -0.707 -0.669 -0.743 20.7518 10.27 22.545
-0.866 -0.5 -0.588 -0.809 20.2217 9.82 21.599
-0.966 -0.259 -0.375 -0.927 20.7863 10.66 22.08
-1 0 -0.139 -0.99 22.263 11.68 26.135
-0.5 0.866 -0.342 -0.94 27.4167 13.03 24.726
-0.259 0.966 -0.407 -0.914 27.3834 13.43 21.185
0 1 -0.5 -0.866 27.4313 12.70 25.289
0.259 0.966 -0.438 -0.899 24.79 12.54 6.9297
0.5 0.866 -0.643 -0.766 23.2722 11.74 9.2626
0.707 0.707 -0.848 -0.53 18.6777 10.43 8.595
0.866 0.5 -0.866 -0.5 13.2702 10.02 6.5739
0.966 0.259 -0.848 -0.53 7.618 9.63 4.9311
1 0 -0.848 -0.53 5.876 9.30 9.129
0.966 -0.259 -0.866 -0.5 7.4231 9.04 7.4867
0.866 -0.5 -0.951 -0.309 15.3413 8.63 16.022
0.707 -0.707 -0.998 -0.07 16.714 8.58 16.523
0.5 -0.866 -0.998 0.07 19.4956 8.32 26.369
0.259 -0.966 -1 0 19.5266 8.82 28.104
0 -1 -0.743 -0.669 19.4938 10.51 26.361
-0.259 -0.966 -0.788 -0.616 18.8266 10.04 22.106
-0.5 -0.866 -0.809 -0.588 19.3992 9.55 20.759
-0.707 -0.707 -0.743 -0.669 20.7518 9.62 25.321
-0.866 -0.5 -0.469 -0.883 20.2217 9.75 23.626
-0.966 -0.259 0 -1 20.7863 11.70 25.002
-1 0 -0.104 -0.995 22.263 11.13 25.201
-0.966 0.259 -0.139 -0.99 23.3493 10.93 24.497
-0.866 0.5 -0.104 -0.995 26.0638 11.89 29.98
-0.707 0.707 -0.104 -0.995 26.4458 13.00 30.85
-0.5 0.866 -0.174 -0.985 27.4167 13.09 30.939
-0.259 0.966 -0.276 -0.961 27.3834 12.42 30.354
0 1 -0.438 -0.899 27.4313 11.22 29.802
0.259 0.966 -0.407 -0.914 24.79 11.01 29.46
0.5 0.866 -0.559 -0.829 23.2722 10.46 26.888
0.707 0.707 -0.829 -0.559 18.6777 9.63 24.29
0.866 0.5 -0.899 -0.438 13.2702 9.31 19.754
0.966 0.259 -0.883 -0.47 7.618 9.30 7.3234
1 0 -0.899 -0.438 5.876 9.34 9.7286
0.966 -0.259 -0.94 -0.342 7.4231 8.98 16.898
0.866 -0.5 -0.999 -0.035 15.3413 8.56 14.442
0.707 -0.707 -0.99 0.139 16.714 8.37 9.1233
0.5 -0.866 -0.99 0.139 19.4956 7.85 22.113
0.259 -0.966 -0.995 0.104 19.5266 8.04 17.51
0 -1 -0.788 -0.616 19.4938 8.82 18.059
-0.259 -0.966 -0.914 -0.407 18.8266 8.75 14.248
-0.5 -0.866 -0.961 -0.276 19.3992 8.30 20.738
-0.707 -0.707 -0.961 -0.276 20.7518 8.11 27.822
-0.866 -0.5 -0.829 -0.559 20.2217 7.34 28.716
-0.966 -0.259 -0.035 -0.999 20.7863 8.64 28.731
-1 0 0.342 -0.94 22.263 10.73 28.831
-0.966 0.259 0.242 -0.97 23.3493 11.03 23.11
-0.866 0.5 0 -1 26.0638 10.86 25.87
-0.707 0.707 -0.104 -0.995 26.4458 12.05 27.03
-0.5 0.866 -0.104 -0.995 27.4167 13.39 25.602
-0.259 0.966 -0.242 -0.97 27.3834 13.68 28.542
0 1 -0.342 -0.94 27.4313 11.15 27.298
0.259 0.966 -0.342 -0.94 24.79 11.56 29.132
0.5 0.866 -0.407 -0.914 23.2722 11.33 28.217
0.707 0.707 -0.53 -0.848 18.6777 10.41 26.486
0.866 0.5 -0.588 -0.809 13.2702 10.29 25.212
0.966 0.259 -0.643 -0.766 7.618 10.91 10.277
1 0 -0.719 -0.695 5.876 11.11 4.6234
0.966 -0.259 -0.788 -0.616 7.4231 10.78 8.7009
0.866 -0.5 -0.94 -0.342 15.3413 9.86 18.492
0.707 -0.707 -0.998 0.07 16.714 9.35 12.341
0.5 -0.866 -0.951 0.309 19.4956 8.60 12.723
0.259 -0.966 -0.914 0.407 19.5266 8.59 11.816
0 -1 -0.961 -0.276 19.4938 8.91 12.82
-0.259 -0.966 -0.94 -0.342 18.8266 8.72 10.567
-0.5 -0.866 -0.978 -0.208 19.3992 8.53 10.495
-0.707 -0.707 -0.951 -0.309 20.7518 7.68 17.322
-0.866 -0.5 -0.669 -0.743 20.2217 6.79 17.252
-0.966 -0.259 -0.035 -0.999 20.7863 7.41 13.635
-1 0 0.407 -0.914 22.263 9.69 16.516
-0.966 0.259 0.438 -0.899 23.3493 11.10 17.517
-0.866 0.5 0.208 -0.978 26.0638 11.55 18.199
-0.707 0.707 -0.07 -0.998 26.4458 11.94 23.824
-0.5 0.866 -0.104 -0.995 27.4167 12.70 28.014
-0.259 0.966 -0.174 -0.985 27.3834 13.63 29.578
0 1 -0.375 -0.927 27.4313 11.36 28.849
0.259 0.966 -0.438 -0.899 24.79 11.75 26.381
0.5 0.866 -0.616 -0.788 23.2722 12.04 24.845
0.707 0.707 -0.788 -0.616 18.6777 11.51 19.188
0.866 0.5 -0.866 -0.5 13.2702 11.31 11.036
0.966 0.259 -0.899 -0.438 7.618 11.61 6.5387
1 0 -0.883 -0.47 5.876 11.63 10.318
0.966 -0.259 -0.899 -0.438 7.4231 11.07 1.9818
0.866 -0.5 -0.985 -0.174 15.3413 10.31 11.357
0.707 -0.707 -0.999 -0.035 16.714 9.85 12.442
0.5 -0.866 -0.995 -0.105 19.4956 9.13 8.6312
0.259 -0.966 -0.999 -0.035 19.5266 8.95 11.927
0 -1 -0.809 -0.588 19.4938 9.59 13.093
-0.259 -0.966 -0.883 -0.47 18.8266 8.83 17.106
-0.5 -0.866 -0.829 -0.559 19.3992 8.79 18.087
-0.707 -0.707 -0.743 -0.669 20.7518 7.73 24.18
-0.866 -0.5 -0.469 -0.883 20.2217 7.16 22.322
-0.966 -0.259 -0.07 -0.998 20.7863 7.50 19.99
-1 0 0.242 -0.97 22.263 8.84 15.656
-0.966 0.259 0.342 -0.94 23.3493 10.34 16.016
-0.866 0.5 0.342 -0.94 26.0638 11.99 25.992
-0.707 0.707 0.208 -0.978 26.4458 12.83 27.879
-0.5 0.866 0 -1 27.4167 13.00 29.834
-0.259 0.966 -0.139 -0.99 27.3834 13.56 30.487
0 1 -0.139 -0.99 27.4313 11.84 30.069
0.5 0.866 -0.208 -0.978 23.2722 12.12 29.722
0.707 0.707 -0.407 -0.914 18.6777 11.33 26.934
0.866 0.5 -0.5 -0.866 13.2702 10.57 22.987
0.966 0.259 -0.53 -0.848 7.618 10.35 15.339
1 0 -0.669 -0.743 5.876 10.48 2.749
0.966 -0.259 -0.695 -0.719 7.4231 10.45 11.83
0.866 -0.5 -0.866 -0.5 15.3413 10.16 12.246
0.707 -0.707 -0.97 -0.242 16.714 10.14 15.977
0.5 -0.866 -0.978 -0.208 19.4956 9.69 18.54
0.259 -0.966 -0.97 -0.242 19.5266 9.43 17.675
0 -1 -0.788 -0.616 19.4938 10.24 13.345
-0.259 -0.966 -0.866 -0.5 18.8266 9.65 14.758
-0.5 -0.866 -0.866 -0.5 19.3992 9.44 20.019
-0.707 -0.707 -0.719 -0.695 20.7518 8.84 22.006
-0.866 -0.5 -0.407 -0.914 20.2217 8.41 16.813
-0.966 -0.259 -0.104 -0.995 20.7863 8.62 23.067
-1 0 0.174 -0.985 22.263 9.83 20.578
-0.966 0.259 0.242 -0.97 23.3493 10.63 20.312
-0.866 0.5 0.342 -0.94 26.0638 12.01 15.878
-0.707 0.707 0.407 -0.914 26.4458 13.03 20.185
-0.5 0.866 0.242 -0.97 27.4167 12.58 26.541
-0.259 0.966 0 -1 27.3834 12.29 29.624
0 1 -0.07 -0.998 27.4313 11.16 29.921
0.259 0.966 -0.07 -0.998 24.79 11.15 28.471
0.5 0.866 -0.139 -0.99 23.2722 10.68 27.533
0.707 0.707 -0.276 -0.961 18.6777 10.06 26.71
0.866 0.5 -0.375 -0.927 13.2702 9.80 25.779
0.966 0.259 -0.407 -0.914 7.618 9.90 5.6458
1 0 -0.469 -0.883 5.876 10.10 1.8443
0.966 -0.259 -0.5 -0.866 7.4231 10.22 2.0486
0.866 -0.5 -0.719 -0.695 15.3413 9.85 22.735
0.707 -0.707 -0.899 -0.438 16.714 9.91 23.517
0.5 -0.866 -0.951 -0.309 19.4956 9.79 25.195
0.259 -0.966 -0.961 -0.276 19.5266 9.86 17.55
0 -1 -0.766 -0.643 19.4938 11.27 9.2952
-0.259 -0.966 -0.866 -0.5 18.8266 10.93 13.378
-0.5 -0.866 -0.829 -0.559 19.3992 10.70 15.847
-0.707 -0.707 -0.788 -0.616 20.7518 10.26 19.39
-0.866 -0.5 -0.695 -0.719 20.2217 9.75 12.604
-0.966 -0.259 -0.5 -0.866 20.7863 9.69 12.162
-1 0 -0.07 -0.998 22.263 11.03 13.649
-0.966 0.259 0 -1 23.3493 12.29 20.538
-0.866 0.5 0.035 -0.999 26.0638 13.12 22.534
-0.707 0.707 0 -1 26.4458 13.33 27.596
-0.5 0.866 -0.139 -0.99 27.4167 13.42 28.679
-0.259 0.966 -0.174 -0.985 27.3834 13.58 28.665
0 1 -0.276 -0.961 27.4313 12.14 25.865
0.259 0.966 -0.208 -0.978 24.79 11.87 24.749
0.5 0.866 -0.276 -0.961 23.2722 11.02 25.201
0.707 0.707 -0.469 -0.883 18.6777 9.72 21.829
0.866 0.5 -0.616 -0.788 13.2702 8.96 21.899
0.966 0.259 -0.719 -0.695 7.618 8.82 21.434
1 0 -0.788 -0.616 5.876 8.83 11.935
0.966 -0.259 -0.829 -0.559 7.4231 8.68 14.846
0.866 -0.5 -0.94 -0.342 15.3413 8.37 26.46
0.707 -0.707 -0.99 -0.139 16.714 8.80 25.993
0.5 -0.866 -0.999 0.035 19.4956 8.25 26.853
0.259 -0.966 -1 0 19.5266 8.06 27.381
0 -1 -0.809 -0.588 19.4938 8.73 23.156
-0.259 -0.966 -0.743 -0.669 18.8266 8.42 22.872
-0.5 -0.866 -0.643 -0.766 19.3992 8.17 23.851
-0.707 -0.707 -0.616 -0.788 20.7518 8.92 24.072
-0.866 -0.5 -0.438 -0.899 20.2217 8.46 20.727
-0.966 -0.259 -0.276 -0.961 20.7863 8.25 23.757
-1 0 -0.139 -0.99 22.263 9.10 28.208
-0.866 0.5 0.035 -0.999 26.0638 11.85 28.875
-0.707 0.707 0.07 -0.998 26.4458 12.72 31.033
0 1 -0.242 -0.97 27.4313 12.49 29.835
0.259 0.966 -0.174 -0.985 24.79 12.37 29.448
0.5 0.866 -0.208 -0.978 23.2722 12.17 26.099
0.707 0.707 -0.342 -0.94 18.6777 11.31 24.531
0.866 0.5 -0.5 -0.866 13.2702 10.46 24.168
0.966 0.259 -0.588 -0.809 7.618 10.30 8.952
1 0 -0.743 -0.669 5.876 10.40 3.8049
0.966 -0.259 -0.809 -0.588 7.4231 10.07 11.728
0.866 -0.5 -0.866 -0.5 15.3413 9.15 16.169
0.707 -0.707 -0.914 -0.407 16.714 8.49 20.412
0.5 -0.866 -0.985 -0.174 19.4956 7.89 22.571
0.259 -0.966 -0.995 -0.105 19.5266 8.03 19.819
0 -1 -0.766 -0.643 19.4938 8.78 22.192
-0.259 -0.966 -0.669 -0.743 18.8266 7.23 22.083
-0.5 -0.866 -0.743 -0.669 19.3992 6.31 23.973
-0.707 -0.707 -0.616 -0.788 20.7518 6.61 21.85
-0.866 -0.5 -0.559 -0.829 20.2217 6.94 21.189
-0.966 -0.259 -0.208 -0.978 20.7863 7.33 25.457
-1 0 0.07 -0.998 22.263 8.61 29.668
-0.966 0.259 0.242 -0.97 23.3493 10.66 29.726
-0.866 0.5 0.208 -0.978 26.0638 11.60 30.136
-0.707 0.707 0.242 -0.97 26.4458 11.49 30.484
-0.5 0.866 0.105 -0.995 27.4167 10.45 30.766
-0.259 0.966 0.035 -0.999 27.3834 10.64 30.63
0 1 -0.174 -0.985 27.4313 11.23 29.827
0.259 0.966 -0.104 -0.995 24.79 11.44 26.551
0.5 0.866 -0.276 -0.961 23.2722 11.43 27.04
0.707 0.707 -0.53 -0.848 18.6777 10.70 20.843
0.866 0.5 -0.669 -0.743 13.2702 10.84 5.1354
0.966 0.259 -0.743 -0.669 7.618 11.29 5.7959
1 0 -0.766 -0.643 5.876 11.38 4.1717
0.966 -0.259 -0.829 -0.559 7.4231 11.20 6.001
0.866 -0.5 -0.927 -0.375 15.3413 10.54 13.766
0.707 -0.707 -0.978 -0.208 16.714 10.12 20.366
0.5 -0.866 -0.998 0.07 19.4956 9.29 22.61
0.259 -0.966 -0.999 0.035 19.5266 8.68 20.972
0 -1 -0.995 0.104 19.4938 8.81 25.112
-0.259 -0.966 -0.743 -0.669 18.8266 9.28 22.11
-0.5 -0.866 -0.788 -0.616 19.3992 9.32 20.358
-0.707 -0.707 -0.695 -0.719 20.7518 9.57 22.142
-0.866 -0.5 -0.469 -0.883 20.2217 9.25 20.33
-0.966 -0.259 -0.174 -0.985 20.7863 9.56 14.636
-1 0 -0.07 -0.998 22.263 10.29 18.227
-0.966 0.259 0.07 -0.998 23.3493 11.34 24.047
-0.866 0.5 0.139 -0.99 26.0638 12.32 27.403
-0.707 0.707 0.242 -0.97 26.4458 13.29 28.511
-0.5 0.866 0.139 -0.99 27.4167 13.91 29.133
-0.259 0.966 -0.035 -0.999 27.3834 14.30 29.688
0 1 0.035 -0.999 27.4313 11.53 29.558
0.259 0.966 0.035 -0.999 24.79 11.58 29.613
0.5 0.866 -0.07 -0.998 23.2722 11.39 28.505
0.707 0.707 -0.276 -0.961 18.6777 10.68 22.053
0.866 0.5 -0.469 -0.883 13.2702 10.58 20.468
0.966 0.259 -0.695 -0.719 7.618 10.53 13.405
1 0 -0.829 -0.559 5.876 10.23 8.7421
0.966 -0.259 -0.883 -0.47 7.4231 10.60 14.372
0.866 -0.5 -0.94 -0.342 15.3413 9.70 16.044
0.707 -0.707 -0.985 -0.174 16.714 9.21 17.478
0.5 -0.866 -0.999 0.035 19.4956 8.44 17.234
0.259 -0.966 -1 0 19.5266 8.03 19.234
0 -1 -1 0 19.4938 8.31 21.11
-0.259 -0.966 -0.588 -0.809 18.8266 9.05 18.581
-0.5 -0.866 -0.695 -0.719 19.3992 7.87 17.727
-0.707 -0.707 -0.643 -0.766 20.7518 7.61 21.455
-0.866 -0.5 -0.469 -0.883 20.2217 7.49 19.236
-0.966 -0.259 -0.139 -0.99 20.7863 7.69 24.423
-1 0 0.174 -0.985 22.263 8.44 24.145
-0.966 0.259 0.242 -0.97 23.3493 9.17 25.977
-0.866 0.5 0.342 -0.94 26.0638 10.13 27.15
-0.707 0.707 0.5 -0.866 26.4458 10.83 27.678
-0.5 0.866 0.5 -0.866 27.4167 11.01 27.065
-0.259 0.966 0.375 -0.927 27.3834 11.13 27.226
0 1 0.174 -0.985 27.4313 11.32 27.459
0.259 0.966 0.208 -0.978 24.79 11.77 21.626
0.5 0.866 0.07 -0.998 23.2722 11.36 26.661
0.707 0.707 -0.242 -0.97 18.6777 10.96 25.142
0.866 0.5 -0.342 -0.94 13.2702 10.53 11.172
0.966 0.259 -0.342 -0.94 7.618 10.61 8.2101
1 0 -0.53 -0.848 5.876 11.04 14.956
0.966 -0.259 -0.559 -0.829 7.4231 11.43 16.072
0.866 -0.5 -0.695 -0.719 15.3413 11.27 27.214
0.707 -0.707 -0.899 -0.438 16.714 11.11 26.617
0.5 -0.866 -0.97 -0.242 19.4956 10.00 28.693
0.259 -0.966 -0.998 -0.07 19.5266 9.40 23.437
0 -1 -0.999 0.035 19.4938 9.31 24.318
-0.259 -0.966 -0.695 -0.719 18.8266 9.96 23.6
-0.5 -0.866 -0.766 -0.643 19.3992 8.88 23.036
-0.707 -0.707 -0.643 -0.766 20.7518 8.75 20.484
-0.866 -0.5 -0.469 -0.883 20.2217 8.51 17.569
-0.966 -0.259 -0.342 -0.94 20.7863 8.45 17.457
-1 0 -0.174 -0.985 22.263 8.66 20.528
-0.966 0.259 -0.139 -0.99 23.3493 9.11 21.135
-0.866 0.5 -0.035 -0.999 26.0638 9.79 22.368
-0.707 0.707 0.174 -0.985 26.4458 11.04 26.529
-0.5 0.866 0.105 -0.995 27.4167 11.08 26.75
-0.259 0.966 -0.035 -0.999 27.3834 11.14 23.681
0 1 0.174 -0.985 27.4313 10.64 23.615
0.259 0.966 0.276 -0.961 24.79 10.87 20.663
0.5 0.866 0.174 -0.985 23.2722 10.29 21.018
0.707 0.707 0 -1 18.6777 9.00 15.99
0.866 0.5 -0.104 -0.995 13.2702 8.48 17.498
0.966 0.259 -0.208 -0.978 7.618 8.16 11.948
1 0 -0.407 -0.914 5.876 7.63 10.627
0.966 -0.259 -0.53 -0.848 7.4231 7.47 10.753
0.866 -0.5 -0.695 -0.719 15.3413 7.33 1.0048
0.707 -0.707 -0.848 -0.53 16.714 7.22 7.8876
0.5 -0.866 -0.883 -0.47 19.4956 6.45 13.21
0.259 -0.966 -0.788 -0.616 19.5266 6.30 14.37
0 -1 -0.766 -0.643 19.4938 6.68 16.007
-0.259 -0.966 -0.104 -0.995 18.8266 8.69 15.735
-0.5 -0.866 -0.208 -0.978 19.3992 9.11 14.206
-0.707 -0.707 -0.342 -0.94 20.7518 8.64 11.604
-0.866 -0.5 -0.309 -0.951 20.2217 8.82 13.4
-0.966 -0.259 0.035 -0.999 20.7863 8.33 13.418
-1 0 0.208 -0.978 22.263 8.36 16.557
-0.966 0.259 0.276 -0.961 23.3493 8.60 19.761
-0.866 0.5 0.342 -0.94 26.0638 9.53 19.659
-0.707 0.707 0.276 -0.961 26.4458 9.97 21.998
-0.5 0.866 0.242 -0.97 27.4167 10.03 17.754
-0.259 0.966 0.105 -0.995 27.3834 10.06 19.302
0 1 0.276 -0.961 27.4313 9.11 13.904
0.259 0.966 0.342 -0.94 24.79 9.37 15.688
0.5 0.866 0.035 -0.999 23.2722 9.07 13.559
0.707 0.707 -0.174 -0.985 18.6777 8.10 13.116
0.866 0.5 -0.174 -0.985 13.2702 7.67 11.917
0.966 0.259 -0.208 -0.978 7.618 7.54 2.8808
1 0 -0.5 -0.866 5.876 7.51 2.0936
0.966 -0.259 -0.559 -0.829 7.4231 7.82 1.921
0.866 -0.5 -0.669 -0.743 15.3413 7.65 5.8603
0.707 -0.707 -0.743 -0.669 16.714 7.43 11.5
0.5 -0.866 -0.788 -0.616 19.4956 6.77 18.523
0.259 -0.966 -0.809 -0.588 19.5266 6.63 19.472
0 -1 -0.914 -0.407 19.4938 6.77 19.44
-0.259 -0.966 -0.588 -0.809 18.8266 7.93 19.308
-0.5 -0.866 -0.643 -0.766 19.3992 7.46 18.065
-0.707 -0.707 -0.588 -0.809 20.7518 7.22 12.497
-0.866 -0.5 -0.407 -0.914 20.2217 7.78 14.595
-0.966 -0.259 -0.174 -0.985 20.7863 7.50 20.229
-1 0 0.105 -0.995 22.263 7.27 22.088
-0.966 0.259 0.309 -0.951 23.3493 8.19 23.272
-0.866 0.5 0.375 -0.927 26.0638 9.10 24.924
-0.707 0.707 0.407 -0.914 26.4458 10.20 21.318
-0.5 0.866 0.47 -0.883 27.4167 10.81 23.092
-0.259 0.966 0.407 -0.914 27.3834 10.32 22.011
0 1 0.375 -0.927 19.7396 9.77 18.491
0.259 0.966 0.407 -0.914 17.9857 9.77 20.977
0.5 0.866 0.242 -0.97 18.1181 9.40 18.79
0.707 0.707 0.07 -0.998 16.5957 8.46 19.594
0.866 0.5 0.105 -0.995 15.768 7.99 15.448
0.966 0.259 0.035 -0.999 12.9072 7.84 2.9154
1 0 -0.174 -0.985 8.5226 7.22 0.80758
0.966 -0.259 -0.469 -0.883 8.7711 6.81 1.6103
0.866 -0.5 -0.766 -0.643 11.1511 5.93 4.9399
0.707 -0.707 -0.951 -0.309 12.5576 5.45 6.4473
0.5 -0.866 -0.995 0.104 12.9776 4.64 14.536
0.259 -0.966 -1 0 13.9173 4.18 10.221
0 -1 -0.848 -0.53 13.6226 5.14 9.2983
-0.259 -0.966 -0.588 -0.809 13.2512 4.97 6.7146
-0.5 -0.866 -0.788 -0.616 13.2667 3.85 7.4548
-0.707 -0.707 -0.848 -0.53 12.3668 4.27 3.899
-0.866 -0.5 -0.743 -0.669 11.9648 4.17 6.3184
-0.966 -0.259 -0.469 -0.883 13.0858 4.32 8.5718
-1 0 0.035 -0.999 15.3019 4.90 7.8833
-0.966 0.259 0.375 -0.927 17.4982 5.78 10.482
-0.866 0.5 0.559 -0.829 19.2954 6.65 12.329
-0.707 0.707 0.695 -0.719 20.994 7.53 9.7573
-0.5 0.866 0.719 -0.695 21.2983 7.56 10.161
-0.259 0.966 0.695 -0.719 20.9745 7.69 8.6461
0 1 0.866 -0.5 19.7396 7.36 5.4715
0.259 0.966 0.899 -0.438 17.9857 7.46 0.53921
0.5 0.866 0.848 -0.53 18.1181 6.80 3.6836
0.707 0.707 0.809 -0.588 16.5957 5.58 4.1722
0.866 0.5 0.788 -0.616 15.768 5.04 6.8385
0.966 0.259 0.695 -0.719 12.9072 5.29 6.3552
1 0 0.5 -0.866 8.5226 5.71 1.3328
0.966 -0.259 0.342 -0.94 8.7711 5.90 2.958
0.866 -0.5 0.174 -0.985 11.1511 5.61 2.7005
0.707 -0.707 -0.035 -0.999 12.5576 5.70 1.8668
0.5 -0.866 -0.309 -0.951 12.9776 5.22 4.0645
0.259 -0.966 -0.53 -0.848 13.9173 5.20 6.8227
0 -1 -0.719 -0.695 13.6226 5.28 9.554
-0.259 -0.966 -0.174 -0.985 13.2512 6.85 14.178
-0.5 -0.866 -0.276 -0.961 13.2667 6.23 14.083
-0.707 -0.707 -0.342 -0.94 12.3668 6.50 9.9303
-0.866 -0.5 -0.407 -0.914 11.9648 5.91 6.8731
-0.966 -0.259 -0.242 -0.97 13.0858 6.01 8.3093
-1 0 0.035 -0.999 15.3019 6.65 7.329
-0.966 0.259 0.276 -0.961 17.4982 7.48 6.3726
-0.866 0.5 0.342 -0.94 19.2954 7.52 9.0913
-0.707 0.707 0.342 -0.94 20.994 7.47 17.832
-0.5 0.866 0.276 -0.961 21.2983 7.05 13.035
-0.259 0.966 0.208 -0.978 20.9745 6.87 11.94
0 1 0.719 -0.695 19.7396 7.59 5.4704
0.259 0.966 0.719 -0.695 17.9857 7.51 2.8431
0.707 0.707 0 -1 16.5957 5.80 1.144
1 0 -0.104 -0.995 8.5226 5.60 2.6727
0.966 -0.259 -0.242 -0.97 8.7711 5.71 0.45228
0.866 -0.5 -0.438 -0.899 11.1511 5.34 3.1151
0.707 -0.707 -0.643 -0.766 12.5576 5.55 1.7757
0.5 -0.866 -0.788 -0.616 12.9776 5.40 2.9949
0.259 -0.966 -0.695 -0.719 13.9173 5.13 3.4708
0 -1 -0.809 -0.588 13.6226 5.21 2.9045
-0.259 -0.966 -0.5 -0.866 13.2512 6.18 4.539
-0.5 -0.866 -0.669 -0.743 13.2667 5.86 5.342
-0.707 -0.707 -0.788 -0.616 12.3668 6.43 6.3487
-0.866 -0.5 -0.695 -0.719 11.9648 6.42 5.1222
-0.966 -0.259 -0.407 -0.914 13.0858 6.73 2.9601
-1 0 -0.035 -0.999 15.3019 7.54 6.5182
-0.966 0.259 0.342 -0.94 17.4982 8.79 13.875
-0.866 0.5 0.53 -0.848 19.2954 9.75 9.9316
-0.707 0.707 0.616 -0.788 20.994 10.11 9.06
-0.5 0.866 0.588 -0.809 21.2983 9.96 10.456
-0.259 0.966 0.53 -0.848 20.9745 9.70 11.081
0 1 0.309 -0.951 19.7396 7.24 10.685
0.259 0.966 0.47 -0.883 17.9857 7.72 5.7146
0.5 0.866 0.242 -0.97 18.1181 7.33 3.3147
0.707 0.707 0 -1 16.5957 6.59 3.2436
0.866 0.5 -0.035 -0.999 15.768 6.34 3.584
0.966 0.259 0.035 -0.999 12.9072 6.73 0.81586
0.866 -0.5 -0.139 -0.99 11.1511 5.44 4.5828
0.707 -0.707 -0.342 -0.94 12.5576 5.07 4.9168
0.5 -0.866 -0.469 -0.883 12.9776 4.24 7.3218
0.259 -0.966 -0.669 -0.743 13.9173 4.12 9.3432
0 -1 -0.104 -0.995 13.6226 6.63 9.5967
-0.259 -0.966 -0.07 -0.998 13.2512 5.33 9.1577
-0.5 -0.866 -0.208 -0.978 13.2667 4.55 10.545
-0.707 -0.707 -0.375 -0.927 12.3668 4.64 11.957
-0.866 -0.5 0.035 -0.999 11.9648 4.80 8.5008
-0.966 -0.259 0.438 -0.899 13.0858 5.33 7.844
-1 0 0.848 -0.53 15.3019 7.04 9.0325
-0.966 0.259 0.94 -0.342 17.4982 8.23 9.8098
-0.866 0.5 0.94 -0.342 19.2954 7.79 11.131
-0.707 0.707 0.899 -0.438 20.994 7.70 15.243
-0.5 0.866 0.883 -0.469 21.2983 8.17 16.322
-0.259 0.966 0.883 -0.469 20.9745 8.00 13.601
0 1 0.643 -0.766 19.7396 7.75 12.373
0.259 0.966 0.695 -0.719 17.9857 7.91 10.729
0.5 0.866 0.438 -0.899 18.1181 7.33 12.573
0.707 0.707 0.139 -0.99 16.5957 6.94 12.528
0.866 0.5 0.105 -0.995 15.768 6.94 15.376
0.966 0.259 0 -1 12.9072 7.66 13.447
1 0 -0.174 -0.985 8.5226 7.62 6.9384
0.966 -0.259 -0.139 -0.99 8.7711 7.82 10.64
0.866 -0.5 -0.242 -0.97 11.1511 6.63 8.2016
0.707 -0.707 -0.5 -0.866 12.5576 6.35 10.862
0.5 -0.866 -0.643 -0.766 12.9776 5.70 10.432
0.259 -0.966 -0.743 -0.669 13.9173 5.15 10.482
0 -1 -0.242 -0.97 13.6226 7.39 12.825
-0.259 -0.966 -0.208 -0.978 13.2512 6.67 12.676
-0.5 -0.866 -0.438 -0.899 13.2667 5.84 14.383
-0.707 -0.707 -0.719 -0.695 12.3668 6.19 10.996
-0.866 -0.5 -0.559 -0.829 11.9648 6.04 12.224
-0.966 -0.259 -0.139 -0.99 13.0858 6.41 14.143
-1 0 0.407 -0.914 15.3019 7.58 12.157
-0.966 0.259 0.695 -0.719 17.4982 8.73 16.65
-0.866 0.5 0.669 -0.743 19.2954 8.32 18.043
-0.707 0.707 0.588 -0.809 20.994 8.12 23.516
-0.5 0.866 0.53 -0.848 21.2983 8.50 21.72
-0.259 0.966 0.53 -0.848 20.9745 8.95 18.838
0 1 0.342 -0.94 19.7396 9.19 17.322
0.259 0.966 0.375 -0.927 17.9857 9.43 16.537
0.5 0.866 0.174 -0.985 18.1181 9.02 17.274
0.707 0.707 0 -1 16.5957 8.16 13.277
0.866 0.5 -0.07 -0.998 15.768 7.63 19.206
0.966 0.259 -0.208 -0.978 12.9072 7.61 14.734
1 0 -0.342 -0.94 8.5226 7.52 14.873
0.966 -0.259 -0.438 -0.899 8.7711 7.20 14.547
0.866 -0.5 -0.643 -0.766 11.1511 6.33 8.9725
0.707 -0.707 -0.866 -0.5 12.5576 6.44 9.1875
0.5 -0.866 -0.866 -0.5 12.9776 5.40 5.1713
0.259 -0.966 -0.883 -0.47 13.9173 4.47 9.448
0 -1 -0.242 -0.97 13.6226 6.85 9.1889
-0.259 -0.966 -0.438 -0.899 13.2512 5.30 8.517
-0.5 -0.866 -0.53 -0.848 13.2667 4.66 10.872
-0.707 -0.707 -0.809 -0.588 12.3668 4.97 11.396
-0.866 -0.5 -0.766 -0.643 11.9648 4.95 13.123
-0.966 -0.259 -0.469 -0.883 13.0858 5.38 12.267
-1 0 -0.104 -0.995 15.3019 6.32 15.759
-0.966 0.259 0.174 -0.985 17.4982 7.29 17.168
-0.866 0.5 0.309 -0.951 19.2954 7.70 20.145
-0.707 0.707 0.208 -0.978 20.994 7.39 19.426
-0.5 0.866 0.174 -0.985 21.2983 7.79 23.664
-0.259 0.966 0.208 -0.978 20.9745 8.56 21.74
0 1 0.208 -0.978 19.7396 9.13 16.182
0.259 0.966 0.276 -0.961 17.9857 9.17 10.931
0.5 0.866 0.174 -0.985 18.1181 8.97 13.446
0.707 0.707 0.105 -0.995 16.5957 8.13 12.548
0.866 0.5 0.242 -0.97 15.768 7.84 12.736
0.966 0.259 0.208 -0.978 12.9072 7.71 15.405
1 0 0.035 -0.999 8.5226 7.60 14.274
0.966 -0.259 -0.104 -0.995 8.7711 7.15 9.0046
0.866 -0.5 -0.5 -0.866 11.1511 6.18 5.7115
0.707 -0.707 -0.883 -0.47 12.5576 6.18 15.823
0.5 -0.866 -0.883 -0.47 12.9776 5.18 15.036
0.259 -0.966 -0.848 -0.53 13.9173 5.08 10.086
0 -1 -0.438 -0.899 13.6226 7.42 11.061
-0.259 -0.966 -0.643 -0.766 13.2512 6.84 8.3146
-0.5 -0.866 -0.766 -0.643 13.2667 7.02 11.377
-0.707 -0.707 -0.743 -0.669 12.3668 7.43 12.8
-0.866 -0.5 -0.5 -0.866 11.9648 7.54 15.957
-0.966 -0.259 -0.242 -0.97 13.0858 7.81 14.277
-1 0 0.035 -0.999 15.3019 8.37 20.5
-0.966 0.259 0.174 -0.985 17.4982 8.59 26.422
-0.866 0.5 -0.07 -0.998 19.2954 8.21 26.279
-0.707 0.707 -0.174 -0.985 20.994 8.54 25.123
-0.5 0.866 -0.139 -0.99 21.2983 9.17 27.189
-0.259 0.966 -0.139 -0.99 20.9745 9.79 29.022
0 1 -0.174 -0.985 19.7396 10.62 27.191
0.259 0.966 -0.035 -0.999 17.9857 10.71 22.995
0.5 0.866 -0.174 -0.985 18.1181 10.43 23.909
0.707 0.707 -0.208 -0.978 16.5957 9.78 25.422
0.866 0.5 -0.07 -0.998 15.768 9.67 25.337
0.966 0.259 0 -1 12.9072 9.88 19.412
1 0 -0.07 -0.998 8.5226 9.56 16.185
0.966 -0.259 -0.104 -0.995 8.7711 10.13 16.978
0.866 -0.5 -0.242 -0.97 11.1511 10.11 23.872
0.707 -0.707 -0.375 -0.927 12.5576 9.72 22.693
0.5 -0.866 -0.469 -0.883 12.9776 8.97 20.776
0.259 -0.966 -0.588 -0.809 13.9173 9.00 21.954
0 -1 -0.276 -0.961 13.6226 11.01 21.325
-0.259 -0.966 -0.5 -0.866 13.2512 8.78 17.569
-0.5 -0.866 -0.643 -0.766 13.2667 8.77 14.928
-0.707 -0.707 -0.669 -0.743 12.3668 8.92 13.844
-0.866 -0.5 -0.53 -0.848 11.9648 8.68 13.943
-0.966 -0.259 -0.438 -0.899 13.0858 8.99 18.392
-1 0 -0.309 -0.951 15.3019 9.53 22.482
-0.966 0.259 -0.208 -0.978 17.4982 9.99 21.804
-0.866 0.5 -0.035 -0.999 19.2954 10.50 23.39
-0.707 0.707 -0.035 -0.999 20.994 10.48 27.789
-0.5 0.866 -0.174 -0.985 21.2983 10.25 26.557
-0.259 0.966 -0.309 -0.951 20.9745 10.10 27.17
0 1 -0.139 -0.99 19.7396 10.46 25.674
0.259 0.966 0 -1 17.9857 10.46 25.482
0.5 0.866 -0.242 -0.97 18.1181 10.02 24.185
0.707 0.707 -0.276 -0.961 16.5957 9.88 22.487
0.866 0.5 -0.035 -0.999 15.768 9.83 23.889
0.966 0.259 0 -1 12.9072 9.37 15.133
1 0 0.035 -0.999 8.5226 8.75 13.463
0.966 -0.259 -0.208 -0.978 8.7711 8.12 4.6185
0.866 -0.5 -0.5 -0.866 11.1511 7.56 7.5987
0.707 -0.707 -0.695 -0.719 12.5576 7.53 8.7208
0.5 -0.866 -0.848 -0.53 12.9776 7.02 11.695
0.259 -0.966 -0.899 -0.438 13.9173 7.12 19.861
0 -1 -0.951 -0.309 13.6226 7.52 20.09
-0.259 -0.966 -0.643 -0.766 13.2512 8.80 15.396
-0.5 -0.866 -0.643 -0.766 13.2667 7.98 13.851
-0.707 -0.707 -0.669 -0.743 12.3668 8.45 11.076
-0.866 -0.5 -0.616 -0.788 11.9648 8.84 10.776
-0.966 -0.259 -0.588 -0.809 13.0858 9.02 11.007
-1 0 -0.53 -0.848 15.3019 9.18 10.847
-0.966 0.259 -0.342 -0.94 17.4982 9.35 13.341
-0.866 0.5 -0.208 -0.978 19.2954 9.72 17.374
-0.707 0.707 -0.035 -0.999 20.994 10.12 21.011
-0.5 0.866 -0.174 -0.985 21.2983 10.18 25.143
-0.259 0.966 -0.375 -0.927 20.9745 10.76 24.672
0 1 -0.375 -0.927 19.7396 10.04 25.129
0.259 0.966 -0.208 -0.978 17.9857 10.34 22.374
0.5 0.866 -0.469 -0.883 18.1181 10.24 21.717
0.707 0.707 -0.5 -0.866 16.5957 9.92 23.831
0.866 0.5 -0.309 -0.951 15.768 9.85 19.868
0.966 0.259 -0.242 -0.97 12.9072 9.57 20.757
1 0 -0.407 -0.914 8.5226 9.20 19.122
0.966 -0.259 -0.53 -0.848 8.7711 9.20 19.932
0.866 -0.5 -0.788 -0.616 11.1511 8.60 21.851
0.707 -0.707 -0.866 -0.5 12.5576 9.28 25.181
0.5 -0.866 -0.883 -0.47 12.9776 9.74 22.742
0.259 -0.966 -0.866 -0.5 13.9173 9.61 19.589
0 -1 -0.829 -0.559 13.6226 9.41 20.083
-0.259 -0.966 -0.469 -0.883 13.2512 10.91 23.557
-0.5 -0.866 -0.438 -0.899 13.2667 10.31 27.052
-0.707 -0.707 -0.53 -0.848 12.3668 10.37 24.541
-0.866 -0.5 -0.469 -0.883 11.9648 9.64 26.046
-0.966 -0.259 -0.407 -0.914 13.0858 9.72 27.055
-1 0 -0.309 -0.951 15.3019 10.03 25.407
-0.966 0.259 -0.139 -0.99 17.4982 10.93 28.556
-0.866 0.5 0.035 -0.999 19.2954 12.18 30.069
-0.707 0.707 0.07 -0.998 20.994 12.52 29.943
-0.5 0.866 0.035 -0.999 21.2983 12.82 29.354
-0.259 0.966 -0.104 -0.995 20.9745 13.19 30.479
0 1 -0.276 -0.961 19.7396 11.75 30.38
0.259 0.966 -0.242 -0.97 17.9857 12.30 29.719
0.5 0.866 -0.438 -0.899 18.1181 12.02 24.441
0.707 0.707 -0.5 -0.866 16.5957 11.44 28.608
0.866 0.5 -0.438 -0.899 15.768 10.95 21.07
0.966 0.259 -0.53 -0.848 12.9072 9.98 16.639
1 0 -0.788 -0.616 8.5226 9.21 10.72
0.966 -0.259 -0.829 -0.559 8.7711 9.04 5.0781
0.866 -0.5 -0.899 -0.438 11.1511 8.61 18.332
0.707 -0.707 -0.94 -0.342 12.5576 9.02 16.795
0.259 -0.966 -0.951 -0.309 13.9173 9.72 17.792
0 -1 -0.899 -0.438 13.6226 9.73 15.541
-0.259 -0.966 -0.469 -0.883 13.2512 11.61 16.236
-0.5 -0.866 -0.469 -0.883 13.2667 9.61 14.589
-0.707 -0.707 -0.53 -0.848 12.3668 8.29 13.033
-0.866 -0.5 -0.559 -0.829 11.9648 6.73 11.943
-0.966 -0.259 -0.438 -0.899 13.0858 6.80 12.515
-1 0 -0.242 -0.97 15.3019 7.22 13.783
-0.966 0.259 -0.139 -0.99 17.4982 7.92 14.763
-0.259 0.966 -0.242 -0.97 20.9745 12.14 13.258
0.707 0.707 -0.588 -0.809 16.5957 10.24 11.995
0.866 0.5 -0.588 -0.809 15.768 10.06 12.984
0.966 0.259 -0.469 -0.883 12.9072 10.44 12.083
1 0 -0.5 -0.866 8.5226 10.36 5.8292
0.966 -0.259 -0.5 -0.866 8.7711 10.55 10.706
0.866 -0.5 -0.669 -0.743 11.1511 10.17 11.828
0.707 -0.707 -0.788 -0.616 12.5576 10.37 21.485
0.259 -0.966 -0.829 -0.559 13.9173 9.90 13.652
0 -1 -0.848 -0.53 13.6226 10.04 14.794
-0.259 -0.966 -0.469 -0.883 13.2512 11.24 17.188
-0.5 -0.866 -0.53 -0.848 13.2667 10.08 20.576
-0.707 -0.707 -0.559 -0.829 12.3668 9.47 17.87
-0.866 -0.5 -0.53 -0.848 11.9648 9.68 18.617
-0.966 -0.259 -0.375 -0.927 13.0858 9.35 20.672
-1 0 -0.242 -0.97 15.3019 9.50 23.295
-0.966 0.259 0 -1 17.4982 10.20 22.346
-0.866 0.5 0.035 -0.999 19.2954 11.32 23.618
-0.707 0.707 0.139 -0.99 20.994 12.24 24.965
-0.5 0.866 0.035 -0.999 21.2983 11.53 24.009
-0.259 0.966 -0.208 -0.978 20.9745 11.36 23.938
0 1 -0.035 -0.999 19.7396 13.12 23.735
0.259 0.966 -0.035 -0.999 17.9857 13.19 22.624
0.5 0.866 -0.07 -0.998 18.1181 12.67 22.731
0.707 0.707 -0.242 -0.97 16.5957 11.65 22.554
0.866 0.5 -0.242 -0.97 15.768 10.92 19.389
0.966 0.259 -0.276 -0.961 12.9072 10.19 18.666
1 0 -0.375 -0.927 8.5226 9.88 8.6175
0.966 -0.259 -0.407 -0.914 8.7711 9.11 12.003
0.866 -0.5 -0.616 -0.788 11.1511 7.40 15.774
0.707 -0.707 -0.848 -0.53 12.5576 6.91 15.008
0.259 -0.966 -0.94 -0.342 13.9173 6.47 15.007
0 -1 -0.899 -0.438 13.6226 7.03 10.987
-0.259 -0.966 -0.469 -0.883 13.2512 7.63 10.334
-0.5 -0.866 -0.588 -0.809 13.2667 7.04 12.484
-0.707 -0.707 -0.719 -0.695 12.3668 7.34 13.177
-0.866 -0.5 -0.588 -0.809 11.9648 7.49 14.117
-0.966 -0.259 -0.242 -0.97 13.0858 7.70 14.434
-1 0 0.035 -0.999 15.3019 8.79 13.385
-0.966 0.259 0.242 -0.97 17.4982 10.39 14.359
-0.866 0.5 0.342 -0.94 19.2954 10.35 15.22
-0.707 0.707 0.309 -0.951 20.994 10.05 14.872
-0.5 0.866 0.208 -0.978 21.2983 10.20 15.165
-0.259 0.966 0.07 -0.998 20.9745 10.19 16.133
0 1 0.53 -0.848 19.7396 10.90 14.908
0.259 0.966 0.588 -0.809 17.9857 11.33 14.775
0.5 0.866 0.559 -0.829 18.1181 10.16 12.035
0.707 0.707 0.375 -0.927 16.5957 9.02 11.85
0.866 0.5 0.309 -0.951 15.768 9.01 10.385
0.966 0.259 0.242 -0.97 12.9072 8.99 9.5998
1 0 0.105 -0.995 8.5226 8.61 10.14
0.966 -0.259 -0.104 -0.995 8.7711 7.87 8.5262
0.866 -0.5 -0.438 -0.899 11.1511 6.65 7.8569
0.707 -0.707 -0.809 -0.588 12.5576 6.07 9.2763
0.5 -0.866 -0.914 -0.407 12.9776 5.56 8.1124
0.259 -0.966 -0.927 -0.375 13.9173 5.13 9.4794
0 -1 -0.174 -0.985 13.6226 7.39 15.005
-0.259 -0.966 -0.342 -0.94 13.2512 6.49 13.947
-0.5 -0.866 -0.438 -0.899 13.2667 6.23 13.716
-0.707 -0.707 -0.588 -0.809 12.3668 6.21 7.6206
-0.866 -0.5 -0.469 -0.883 11.9648 7.47 8.1059
-0.966 -0.259 -0.104 -0.995 13.0858 8.55 9.6152
-1 0 0.174 -0.985 15.3019 9.57 9.7018
-0.966 0.259 0.208 -0.978 17.4982 9.14 10.777
-0.866 0.5 0.139 -0.99 19.2954 9.14 13.746
-0.707 0.707 0.07 -0.998 20.994 9.53 15.131
-0.5 0.866 0 -1 21.2983 9.28 16.053
-0.259 0.966 -0.139 -0.99 20.9745 8.47 15.918
0 1 0.616 -0.788 19.7396 8.79 14.609
0.259 0.966 0.643 -0.766 17.9857 9.19 12.176
0.5 0.866 0.5 -0.866 18.1181 8.15 10.958
0.707 0.707 0.242 -0.97 16.5957 7.50 10.31
0.866 0.5 0.342 -0.94 15.768 7.39 10.015
0.966 0.259 0.342 -0.94 12.9072 7.69 9.9534
1 0 0.276 -0.961 8.5226 7.40 12.11
0.966 -0.259 0.139 -0.99 8.7711 7.66 10.9
0.866 -0.5 0.035 -0.999 11.1511 6.99 6.709
0.707 -0.707 -0.139 -0.99 12.5576 6.45 7.3231
0.5 -0.866 -0.276 -0.961 12.9776 5.72 10.429
0.259 -0.966 -0.669 -0.743 13.9173 5.55 8.6482
0 -1 -0.139 -0.99 13.6226 8.40 6.3993
-0.259 -0.966 -0.407 -0.914 13.2512 7.58 13.019
-0.5 -0.866 -0.469 -0.883 13.2667 7.31 12.917
-0.707 -0.707 -0.5 -0.866 12.3668 6.94 10.314
-0.866 -0.5 -0.375 -0.927 11.9648 7.43 6.7564
-0.966 -0.259 -0.104 -0.995 13.0858 7.99 5.5677
-1 0 0.139 -0.99 15.3019 8.78 5.965
-0.966 0.259 0.07 -0.998 17.4982 9.01 12.851
-0.866 0.5 -0.208 -0.978 19.2954 9.25 16.255
-0.707 0.707 -0.242 -0.97 20.994 10.02 16.401
-0.5 0.866 -0.139 -0.99 21.2983 10.35 16.635
-0.259 0.966 -0.104 -0.995 20.9745 10.23 16.004
0 1 0.07 -0.998 19.7396 9.91 28.578
0.259 0.966 0.105 -0.995 17.9857 10.05 24.977
0.5 0.866 -0.104 -0.995 18.1181 9.66 22.427
0.707 0.707 -0.309 -0.951 16.5957 8.90 17.828
0.866 0.5 -0.309 -0.951 15.768 8.61 20.928
0.966 0.259 -0.242 -0.97 12.9072 8.44 17.163
1 0 -0.208 -0.978 8.5226 7.86 17.042
0.966 -0.259 -0.242 -0.97 8.7711 7.79 19.02
0.866 -0.5 -0.342 -0.94 11.1511 7.00 16.862
0.707 -0.707 -0.342 -0.94 12.5576 6.74 15.691
0.5 -0.866 -0.469 -0.883 12.9776 6.06 8.6618
0.259 -0.966 -0.829 -0.559 13.9173 6.08 9.7661
0 -1 -0.208 -0.978 13.6226 9.37 9.9988
-0.259 -0.966 -0.469 -0.883 13.2512 7.64 9.4469
-0.5 -0.866 -0.848 -0.53 13.2667 6.87 11.338
-0.707 -0.707 -0.899 -0.438 12.3668 6.87 12.356
-0.866 -0.5 -0.695 -0.719 11.9648 7.60 12.177
-0.966 -0.259 -0.139 -0.99 13.0858 8.04 10.006
-1 0 0.342 -0.94 15.3019 9.53 9.3171
-0.966 0.259 0.375 -0.927 17.4982 9.10 8.6366
-0.866 0.5 0.174 -0.985 19.2954 8.62 10.792
-0.707 0.707 0.139 -0.99 20.994 9.23 17.042
-0.5 0.866 0.208 -0.978 21.2983 9.70 18.364
-0.259 0.966 0.208 -0.978 20.9745 9.46 16.616
0 1 0.407 -0.914 19.7396 8.76 12.931
0.259 0.966 0.5 -0.866 17.9857 8.97 12.281
0.5 0.866 0.342 -0.94 18.1181 8.31 15.006
0.707 0.707 0.105 -0.995 16.5957 7.48 11.961
0.866 0.5 0.105 -0.995 15.768 7.34 11.248
0.966 0.259 0.105 -0.995 12.9072 7.69 11.712
1 0 -0.07 -0.998 8.5226 7.37 9.9581
0.966 -0.259 -0.104 -0.995 8.7711 7.56 10.627
0.866 -0.5 -0.242 -0.97 11.1511 6.99 14.288
0.707 -0.707 -0.53 -0.848 12.5576 6.93 14.99
0.5 -0.866 -0.559 -0.829 12.9776 6.31 16.781
0.259 -0.966 -0.829 -0.559 13.9173 6.36 17.315
0 -1 -0.035 -0.999 13.6226 10.03 18.893
-0.259 -0.966 -0.407 -0.914 13.2512 8.61 19.141
-0.5 -0.866 -0.643 -0.766 13.2667 8.34 13.372
-0.707 -0.707 -0.53 -0.848 12.3668 7.97 7.0471
-0.866 -0.5 -0.342 -0.94 11.9648 8.48 5.6834
-0.966 -0.259 0.07 -0.998 13.0858 9.02 6.1033
-1 0 0.375 -0.927 15.3019 9.77 14.78
-0.966 0.259 0.276 -0.961 17.4982 9.10 19.489
-0.866 0.5 0.174 -0.985 19.2954 8.85 23.153
-0.707 0.707 0.309 -0.951 20.994 9.79 26.576
-0.5 0.866 0.309 -0.951 21.2983 10.66 28.329
-0.259 0.966 0.139 -0.99 20.9745 10.40 28.542
0 1 0.174 -0.985 19.7396 10.47 28.801
0.259 0.966 0.174 -0.985 17.9857 10.94 25.634
0.5 0.866 -0.174 -0.985 18.1181 10.70 21.726
0.707 0.707 -0.438 -0.899 16.5957 10.05 18.854
0.866 0.5 -0.5 -0.866 15.768 9.27 4.7437
0.966 0.259 -0.559 -0.829 12.9072 9.40 4.1665
1 0 -0.743 -0.669 8.5226 9.27 5.1238
0.966 -0.259 -0.829 -0.559 8.7711 8.94 5.0394
0.866 -0.5 -0.97 -0.242 11.1511 8.56 9.7412
0.707 -0.707 -0.99 -0.139 12.5576 8.79 7.4075
0.5 -0.866 -0.998 -0.07 12.9776 7.98 14.028
0.259 -0.966 -0.985 0.174 13.9173 7.97 14.048
0 -1 -0.695 -0.719 13.6226 9.31 16.63
-0.259 -0.966 -0.766 -0.643 13.2512 9.07 13.453
-0.5 -0.866 -0.899 -0.438 13.2667 9.02 14.485
-0.707 -0.707 -0.829 -0.559 12.3668 8.22 14.116
-0.866 -0.5 -0.53 -0.848 11.9648 8.24 16.34
-0.966 -0.259 0.105 -0.995 13.0858 8.57 19.317
-1 0 0.53 -0.848 15.3019 9.60 19.711
-0.966 0.259 0.407 -0.914 17.4982 9.44 22.588
-0.866 0.5 0.174 -0.985 19.2954 9.53 27.759
-0.707 0.707 0.139 -0.99 20.994 10.38 26.037
-0.5 0.866 0.139 -0.99 21.2983 11.07 28.54
-0.259 0.966 0 -1 20.9745 10.95 28.689
0 1 -0.104 -0.995 19.7396 11.01 28.329
0.259 0.966 -0.035 -0.999 17.9857 11.23 27.514
0.5 0.866 -0.276 -0.961 18.1181 10.62 28.744
0.707 0.707 -0.469 -0.883 16.5957 9.95 26.647
0.866 0.5 -0.469 -0.883 15.768 9.72 17.272
0.966 0.259 -0.588 -0.809 12.9072 9.57 5.1713
1 0 -0.695 -0.719 8.5226 9.55 3.3737
0.966 -0.259 -0.766 -0.643 8.7711 9.04 5.5767
0.866 -0.5 -0.883 -0.47 11.1511 8.65 18.448
0.707 -0.707 -0.914 -0.407 12.5576 8.92 25.255
0.5 -0.866 -0.927 -0.375 12.9776 8.36 22.121
0.259 -0.966 -0.914 -0.407 13.9173 8.61 17.127
0 -1 -0.469 -0.883 13.6226 10.61 20.177
-0.259 -0.966 -0.669 -0.743 13.2512 9.81 25.151
-0.5 -0.866 -0.695 -0.719 13.2667 9.49 25.539
-0.707 -0.707 -0.616 -0.788 12.3668 9.06 24.478
-0.866 -0.5 -0.438 -0.899 11.9648 9.69 20.396
-0.966 -0.259 -0.139 -0.99 13.0858 9.55 19.241
-1 0 0.174 -0.985 15.3019 10.22 26.15
-0.966 0.259 0.208 -0.978 17.4982 10.52 30.41
-0.866 0.5 0.035 -0.999 19.2954 10.21 30.711
-0.707 0.707 0.035 -0.999 20.994 10.65 30.656
-0.5 0.866 0 -1 21.2983 10.90 29.95
0.259 0.966 0.105 -0.995 17.9857 11.50 30.207
0.5 0.866 -0.139 -0.99 18.1181 10.46 29.892
0.707 0.707 -0.375 -0.927 16.5957 9.40 27.115
0.866 0.5 -0.375 -0.927 15.768 9.25 21.016
0.966 0.259 -0.469 -0.883 12.9072 9.27 17.494
1 0 -0.643 -0.766 8.5226 8.72 0.89794
0.966 -0.259 -0.643 -0.766 8.7711 8.41 9.5909
0.866 -0.5 -0.766 -0.643 11.1511 8.09 20.905
0.707 -0.707 -0.809 -0.588 12.5576 8.24 15.988
0.5 -0.866 -0.788 -0.616 12.9776 7.70 15.915
0.259 -0.966 -0.766 -0.643 13.9173 7.97 12.551
0 -1 -0.695 -0.719 13.6226 8.42 13.028
-0.259 -0.966 -0.276 -0.961 13.2512 9.25 8.8991
-0.5 -0.866 -0.559 -0.829 13.2667 8.46 13.784
-0.707 -0.707 -0.669 -0.743 12.3668 7.32 11.734
-0.866 -0.5 -0.559 -0.829 11.9648 7.69 11.376
-0.966 -0.259 -0.309 -0.951 13.0858 8.34 11.396
-1 0 0.139 -0.99 15.3019 8.85 15.932
-0.966 0.259 0.309 -0.951 17.4982 9.58 15.637
-0.866 0.5 0.035 -0.999 19.2954 8.89 17.2
-0.707 0.707 -0.07 -0.998 20.994 9.16 16.789
-0.5 0.866 0 -1 21.2983 10.05 14.522
-0.259 0.966 -0.035 -0.999 20.9745 10.80 21.337
0 1 0.139 -0.99 23.721 10.31 19.003
0.259 0.966 0.208 -0.978 22.6249 10.57 13.27
0.5 0.866 0.035 -0.999 21.3543 9.66 16.405
0.707 0.707 -0.139 -0.99 20.207 9.24 17.611
0.866 0.5 -0.342 -0.94 17.2063 9.26 15.861
0.966 0.259 -0.438 -0.899 9.986 9.72 2.0746
1 0 -0.5 -0.866 6.9144 9.83 2.3809
0.966 -0.259 -0.53 -0.848 6.0482 9.97 6.7086
0.866 -0.5 -0.643 -0.766 11.8962 9.81 14.438
0.707 -0.707 -0.766 -0.643 15.7139 9.72 17.977
0.5 -0.866 -0.866 -0.5 18.2022 9.04 21.497
0.259 -0.966 -0.848 -0.53 17.159 8.64 24.568
0 -1 -0.829 -0.559 15.1201 8.64 20.773
-0.259 -0.966 -0.719 -0.695 13.4675 8.72 15.522
-0.5 -0.866 -0.53 -0.848 14.1008 8.75 12.169
-0.707 -0.707 0 -1 14.2559 9.93 15.291
-0.866 -0.5 -0.242 -0.97 14.5378 10.79 18.164
-0.966 -0.259 -0.276 -0.961 15.5136 10.92 19.783
-1 0 -0.208 -0.978 16.9735 11.56 22.193
-0.966 0.259 -0.104 -0.995 20.2834 11.87 23.571
-0.866 0.5 0 -1 23.3016 12.39 28.767
-0.707 0.707 0 -1 24.8576 12.62 29.111
-0.5 0.866 -0.104 -0.995 25.9692 12.55 28.445
-0.259 0.966 -0.07 -0.998 25.3225 12.69 23.909
0 1 0.174 -0.985 23.721 10.02 20.94
0.259 0.966 0.208 -0.978 22.6249 10.31 13.452
0.5 0.866 -0.035 -0.999 21.3543 9.32 14.04
0.707 0.707 -0.438 -0.899 20.207 8.63 12.891
0.866 0.5 -0.469 -0.883 17.2063 8.54 17.386
0.966 0.259 -0.342 -0.94 9.986 8.68 14.2
0.866 -0.5 -0.848 -0.53 11.8962 8.62 9.3152
0.707 -0.707 -0.829 -0.559 15.7139 8.93 22.736
0.5 -0.866 -0.719 -0.695 18.2022 9.22 19.636
0.259 -0.966 -0.643 -0.766 17.159 8.76 16.803
0 -1 -0.643 -0.766 15.1201 8.22 13.598
-0.259 -0.966 -0.669 -0.743 13.4675 8.16 10.416
-0.5 -0.866 0 -1 14.1008 11.41 14.611
-0.707 -0.707 -0.104 -0.995 14.2559 9.29 15.001
-0.866 -0.5 -0.208 -0.978 14.5378 8.85 12.647
-0.966 -0.259 -0.242 -0.97 15.5136 8.73 12.231
-1 0 -0.07 -0.998 16.9735 8.60 17.407
-0.966 0.259 0.105 -0.995 20.2834 8.41 17.405
-0.866 0.5 0.242 -0.97 23.3016 8.98 18.557
-0.707 0.707 0.276 -0.961 24.8576 9.73 17.933
-0.5 0.866 0.342 -0.94 25.9692 10.50 21.404
-0.259 0.966 0.309 -0.951 25.3225 10.71 16.994
0 1 0.588 -0.809 23.721 8.76 14.646
0.259 0.966 0.588 -0.809 22.6249 8.83 14.076
0.5 0.866 0.53 -0.848 21.3543 8.29 10.882
0.707 0.707 0.375 -0.927 20.207 8.13 13.063
0.866 0.5 0.174 -0.985 17.2063 8.26 12.198
0.966 0.259 0.035 -0.999 9.986 8.40 8.1712
1 0 -0.035 -0.999 6.9144 7.70 2.9147
-0.259 -0.966 -0.883 -0.47 13.4675 6.29 8.8224
-0.5 -0.866 -0.5 -0.866 14.1008 7.58 19.301
-0.707 -0.707 -0.788 -0.616 14.2559 6.33 19.247
-0.866 -0.5 -0.616 -0.788 14.5378 5.98 14.814
-0.966 -0.259 -0.559 -0.829 15.5136 5.75 13.053
-1 0 -0.342 -0.94 16.9735 5.73 17.661
-0.966 0.259 -0.309 -0.951 20.2834 6.24 24.844
-0.866 0.5 -0.104 -0.995 23.3016 7.00 28.704
-0.707 0.707 0.309 -0.951 24.8576 8.59 25.687
-0.5 0.866 0.309 -0.951 25.9692 9.17 21.116
-0.259 0.966 0.276 -0.961 25.3225 9.19 24.254
0 1 0.208 -0.978 23.721 9.60 21.498
0.259 0.966 0.174 -0.985 22.6249 10.05 24.354
0.5 0.866 0.105 -0.995 21.3543 9.27 25.524
0.707 0.707 -0.104 -0.995 20.207 8.09 21.821
0.866 0.5 -0.174 -0.985 17.2063 7.58 17.968
0.966 0.259 -0.139 -0.99 9.986 8.32 13.163
1 0 -0.035 -0.999 6.9144 8.34 8.7979
0.966 -0.259 0.07 -0.998 6.0482 8.84 9.4602
0.707 -0.707 -0.242 -0.97 15.7139 9.05 10.701
0.5 -0.866 -0.342 -0.94 18.2022 8.71 9.8016
0.259 -0.966 -0.342 -0.94 17.159 8.45 11.13
0 -1 -0.53 -0.848 15.1201 8.13 10.911
-0.259 -0.966 -0.695 -0.719 13.4675 7.74 10.734
-0.5 -0.866 -0.242 -0.97 14.1008 9.51 8.7131
-0.707 -0.707 -0.309 -0.951 14.2559 7.57 7.7513
-0.866 -0.5 -0.242 -0.97 14.5378 7.06 6.4025
-0.966 -0.259 -0.342 -0.94 15.5136 7.60 7.2745
-1 0 -0.242 -0.97 16.9735 7.25 7.1028
-0.966 0.259 -0.139 -0.99 20.2834 7.45 8.0153
-0.866 0.5 0.139 -0.99 23.3016 8.54 10.512
-0.707 0.707 0.309 -0.951 24.8576 9.52 13.29
-0.5 0.866 0.309 -0.951 25.9692 9.68 14.57
-0.259 0.966 0.07 -0.998 25.3225 9.73 13.148
0 1 0.208 -0.978 23.721 8.64 13.022
0.259 0.966 0.242 -0.97 22.6249 8.85 13.301
0.5 0.866 0.105 -0.995 21.3543 8.34 13.125
0.707 0.707 -0.139 -0.99 20.207 7.57 21.535
0.866 0.5 -0.174 -0.985 17.2063 7.27 18.803
0.966 0.259 -0.035 -0.999 9.986 8.04 21.504
1 0 -0.035 -0.999 6.9144 8.16 18.892
0.966 -0.259 -0.07 -0.998 6.0482 8.40 14.655
0.866 -0.5 -0.139 -0.99 11.8962 8.69 17.972
0.707 -0.707 -0.276 -0.961 15.7139 8.89 17.754
0.5 -0.866 -0.342 -0.94 18.2022 8.06 14.043
0.259 -0.966 -0.276 -0.961 17.159 7.71 11.321
0 -1 -0.407 -0.914 15.1201 7.84 11.644
-0.259 -0.966 -0.438 -0.899 13.4675 7.93 10.279
-0.5 -0.866 0 -1 14.1008 9.90 9.4464
-0.707 -0.707 0.035 -0.999 14.2559 8.53 10.402
-0.866 -0.5 0 -1 14.5378 7.65 9.1903
-0.966 -0.259 -0.208 -0.978 15.5136 8.39 7.4111
-1 0 -0.104 -0.995 16.9735 8.45 9.5849
-0.966 0.259 0.035 -0.999 20.2834 8.43 9.98
-0.866 0.5 0.208 -0.978 23.3016 9.08 14.094
-0.707 0.707 0.407 -0.914 24.8576 10.47 11.309
-0.5 0.866 0.438 -0.899 25.9692 11.07 13.477
-0.259 0.966 0.276 -0.961 25.3225 10.59 16.055
0 1 0.5 -0.866 23.721 8.24 19.956
0.259 0.966 0.53 -0.848 22.6249 8.59 17.66
0.5 0.866 0.276 -0.961 21.3543 7.97 15.775
0.707 0.707 0 -1 20.207 7.02 19.356
0.866 0.5 -0.174 -0.985 17.2063 6.77 18.287
0.966 0.259 -0.242 -0.97 9.986 7.55 21.667
1 0 -0.375 -0.927 6.9144 8.08 7.8483
0.966 -0.259 -0.438 -0.899 6.0482 8.91 8.5896
0.866 -0.5 -0.53 -0.848 11.8962 9.12 8.8038
0.707 -0.707 -0.669 -0.743 15.7139 9.32 10.798
0.5 -0.866 -0.788 -0.616 18.2022 8.81 12.194
0.259 -0.966 -0.809 -0.588 17.159 8.81 11.465
0 -1 -0.766 -0.643 15.1201 8.99 7.9789
-0.259 -0.966 -0.743 -0.669 13.4675 9.41 9.6723
-0.5 -0.866 -0.342 -0.94 14.1008 10.63 10.247
-0.707 -0.707 -0.309 -0.951 14.2559 9.52 12.587
-0.866 -0.5 -0.139 -0.99 14.5378 9.63 18.595
-0.966 -0.259 -0.035 -0.999 15.5136 9.91 26.231
-1 0 0.105 -0.995 16.9735 10.17 26.278
-0.966 0.259 0.208 -0.978 20.2834 10.52 29.628
-0.866 0.5 0.342 -0.94 23.3016 11.21 28.629
-0.707 0.707 0.407 -0.914 24.8576 11.74 29.168
-0.5 0.866 0.407 -0.914 25.9692 11.99 31.171
-0.259 0.966 0.242 -0.97 25.3225 11.68 29.842
0 1 -0.035 -0.999 23.721 11.54 28.262
0.259 0.966 0 -1 22.6249 11.50 28.295
0.5 0.866 -0.375 -0.927 21.3543 11.15 26.591
0.707 0.707 -0.588 -0.809 20.207 9.64 27.91
0.866 0.5 -0.53 -0.848 17.2063 8.69 23.117
0.966 0.259 -0.276 -0.961 9.986 9.02 8.2765
1 0 -0.309 -0.951 6.9144 9.08 1.9019
0.966 -0.259 -0.342 -0.94 6.0482 9.26 2.2651
0.866 -0.5 -0.469 -0.883 11.8962 9.38 14.544
0.707 -0.707 -0.53 -0.848 15.7139 9.51 21.02
0.5 -0.866 -0.5 -0.866 18.2022 8.50 17.66
0.259 -0.966 -0.559 -0.829 17.159 8.11 14.572
0 -1 -0.643 -0.766 15.1201 8.02 12.701
-0.259 -0.966 -0.695 -0.719 13.4675 7.96 10.705
-0.5 -0.866 -0.104 -0.995 14.1008 10.32 14.041
-0.707 -0.707 -0.208 -0.978 14.2559 9.39 16.321
-0.866 -0.5 -0.174 -0.985 14.5378 8.81 15.522
-0.966 -0.259 -0.174 -0.985 15.5136 10.08 18.895
-1 0 -0.035 -0.999 16.9735 10.23 20.746
-0.966 0.259 0.105 -0.995 20.2834 10.45 22.879
-0.866 0.5 0.139 -0.99 23.3016 10.62 23.604
-0.707 0.707 0.07 -0.998 24.8576 11.43 28.216
-0.5 0.866 0.139 -0.99 25.9692 11.82 28.989
-0.259 0.966 0.07 -0.998 25.3225 11.81 29.22
0.259 0.966 -0.438 -0.899 22.6249 12.20 30.024
0.5 0.866 -0.616 -0.788 21.3543 11.98 27.617
0.707 0.707 -0.743 -0.669 20.207 11.18 25.532
0.866 0.5 -0.766 -0.643 17.2063 10.88 17.965
0.966 0.259 -0.766 -0.643 9.986 11.18 2.3685
1 0 -0.695 -0.719 6.9144 10.26 1.9039
0.966 -0.259 -0.669 -0.743 6.0482 9.87 0.94234
0.866 -0.5 -0.695 -0.719 11.8962 9.25 10.557
0.707 -0.707 -0.719 -0.695 15.7139 9.50 18.244
0.5 -0.866 -0.788 -0.616 18.2022 9.19 19.007
0.259 -0.966 -0.829 -0.559 17.159 8.65 20.992
0 -1 -0.866 -0.5 15.1201 8.44 14.935
-0.259 -0.966 -0.809 -0.588 13.4675 8.59 12.765
-0.5 -0.866 -0.407 -0.914 14.1008 9.31 15.667
-0.707 -0.707 -0.242 -0.97 14.2559 8.81 13.775
-0.866 -0.5 -0.242 -0.97 14.5378 8.94 8.3243
-0.966 -0.259 -0.139 -0.99 15.5136 9.22 4.0584
-1 0 -0.104 -0.995 16.9735 9.30 4.0059
-0.966 0.259 -0.07 -0.998 20.2834 9.69 13.882
-0.866 0.5 0.035 -0.999 23.3016 10.52 19.949
-0.707 0.707 0 -1 24.8576 11.25 22.773
-0.5 0.866 -0.035 -0.999 25.9692 11.95 25.645
-0.259 0.966 -0.07 -0.998 25.3225 12.60 20.453
0 1 0.669 -0.743 23.721 8.96 18.972
0.259 0.966 0.695 -0.719 22.6249 9.44 11.949
0.5 0.866 0.53 -0.848 21.3543 8.72 10.698
0.707 0.707 0.438 -0.899 20.207 7.66 12.854
0.866 0.5 0.276 -0.961 17.2063 7.05 15.825
0.966 0.259 0.208 -0.978 9.986 7.18 15.224
1 0 0 -1 6.9144 6.83 11.219
0.966 -0.259 -0.139 -0.99 6.0482 7.08 14.778
0.866 -0.5 -0.342 -0.94 11.8962 7.05 11.566
0.707 -0.707 -0.407 -0.914 15.7139 7.03 10.243
0.5 -0.866 -0.342 -0.94 18.2022 6.46 10.579
0.259 -0.966 -0.342 -0.94 17.159 6.60 10.539
0 -1 -0.407 -0.914 15.1201 7.00 9.9144
-0.259 -0.966 0 -1 13.4675 10.46 16.116
-0.5 -0.866 0.105 -0.995 14.1008 8.72 12.927
-0.707 -0.707 0.174 -0.985 14.2559 7.72 8.789
-0.866 -0.5 0.375 -0.927 14.5378 8.01 8.8156
-0.966 -0.259 0.643 -0.766 15.5136 7.67 17.145
-1 0 0.766 -0.643 16.9735 7.86 15.501
-0.966 0.259 0.766 -0.643 20.2834 8.37 16.38
-0.866 0.5 0.766 -0.643 23.3016 8.67 19.782
-0.707 0.707 0.669 -0.743 24.8576 10.16 25.003
-0.5 0.866 0.559 -0.829 25.9692 10.59 27.434
-0.259 0.966 0.407 -0.914 25.3225 10.45 27.409
0 1 0.53 -0.848 23.721 10.31 25.239
0.259 0.966 0.53 -0.848 22.6249 10.53 27.095
0.5 0.866 0.375 -0.927 21.3543 10.03 25.954
0.707 0.707 0.276 -0.961 20.207 9.58 25.123
0.866 0.5 0.139 -0.99 17.2063 9.88 23.962
0.966 0.259 0.105 -0.995 9.986 10.21 20.617
1 0 0.07 -0.998 6.9144 9.72 18.7
0.966 -0.259 0 -1 6.0482 9.50 18.673
0.866 -0.5 -0.035 -0.999 11.8962 8.98 21.108
0.707 -0.707 -0.035 -0.999 15.7139 8.69 18.838
0.5 -0.866 -0.139 -0.99 18.2022 8.08 20.667
0.259 -0.966 -0.174 -0.985 17.159 8.31 21.228
0 -1 -0.276 -0.961 15.1201 9.03 20.898
-0.259 -0.966 -0.174 -0.985 13.4675 10.64 15.74
-0.5 -0.866 -0.104 -0.995 14.1008 10.03 13.064
-0.707 -0.707 -0.035 -0.999 14.2559 8.89 11.047
-0.866 -0.5 -0.035 -0.999 14.5378 9.36 8.3501
-0.966 -0.259 0.035 -0.999 15.5136 9.12 9.9862
-1 0 0.139 -0.99 16.9735 9.17 9.2548
-0.966 0.259 0.242 -0.97 20.2834 9.45 12.107
-0.866 0.5 0.276 -0.961 23.3016 9.84 18.687
-0.707 0.707 0.309 -0.951 24.8576 10.63 22.731
-0.5 0.866 0.276 -0.961 25.9692 10.98 26.315
-0.259 0.966 0.139 -0.99 25.3225 11.61 23.329
0 1 0.276 -0.961 23.721 9.60 20.045
0.259 0.966 0.276 -0.961 22.6249 10.06 20.116
0.5 0.866 0.07 -0.998 21.3543 9.29 16.127
0.707 0.707 -0.174 -0.985 20.207 8.67 16.555
0.866 0.5 -0.174 -0.985 17.2063 8.95 15.588
1 0 -0.104 -0.995 6.9144 8.99 3.9656
0.966 -0.259 -0.375 -0.927 6.0482 9.79 5.9749
0.866 -0.5 -0.616 -0.788 11.8962 9.75 15.778
0.707 -0.707 -0.788 -0.616 15.7139 9.60 20.751
0.5 -0.866 -0.94 -0.342 18.2022 8.48 22.518
0.259 -0.966 -0.961 -0.276 17.159 7.63 18.765
0 -1 -0.97 -0.242 15.1201 7.06 18.161
-0.259 -0.966 -0.951 -0.309 13.4675 7.15 18.19
-0.5 -0.866 -0.5 -0.866 14.1008 8.36 15.453
-0.707 -0.707 -0.407 -0.914 14.2559 7.93 11.791
-0.866 -0.5 -0.208 -0.978 14.5378 8.77 14.475
-0.966 -0.259 0 -1 15.5136 9.25 12.59
-1 0 0.07 -0.998 16.9735 9.88 16.061
-0.966 0.259 0.174 -0.985 20.2834 10.17 17.656
-0.866 0.5 0.208 -0.978 23.3016 10.43 23.457
-0.707 0.707 0.208 -0.978 24.8576 11.58 24.277
-0.5 0.866 0.07 -0.998 25.9692 11.85 27.265
-0.259 0.966 -0.104 -0.995 25.3225 12.37 29.427
0 1 0.242 -0.97 23.721 10.34 26.574
0.259 0.966 0.276 -0.961 22.6249 11.00 26.011
0.5 0.866 0.139 -0.99 21.3543 10.05 24.138
0.707 0.707 -0.104 -0.995 20.207 9.31 18.633
0.866 0.5 -0.309 -0.951 17.2063 9.27 21.699
0.966 0.259 -0.309 -0.951 9.986 9.56 16.268
1 0 -0.309 -0.951 6.9144 9.20 20.852
0.966 -0.259 -0.342 -0.94 6.0482 9.30 6.5381
0.866 -0.5 -0.375 -0.927 11.8962 9.06 5.6485
0.707 -0.707 -0.407 -0.914 15.7139 9.26 13.835
0.5 -0.866 -0.53 -0.848 18.2022 8.95 27.229
0.259 -0.966 -0.53 -0.848 17.159 8.92 23.817
0 -1 -0.588 -0.809 15.1201 8.96 19.441
-0.259 -0.966 -0.616 -0.788 13.4675 8.85 12.668
-0.5 -0.866 -0.139 -0.99 14.1008 10.13 11.256
-0.707 -0.707 -0.174 -0.985 14.2559 8.98 14.58
-0.866 -0.5 -0.208 -0.978 14.5378 9.67 15.866
-0.966 -0.259 0 -1 15.5136 9.59 16.867
-1 0 0.208 -0.978 16.9735 10.04 19.472
-0.966 0.259 0.309 -0.951 20.2834 10.22 24.608
-0.866 0.5 0.276 -0.961 23.3016 10.47 29.458
-0.707 0.707 0.276 -0.961 24.8576 11.68 29.705
-0.5 0.866 0.174 -0.985 25.9692 12.68 28.658
-0.259 0.966 0.105 -0.995 25.3225 12.87 28.384
0 1 0.276 -0.961 23.721 11.24 25.188
0.259 0.966 0.342 -0.94 22.6249 11.50 22.613
0.5 0.866 0.174 -0.985 21.3543 10.11 27.922
0.707 0.707 -0.035 -0.999 20.207 8.86 25.627
-0.259 0.966 0.07 -0.998 25.3225 11.82 27.872
0 1 0.309 -0.951 23.721 10.24 24.876
0.259 0.966 0.276 -0.961 22.6249 10.65 25.291
0.5 0.866 0.139 -0.99 21.3543 9.78 26.457
0.707 0.707 -0.139 -0.99 20.207 9.03 22.975
0.866 0.5 -0.375 -0.927 17.2063 8.98 17.382
0.966 0.259 -0.407 -0.914 9.986 9.25 2.6145
1 0 -0.469 -0.883 6.9144 9.07 1.4318
0.966 -0.259 -0.53 -0.848 6.0482 9.18 3.134
0.866 -0.5 -0.669 -0.743 11.8962 8.59 7.9145
0.707 -0.707 -0.829 -0.559 15.7139 8.04 12.174
0.5 -0.866 -0.951 -0.309 18.2022 7.13 10.524
0.259 -0.966 -0.97 -0.242 17.159 6.80 5.9905
0 -1 -0.985 -0.174 15.1201 6.94 8.5935
-0.259 -0.966 -0.643 -0.766 13.4675 8.61 12.111
-0.5 -0.866 -0.616 -0.788 14.1008 7.52 10.454
-0.707 -0.707 -0.407 -0.914 14.2559 6.89 8.8759
-0.866 -0.5 -0.104 -0.995 14.5378 7.57 11.538
-0.966 -0.259 0.174 -0.985 15.5136 7.87 11.727
-1 0 0.276 -0.961 16.9735 8.16 12.319
-0.966 0.259 0.242 -0.97 20.2834 8.63 16.744
-0.866 0.5 0.174 -0.985 23.3016 9.20 13.553
-0.707 0.707 0.174 -0.985 24.8576 10.89 14.205
-0.5 0.866 0.105 -0.995 25.9692 11.60 19.962
-0.259 0.966 0 -1 25.3225 11.78 19.127
0 1 0.342 -0.94 23.721 9.62 28.105
0.259 0.966 0.342 -0.94 22.6249 10.35 27.835
0.5 0.866 0.174 -0.985 21.3543 9.50 22.102
0.707 0.707 -0.174 -0.985 20.207 8.61 19.068
0.866 0.5 -0.407 -0.914 17.2063 8.91 18.751
0.966 0.259 -0.438 -0.899 9.986 9.11 15.709
1 0 -0.5 -0.866 6.9144 9.13 10.892
0.866 -0.5 -0.588 -0.809 11.8962 8.79 3.9408
0.707 -0.707 -0.53 -0.848 15.7139 8.99 10.887
0.5 -0.866 -0.588 -0.809 18.2022 8.73 12.654
0.259 -0.966 -0.53 -0.848 17.159 9.07 14.001
0 -1 -0.469 -0.883 15.1201 9.50 10.625
-0.259 -0.966 -0.174 -0.985 13.4675 11.12 9.0439
-0.5 -0.866 -0.242 -0.97 14.1008 9.71 9.498
-0.707 -0.707 -0.309 -0.951 14.2559 9.85 13.017
-0.866 -0.5 -0.242 -0.97 14.5378 8.79 20.866
-0.966 -0.259 -0.07 -0.998 15.5136 8.78 19.915
-1 0 0.208 -0.978 16.9735 8.96 18.351
-0.966 0.259 0.342 -0.94 20.2834 9.48 22.596
-0.866 0.5 0.407 -0.914 23.3016 10.30 29.6
-0.707 0.707 0.276 -0.961 24.8576 10.52 28.722
-0.5 0.866 0.105 -0.995 25.9692 10.86 24.895
-0.259 0.966 0.035 -0.999 25.3225 11.34 27.167
0 1 0.174 -0.985 23.721 10.88 24.983
0.259 0.966 0.174 -0.985 22.6249 11.07 23.976
0.5 0.866 -0.035 -0.999 21.3543 9.98 21.313
0.707 0.707 -0.276 -0.961 20.207 9.22 20.234
0.866 0.5 -0.276 -0.961 17.2063 8.41 13.646
0.966 -0.259 -0.07 -0.998 6.0482 8.17 2.3474
0.866 -0.5 -0.139 -0.99 11.8962 7.94 9.1155
0.707 -0.707 -0.276 -0.961 15.7139 8.19 13.738
0.5 -0.866 -0.407 -0.914 18.2022 7.83 29.239
0.259 -0.966 -0.5 -0.866 17.159 8.42 28.431
0 -1 -0.139 -0.99 15.1201 11.29 19.789
-0.259 -0.966 -0.342 -0.94 13.4675 9.59 16.815
-0.5 -0.866 -0.309 -0.951 14.1008 9.11 14.982
-0.707 -0.707 -0.208 -0.978 14.2559 10.06 17.676
-0.866 -0.5 -0.174 -0.985 14.5378 10.73 14.54
-0.966 -0.259 -0.035 -0.999 15.5136 10.67 15.084
-1 0 0.139 -0.99 16.9735 11.18 15.347
-0.966 0.259 0.276 -0.961 20.2834 11.46 17.738
-0.866 0.5 0.242 -0.97 23.3016 12.04 28.339
-0.707 0.707 0.174 -0.985 24.8576 12.25 30.262
-0.5 0.866 0.07 -0.998 25.9692 12.38 29.998
-0.259 0.966 0 -1 25.3225 12.72 29.939
0 1 0.174 -0.985 23.721 10.99 28.076
0.259 0.966 0.208 -0.978 22.6249 11.76 28.937
0.5 0.866 0.035 -0.999 21.3543 10.92 27.212
0.707 0.707 -0.139 -0.99 20.207 10.58 25.147
0.866 0.5 -0.342 -0.94 17.2063 10.32 26.488
0.966 0.259 -0.469 -0.883 9.986 10.45 11.549
1 0 -0.588 -0.809 6.9144 10.49 7.2635
0.966 -0.259 -0.559 -0.829 6.0482 10.35 8.7533
0.866 -0.5 -0.559 -0.829 11.8962 9.72 17.56
0.707 -0.707 -0.559 -0.829 15.7139 9.51 19.828
0.5 -0.866 -0.588 -0.809 18.2022 8.93 17.944
0.259 -0.966 -0.616 -0.788 17.159 9.31 16.882
0 -1 -0.643 -0.766 15.1201 9.59 15.827
-0.259 -0.966 -0.407 -0.914 13.4675 10.54 17.871
-0.5 -0.866 -0.438 -0.899 14.1008 9.59 14.999
-0.707 -0.707 -0.438 -0.899 14.2559 9.98 16.555
-0.866 -0.5 -0.375 -0.927 14.5378 9.69 14.508
-0.966 -0.259 -0.208 -0.978 15.5136 9.27 13.065
-1 0 0.07 -0.998 16.9735 9.80 16.689
-0.966 0.259 0.242 -0.97 20.2834 10.25 24.193
-0.866 0.5 0.276 -0.961 23.3016 10.98 30.452
-0.707 0.707 0.208 -0.978 24.8576 11.56 29.418
-0.5 0.866 0.105 -0.995 25.9692 11.81 29.642
-0.259 0.966 -0.07 -0.998 25.3225 12.26 30.255