0 1 -0.899 -0.438 25.9357 9.02 8.0407
0.259 0.966 -0.94 -0.342 24.0265 9.35 5.4522
0.5 0.866 -0.97 -0.242 20.3908 9.42 4.7201
0.707 0.707 -0.995 -0.105 16.3658 9.62 2.7648
0.866 0.5 -0.999 0.035 11.8155 10.23 3.4081
0.966 0.259 -0.998 0.07 8.9619 10.86 3.1493
1 0 -0.998 0.07 6.965 11.28 5.6582
0.966 -0.259 -0.999 0.035 5.0672 11.69 3.7772
0.866 -0.5 -0.985 -0.174 10.064 12.34 0.47572
0 -1 -0.985 -0.174 16.5243 11.01 5.8509
-0.259 -0.966 -0.961 -0.276 15.9245 10.90 7.396
-0.5 -0.866 -0.899 -0.438 15.7269 10.06 5.8382
-0.707 -0.707 -0.883 -0.47 16.6949 8.88 4.6497
-0.866 -0.5 -0.788 -0.616 19.1105 8.51 6.3712
-0.966 -0.259 -0.559 -0.829 19.1922 9.13 5.0121
-1 0 -0.276 -0.961 19.6392 10.47 3.4066
-0.966 0.259 -0.242 -0.97 21.3598 12.62 8.8327
-0.866 0.5 -0.309 -0.951 23.381 14.67 8.3871
-0.707 0.707 -0.342 -0.94 25.7165 14.09 10.852
-0.5 0.866 -0.342 -0.94 26.5908 13.70 11.996
-0.259 0.966 -0.342 -0.94 26.5455 13.47 15.209
0 1 -0.559 -0.829 25.9357 10.30 19.669
0.259 0.966 -0.669 -0.743 24.0265 11.04 22.728
0.5 0.866 -0.883 -0.47 20.3908 11.42 21.474
0.707 0.707 -0.927 -0.375 16.3658 10.65 17.575
0.866 0.5 -0.97 -0.242 11.8155 10.28 7.4728
0.966 0.259 -0.978 -0.208 8.9619 9.82 2.104
1 0 -0.978 -0.208 6.965 9.79 2.2804
0.966 -0.259 -0.998 -0.07 5.0672 9.85 0.61643
0.866 -0.5 -0.99 0.139 10.064 9.04 0.73416
-0.259 -0.966 -0.978 0.208 15.9245 9.84 5.7299
-0.5 -0.866 -0.998 0.07 15.7269 9.42 3.2796
-0.707 -0.707 -0.998 -0.07 16.6949 8.75 3.9304
-0.866 -0.5 -0.961 -0.276 19.1105 8.62 4.9435
-0.966 -0.259 -0.848 -0.53 19.1922 9.94 8.3446
-1 0 -0.719 -0.695 19.6392 12.03 6.8022
-0.966 0.259 -0.53 -0.848 21.3598 12.86 7.3399
-0.866 0.5 -0.438 -0.899 23.381 12.82 14.959
-0.707 0.707 -0.53 -0.848 25.7165 13.05 26.769
-0.5 0.866 -0.719 -0.695 26.5908 13.85 24.332
-0.259 0.966 -0.848 -0.53 26.5455 14.70 25.753
0 1 -0.848 -0.53 25.9357 13.32 16.447
0.259 0.966 -0.866 -0.5 24.0265 13.19 6.7146
0.5 0.866 -0.914 -0.407 20.3908 13.27 5.9813
0.707 0.707 -0.927 -0.375 16.3658 13.48 2.3045
0.866 0.5 -0.914 -0.407 11.8155 13.85 2.0123
0.966 0.259 -0.914 -0.407 8.9619 15.03 1.3811
1 0 -0.927 -0.375 6.965 15.08 4.7613
0.966 -0.259 -0.94 -0.342 5.0672 14.19 1.8991
0.866 -0.5 -0.951 -0.309 10.064 13.89 10.198
0.707 -0.707 -0.97 -0.242 14.7706 13.65 13.874
0.5 -0.866 -0.995 -0.105 16.1729 13.15 17.18
0.259 -0.966 -0.999 -0.035 16.8858 12.71 17.666
0 -1 -1 0 16.5243 11.96 17.08
-0.259 -0.966 -0.999 0.035 15.9245 10.72 15.715
-0.5 -0.866 -0.99 0.139 15.7269 9.91 13.969
-0.707 -0.707 -0.998 -0.07 16.6949 10.55 15.855
-0.866 -0.5 -0.866 -0.5 19.1105 12.04 20.505
-0.966 -0.259 -0.743 -0.669 19.1922 13.00 19.616
-1 0 -0.669 -0.743 19.6392 12.65 18.522
-0.966 0.259 -0.616 -0.788 21.3598 12.96 14.897
-0.866 0.5 -0.643 -0.766 23.381 13.21 20.891
-0.707 0.707 -0.669 -0.743 25.7165 13.37 27.701
-0.5 0.866 -0.719 -0.695 26.5908 13.60 30.44
0 1 -0.883 -0.47 25.9357 11.32 29.103
0.259 0.966 -0.951 -0.309 24.0265 11.74 25.514
0.5 0.866 -0.985 -0.174 20.3908 11.83 26.564
0.707 0.707 -0.999 -0.035 16.3658 12.11 20.444
0.866 0.5 -0.998 -0.07 11.8155 12.28 7.7856
0.966 -0.259 -0.995 -0.105 5.0672 10.97 0.43052
0.866 -0.5 -0.99 -0.139 10.064 10.59 2.3544
0.707 -0.707 -0.978 -0.208 14.7706 10.60 7.7281
0.5 -0.866 -0.985 -0.174 16.1729 10.27 10.214
0.259 -0.966 -0.99 -0.139 16.8858 10.06 9.3185
0 -1 -0.97 -0.242 16.5243 10.06 17.564
-0.259 -0.966 -0.914 -0.407 15.9245 10.45 19.896
-0.5 -0.866 -0.848 -0.53 15.7269 10.80 18.125
-0.707 -0.707 -0.788 -0.616 16.6949 11.12 21.602
-0.866 -0.5 -0.743 -0.669 19.1105 11.41 28.883
-0.966 -0.259 -0.719 -0.695 19.1922 11.55 27.491
-1 0 -0.669 -0.743 19.6392 11.86 26.48
-0.966 0.259 -0.616 -0.788 21.3598 12.29 25.609
-0.866 0.5 -0.616 -0.788 23.381 12.68 24.131
-0.707 0.707 -0.643 -0.766 25.7165 12.86 30.61
-0.5 0.866 -0.695 -0.719 26.5908 13.27 27.333
-0.259 0.966 -0.743 -0.669 26.5455 13.34 29.226
0 1 -0.407 -0.914 25.9357 11.84 29.211
0.259 0.966 -0.438 -0.899 24.0265 11.34 30.753
0.5 0.866 -0.469 -0.883 20.3908 10.72 26.353
0.707 0.707 -0.559 -0.829 16.3658 9.95 12.757
0.866 0.5 -0.719 -0.695 11.8155 9.46 6.7776
0.966 0.259 -0.829 -0.559 8.9619 9.93 7.8155
1 0 -0.914 -0.407 6.965 10.07 2.8304
0.966 -0.259 -0.951 -0.309 5.0672 9.20 4.0686
0.866 -0.5 -0.995 -0.105 10.064 8.14 11.094
0.707 -0.707 -0.978 0.208 14.7706 7.99 23.702
0.5 -0.866 -0.899 0.438 16.1729 8.22 24.797
0.259 -0.966 -0.899 0.438 16.8858 8.54 21.17
0 -1 -0.94 0.342 16.5243 9.44 22.245
-0.259 -0.966 -0.978 0.208 15.9245 10.52 18.165
-0.5 -0.866 -0.99 0.139 15.7269 10.41 16.611
-0.707 -0.707 -0.999 0.035 16.6949 10.30 19.678
-0.866 -0.5 -0.99 -0.139 19.1105 10.52 12.608
-0.966 -0.259 -0.94 -0.342 19.1922 10.78 9.1149
-1 0 -0.788 -0.616 19.6392 10.62 13.927
-0.966 0.259 -0.559 -0.829 21.3598 10.59 20.559
-0.866 0.5 -0.375 -0.927 23.381 11.27 29.975
-0.707 0.707 -0.407 -0.914 25.7165 12.07 29.962
-0.5 0.866 -0.53 -0.848 26.5908 12.82 30.421
-0.259 0.966 -0.643 -0.766 26.5455 13.27 30.201
0 1 -0.616 -0.788 25.9357 12.83 27.575
0.259 0.966 -0.643 -0.766 24.0265 12.45 28.023
0.5 0.866 -0.669 -0.743 20.3908 12.05 24.036
0.707 0.707 -0.695 -0.719 16.3658 11.61 18.824
0.866 0.5 -0.743 -0.669 11.8155 11.33 5.481
0.966 0.259 -0.788 -0.616 8.9619 11.29 3.7003
1 0 -0.788 -0.616 6.965 11.26 2.6266
0.966 -0.259 -0.766 -0.643 5.0672 11.03 3.7737
0.866 -0.5 -0.743 -0.669 10.064 10.70 17.179
0.707 -0.707 -0.719 -0.695 14.7706 10.21 22.6
0.5 -0.866 -0.669 -0.743 16.1729 9.79 21.646
0.259 -0.966 -0.669 -0.743 16.8858 9.35 21.073
0 -1 -0.695 -0.719 16.5243 8.82 12.494
-0.259 -0.966 -0.669 -0.743 15.9245 8.57 11.449
-0.5 -0.866 -0.616 -0.788 15.7269 8.63 11.126
-0.707 -0.707 -0.588 -0.809 16.6949 8.69 11.976
-0.866 -0.5 -0.53 -0.848 19.1105 8.54 10.842
-0.966 -0.259 -0.375 -0.927 19.1922 8.46 12.042
-1 0 -0.208 -0.978 19.6392 8.46 11.383
-0.966 0.259 0 -1 21.3598 8.52 12.107
-0.866 0.5 0.174 -0.985 23.381 8.88 18.599
-0.707 0.707 0.309 -0.951 25.7165 9.40 21.438
-0.5 0.866 0.309 -0.951 26.5908 10.07 25.273
-0.259 0.966 0.139 -0.99 26.5455 10.96 26.947
0 1 -0.309 -0.951 25.9357 11.60 22.204
0.259 0.966 -0.407 -0.914 24.0265 11.78 26.327
0.5 0.866 -0.469 -0.883 20.3908 12.11 19.486
0.707 0.707 -0.588 -0.809 16.3658 12.20 20.842
0.866 0.5 -0.695 -0.719 11.8155 12.08 17.664
0.966 0.259 -0.743 -0.669 8.9619 11.77 17.328
1 0 -0.766 -0.643 6.965 11.29 13.196
0.966 -0.259 -0.809 -0.588 5.0672 10.27 5.0296
0.866 -0.5 -0.899 -0.438 10.064 9.88 9.9998
0.707 -0.707 -0.94 -0.342 14.7706 10.01 11.875
0.5 -0.866 -0.914 -0.407 16.1729 10.35 17.692
0.259 -0.966 -0.914 -0.407 16.8858 10.21 23.198
0 -1 -0.883 -0.47 16.5243 10.36 16.093
-0.259 -0.966 -0.829 -0.559 15.9245 10.61 15.066
-0.5 -0.866 -0.788 -0.616 15.7269 10.12 14.597
-0.707 -0.707 -0.669 -0.743 16.6949 9.73 11.62
-0.866 -0.5 -0.469 -0.883 19.1105 9.28 9.7597
-0.966 -0.259 -0.276 -0.961 19.1922 9.37 12.383
-1 0 -0.104 -0.995 19.6392 9.59 17.076
-0.966 0.259 0.035 -0.999 21.3598 9.77 16.912
-0.866 0.5 0.139 -0.99 23.381 10.27 23.732
-0.707 0.707 0.139 -0.99 25.7165 10.89 26.825
-0.5 0.866 -0.035 -0.999 26.5908 11.94 30.455
-0.259 0.966 -0.242 -0.97 26.5455 13.16 30.061
0 1 -0.743 -0.669 25.9357 14.68 30.063
0.259 0.966 -0.848 -0.53 24.0265 14.67 28.973
0.5 0.866 -0.883 -0.47 20.3908 14.01 28.887
0.707 0.707 -0.899 -0.438 16.3658 13.17 29.392
0.866 0.5 -0.883 -0.47 11.8155 12.70 15.85
0.966 0.259 -0.848 -0.53 8.9619 12.39 8.7292
1 0 -0.848 -0.53 6.965 11.76 9.9429
0.966 -0.259 -0.866 -0.5 5.0672 10.67 4.1384
0.866 -0.5 -0.927 -0.375 10.064 9.24 12.854
0.707 -0.707 -0.951 -0.309 14.7706 8.61 24.37
0.5 -0.866 -0.951 -0.309 16.1729 8.36 26.339
0.259 -0.966 -0.97 -0.242 16.8858 8.13 22.067
0 -1 -0.99 -0.139 16.5243 7.92 18.239
-0.259 -0.966 -0.951 -0.309 15.9245 7.39 22.777
-0.5 -0.866 -0.766 -0.643 15.7269 7.17 20.748
-0.707 -0.707 -0.342 -0.94 16.6949 7.36 22.131
-0.866 -0.5 0 -1 19.1105 7.70 22.553
-0.966 -0.259 0.208 -0.978 19.1922 8.45 22.671
-1 0 0.242 -0.97 19.6392 9.13 23.904
-0.966 0.259 0.174 -0.985 21.3598 9.56 29.074
-0.866 0.5 0.035 -0.999 23.381 10.69 28.92
-0.707 0.707 -0.07 -0.998 25.7165 12.22 28.866
-0.5 0.866 -0.208 -0.978 26.5908 13.69 28.727
-0.259 0.966 -0.242 -0.97 26.5455 13.99 27.359
0 1 -0.643 -0.766 25.9357 8.88 28.746
0.259 0.966 -0.766 -0.643 24.0265 9.72 24.186
0.5 0.866 -0.866 -0.5 20.3908 10.79 20.822
0.707 0.707 -0.927 -0.375 16.3658 11.47 10.355
0.866 0.5 -0.951 -0.309 11.8155 11.51 4.2795
0.966 0.259 -0.97 -0.242 8.9619 11.50 4.5586
1 0 -0.985 -0.174 6.965 11.48 2.8721
0.966 -0.259 -0.99 -0.139 5.0672 11.18 1.9718
0.866 -0.5 -0.99 -0.139 10.064 10.92 0.62489
0.707 -0.707 -0.978 -0.208 14.7706 10.22 1.5755
0.5 -0.866 -0.94 -0.342 16.1729 8.96 2.9148
0.259 -0.966 -0.899 -0.438 16.8858 8.63 9.7007
0 -1 -0.866 -0.5 16.5243 9.20 18.346
-0.259 -0.966 -0.848 -0.53 15.9245 10.22 22.176
-0.5 -0.866 -0.809 -0.588 15.7269 9.88 21.965
-0.707 -0.707 -0.788 -0.616 16.6949 9.10 23.83
-0.866 -0.5 -0.695 -0.719 19.1105 8.44 26.493
-0.966 -0.259 -0.559 -0.829 19.1922 7.95 22.364
-1 0 -0.407 -0.914 19.6392 7.58 23.251
-0.966 0.259 -0.342 -0.94 21.3598 7.64 24.947
-0.866 0.5 -0.208 -0.978 23.381 8.80 27.985
0 1 -0.53 -0.848 25.9357 12.58 29.901
0.259 0.966 -0.643 -0.766 24.0265 13.07 26.279
0.5 0.866 -0.695 -0.719 20.3908 13.19 10.641
0.707 0.707 -0.719 -0.695 16.3658 13.24 7.6548
0.866 0.5 -0.719 -0.695 11.8155 13.03 5.2786
0.966 0.259 -0.743 -0.669 8.9619 12.95 1.6249
1 0 -0.809 -0.588 6.965 12.90 0.63539
0.966 -0.259 -0.866 -0.5 5.0672 12.45 3.1079
0.866 -0.5 -0.899 -0.438 10.064 11.94 18.38
0.707 -0.707 -0.961 -0.276 14.7706 11.66 17.048
0.5 -0.866 -0.99 -0.139 16.1729 11.18 8.708
0.259 -0.966 -0.99 -0.139 16.8858 10.68 4.3245
0 -1 -0.961 -0.276 16.5243 10.99 6.7775
-0.259 -0.966 -0.951 -0.309 15.9245 10.42 5.451
-0.5 -0.866 -0.914 -0.407 15.7269 10.12 7.0831
-0.707 -0.707 -0.866 -0.5 16.6949 9.94 14.73
-0.866 -0.5 -0.766 -0.643 19.1105 10.03 29.448
-0.966 -0.259 -0.616 -0.788 19.1922 10.88 28.135
-1 0 -0.559 -0.829 19.6392 12.68 26.093
-0.966 0.259 -0.588 -0.809 21.3598 13.40 28.52
-0.866 0.5 -0.559 -0.829 23.381 12.71 29.982
-0.707 0.707 -0.53 -0.848 25.7165 11.60 24.588
-0.5 0.866 -0.5 -0.866 26.5908 11.63 24.034
-0.259 0.966 -0.53 -0.848 26.5455 11.42 29.43
0 1 -0.5 -0.866 25.9357 14.55 27.94
0.259 0.966 -0.53 -0.848 24.0265 14.25 28.188
0.5 0.866 -0.588 -0.809 20.3908 13.84 28.231
0.707 0.707 -0.669 -0.743 16.3658 13.42 23.549
0.866 0.5 -0.719 -0.695 11.8155 13.08 27.39
0.966 0.259 -0.788 -0.616 8.9619 13.47 24.991
1 0 -0.809 -0.588 6.965 13.67 17.2
0.966 -0.259 -0.866 -0.5 5.0672 13.58 11.919
0.866 -0.5 -0.899 -0.438 10.064 13.38 15.741
0.707 -0.707 -0.899 -0.438 14.7706 13.25 9.6167
0.5 -0.866 -0.883 -0.47 16.1729 13.33 11.358
0.259 -0.966 -0.866 -0.5 16.8858 13.34 9.9146
0 -1 -0.883 -0.47 16.5243 12.47 11.685
-0.259 -0.966 -0.883 -0.47 15.9245 11.12 16.321
-0.5 -0.866 -0.848 -0.53 15.7269 9.69 12.541
-0.707 -0.707 -0.788 -0.616 16.6949 9.01 21.838
-0.866 -0.5 -0.643 -0.766 19.1105 9.57 27.012
-0.966 -0.259 -0.407 -0.914 19.1922 10.48 24.315
-1 0 -0.208 -0.978 19.6392 10.48 25.527
-0.966 0.259 -0.07 -0.998 21.3598 10.21 27.419
-0.866 0.5 0 -1 23.381 10.30 26.884
-0.707 0.707 0 -1 25.7165 10.05 26.652
-0.5 0.866 -0.07 -0.998 26.5908 10.46 27.074
-0.259 0.966 -0.208 -0.978 26.5455 11.89 28.238
0 1 -0.809 -0.588 25.9357 12.01 28.361
0.259 0.966 -0.927 -0.375 24.0265 11.46 29.216
0.5 0.866 -0.995 -0.105 20.3908 11.22 29.33
0.707 0.707 -0.999 0.035 16.3658 11.04 26.301
0.866 0.5 -0.999 -0.035 11.8155 10.83 20.684
0.966 0.259 -0.998 -0.07 8.9619 11.35 17.211
1 0 -0.998 -0.07 6.965 11.93 8.066
0.966 -0.259 -0.999 -0.035 5.0672 11.98 3.16
0.866 -0.5 -0.998 0.07 10.064 11.93 7.633
0.707 -0.707 -0.99 0.139 14.7706 12.01 15.071
0.5 -0.866 -0.951 0.309 16.1729 11.59 18.908
0.259 -0.966 -0.951 0.309 16.8858 11.82 19.077
0 -1 -0.961 0.276 16.5243 12.21 21.851
-0.259 -0.966 -0.978 0.208 15.9245 11.88 18.589
-0.5 -0.866 -0.998 0.07 15.7269 11.31 15.798
-0.707 -0.707 -0.998 -0.07 16.6949 11.20 9.634
-0.866 -0.5 -0.94 -0.342 19.1105 10.80 18.831
-0.966 -0.259 -0.743 -0.669 19.1922 10.53 17.354
-1 0 -0.5 -0.866 19.6392 8.89 17.911
-0.966 0.259 -0.242 -0.97 21.3598 9.03 26.776
-0.866 0.5 -0.174 -0.985 23.381 9.26 29.308
-0.707 0.707 -0.035 -0.999 25.7165 10.17 29.615
-0.5 0.866 -0.139 -0.99 26.5908 11.64 28.942
-0.259 0.966 -0.342 -0.94 26.5455 12.10 28.131
0 1 -0.669 -0.743 25.9357 13.03 28.103
0.259 0.966 -0.766 -0.643 24.0265 12.74 20.966
0.5 0.866 -0.866 -0.5 20.3908 12.17 7.825
0.707 0.707 -0.94 -0.342 16.3658 11.73 11.138
0.866 0.5 -0.978 -0.208 11.8155 11.23 5.6963
0.966 0.259 -0.99 -0.139 8.9619 10.81 1.8627
1 0 -0.995 -0.105 6.965 10.61 0.46734
0.966 -0.259 -1 0 5.0672 10.60 5.8951
0.866 -0.5 -0.998 0.07 10.064 10.60 7.3852
0.707 -0.707 -0.998 0.07 14.7706 10.19 13.288
0.5 -0.866 -0.998 0.07 16.1729 9.68 13.823
0.259 -0.966 -0.995 0.104 16.8858 9.15 17.324
0 -1 -0.998 0.07 16.5243 8.84 21.027
-0.259 -0.966 -0.999 -0.035 15.9245 8.90 22.348
-0.5 -0.866 -0.961 -0.276 15.7269 9.02 19.568
-0.707 -0.707 -0.809 -0.588 16.6949 9.06 22.616
-0.866 -0.5 -0.588 -0.809 19.1105 9.02 21.993
-0.966 -0.259 -0.438 -0.899 19.1922 8.63 21.95
-1 0 -0.309 -0.951 19.6392 8.14 19.181
-0.966 0.259 -0.208 -0.978 21.3598 8.90 19.681
-0.866 0.5 -0.174 -0.985 23.381 10.13 21.96
-0.707 0.707 -0.208 -0.978 25.7165 11.84 22.896
-0.5 0.866 -0.342 -0.94 26.5908 13.38 24.964
-0.259 0.966 -0.469 -0.883 26.5455 13.61 26.884
0 1 -0.616 -0.788 25.9357 11.79 26.423
0.259 0.966 -0.719 -0.695 24.0265 11.83 25.563
0.5 0.866 -0.743 -0.669 20.3908 11.59 23.628
0.707 0.707 -0.829 -0.559 16.3658 11.05 14.695
0.866 0.5 -0.899 -0.438 11.8155 10.77 3.3803
0.966 0.259 -0.914 -0.407 8.9619 11.01 3.1479
1 0 -0.899 -0.438 6.965 11.22 4.3719
0.966 -0.259 -0.866 -0.5 5.0672 10.97 3.2078
0.866 -0.5 -0.866 -0.5 10.064 10.70 4.9967
0.707 -0.707 -0.866 -0.5 14.7706 10.50 14.561
0.5 -0.866 -0.899 -0.438 16.1729 10.03 21.236
0.259 -0.966 -0.94 -0.342 16.8858 9.64 26.751
0 -1 -0.927 -0.375 16.5243 9.45 18.761
-0.259 -0.966 -0.883 -0.47 15.9245 9.38 10.315
-0.5 -0.866 -0.743 -0.669 15.7269 9.35 10.674
-0.707 -0.707 -0.5 -0.866 16.6949 9.74 9.3187
-0.866 -0.5 -0.276 -0.961 19.1105 10.32 10.896
-0.966 -0.259 -0.208 -0.978 19.1922 11.54 8.5108
-1 0 -0.208 -0.978 19.6392 12.97 9.3163
-0.966 0.259 -0.208 -0.978 21.3598 14.05 10.47
-0.866 0.5 -0.174 -0.985 23.381 14.19 11.125
-0.707 0.707 -0.174 -0.985 25.7165 13.49 19.496
-0.5 0.866 -0.276 -0.961 26.5908 13.55 22.923
-0.259 0.966 -0.407 -0.914 26.5455 13.14 24.171
0 1 -0.559 -0.829 25.9357 11.79 23.796
0.259 0.966 -0.669 -0.743 24.0265 11.91 26.471
0.5 0.866 -0.695 -0.719 20.3908 11.79 24.135
0.707 0.707 -0.695 -0.719 16.3658 11.58 25.326
0.866 0.5 -0.643 -0.766 11.8155 11.24 23.854
0.966 0.259 -0.616 -0.788 8.9619 11.32 22.536
1 0 -0.588 -0.809 6.965 12.35 18.867
0.966 -0.259 -0.669 -0.743 5.0672 12.41 18.488
0.866 -0.5 -0.766 -0.643 10.064 11.43 18.565
0.707 -0.707 -0.829 -0.559 14.7706 10.39 18.282
0.5 -0.866 -0.883 -0.47 16.1729 9.01 14.02
0.259 -0.966 -0.998 -0.07 16.8858 7.92 21.103
0 -1 -0.978 0.208 16.5243 8.26 18.458
-0.259 -0.966 -1 0 15.9245 9.04 12.434
-0.5 -0.866 -0.94 -0.342 15.7269 10.34 15.841
-0.707 -0.707 -0.848 -0.53 16.6949 11.25 14.118
-0.866 -0.5 -0.588 -0.809 19.1105 10.77 17.588
-0.966 -0.259 -0.139 -0.99 19.1922 11.62 14.59
-1 0 -0.07 -0.998 19.6392 13.06 17.34
-0.966 0.259 -0.035 -0.999 21.3598 13.51 24.402
-0.866 0.5 0 -1 23.381 13.58 27.997
-0.707 0.707 0 -1 25.7165 12.81 29.273
-0.5 0.866 -0.104 -0.995 26.5908 12.51 29.69
-0.259 0.966 -0.208 -0.978 26.5455 12.18 28.203
0 1 -0.438 -0.899 25.9357 11.43 27.467
0.259 0.966 -0.53 -0.848 24.0265 11.63 27.593
0.5 0.866 -0.469 -0.883 20.3908 11.88 27.715
0.707 0.707 -0.375 -0.927 16.3658 12.71 26.87
0.866 0.5 -0.438 -0.899 11.8155 12.82 23.647
0.966 0.259 -0.5 -0.866 8.9619 12.33 18.284
1 0 -0.588 -0.809 6.965 11.89 11.551
0.966 -0.259 -0.695 -0.719 5.0672 11.36 7.1869
0.866 -0.5 -0.809 -0.588 10.064 10.76 12.796
0.707 -0.707 -0.866 -0.5 14.7706 10.51 19.391
0.5 -0.866 -0.927 -0.375 16.1729 11.01 24.813
0.259 -0.966 -0.951 -0.309 16.8858 9.79 20.251
0 -1 -0.97 -0.242 16.5243 9.03 16.988
-0.259 -0.966 -0.961 -0.276 15.9245 9.01 16.441
-0.5 -0.866 -0.94 -0.342 15.7269 9.07 12.156
-0.707 -0.707 -0.914 -0.407 16.6949 8.97 11.087
-0.866 -0.5 -0.848 -0.53 19.1105 8.97 10.223
-0.966 -0.259 -0.669 -0.743 19.1922 9.36 6.9707
-1 0 -0.5 -0.866 19.6392 9.99 7.7065
-0.966 0.259 -0.375 -0.927 21.3598 10.62 12.068
-0.866 0.5 -0.208 -0.978 23.381 11.83 18.433
-0.707 0.707 -0.104 -0.995 25.7165 12.80 20.92
-0.5 0.866 -0.07 -0.998 26.5908 13.17 24.298
-0.259 0.966 -0.139 -0.99 26.5455 12.83 27.587
0 1 -0.469 -0.883 25.9357 11.44 27.615
0.259 0.966 -0.588 -0.809 24.0265 11.60 28.014
0.5 0.866 -0.643 -0.766 20.3908 11.57 28.089
0.707 0.707 -0.719 -0.695 16.3658 11.50 25.153
0.866 0.5 -0.788 -0.616 11.8155 11.55 14.382
0.966 0.259 -0.788 -0.616 8.9619 12.32 5.6902
1 0 -0.829 -0.559 6.965 12.51 1.6649
0.966 -0.259 -0.899 -0.438 5.0672 11.47 4.2119
0.866 -0.5 -0.94 -0.342 10.064 10.90 14.269
0.707 -0.707 -0.94 -0.342 14.7706 10.57 11.976
0.5 -0.866 -0.951 -0.309 16.1729 10.15 24.909
0.259 -0.966 -0.97 -0.242 16.8858 9.84 20.061
0 -1 -0.97 -0.242 16.5243 9.68 21.146
-0.259 -0.966 -0.914 -0.407 15.9245 9.67 15.839
-0.5 -0.866 -0.766 -0.643 15.7269 9.63 20.156
-0.707 -0.707 -0.616 -0.788 16.6949 9.66 16.703
-0.866 -0.5 -0.53 -0.848 19.1105 9.35 19.156
-0.966 -0.259 -0.469 -0.883 19.1922 8.35 22.375
-1 0 -0.276 -0.961 19.6392 8.32 25.534
-0.966 0.259 -0.174 -0.985 21.3598 9.64 28.291
-0.866 0.5 -0.208 -0.978 23.381 11.07 29.441
-0.5 0.866 -0.375 -0.927 26.5908 14.68 29.246
0 1 -0.559 -0.829 25.9357 13.50 29.253
0.259 0.966 -0.643 -0.766 24.0265 13.37 26.923
0.5 0.866 -0.695 -0.719 20.3908 13.19 12.023
0.707 0.707 -0.766 -0.643 16.3658 13.23 8.1579
0.866 0.5 -0.809 -0.588 11.8155 13.16 6.2287
0.966 0.259 -0.829 -0.559 8.9619 12.93 4.9684
1 0 -0.848 -0.53 6.965 12.65 4.517
0.966 -0.259 -0.914 -0.407 5.0672 12.29 2.3265
0.866 -0.5 -0.94 -0.342 10.064 13.52 11.894
0.707 -0.707 -0.883 -0.47 14.7706 14.49 21.16
0.5 -0.866 -0.914 -0.407 16.1729 12.49 18.125
0.259 -0.966 -0.961 -0.276 16.8858 11.44 20.535
0 -1 -0.978 -0.208 16.5243 10.74 21.562
-0.259 -0.966 -0.961 -0.276 15.9245 10.07 19.642
-0.5 -0.866 -0.927 -0.375 15.7269 9.49 22.662
-0.707 -0.707 -0.848 -0.53 16.6949 9.01 26.095
-0.866 -0.5 -0.743 -0.669 19.1105 9.04 26.983
-0.966 -0.259 -0.616 -0.788 19.1922 10.03 26.636
-1 0 -0.469 -0.883 19.6392 11.17 27.765
-0.966 0.259 -0.407 -0.914 21.3598 12.02 26.612
-0.707 0.707 -0.5 -0.866 25.7165 13.87 29.693
-0.5 0.866 -0.588 -0.809 26.5908 14.35 29.471
0 1 -0.588 -0.809 25.9357 13.40 27.195
0.259 0.966 -0.588 -0.809 24.0265 13.70 24.622
0.5 0.866 -0.588 -0.809 20.3908 13.53 23.849
0.707 0.707 -0.588 -0.809 16.3658 13.28 16.455
0.866 0.5 -0.616 -0.788 11.8155 12.97 6.554
0.966 0.259 -0.643 -0.766 8.9619 12.73 3.6767
1 0 -0.695 -0.719 6.965 12.11 6.4599
0.966 -0.259 -0.766 -0.643 5.0672 11.45 2.5275
0.866 -0.5 -0.829 -0.559 10.064 10.77 14.442
0.707 -0.707 -0.914 -0.407 14.7706 9.80 17.301
0.5 -0.866 -0.99 -0.139 16.1729 8.69 19.433
0.259 -0.966 -0.978 0.208 16.8858 8.28 15.83
0 -1 -0.94 0.342 16.5243 8.49 11.401
-0.259 -0.966 -0.99 0.139 15.9245 8.92 8.0304
-0.5 -0.866 -0.99 -0.139 15.7269 9.50 9.1436
-0.707 -0.707 -0.94 -0.342 16.6949 9.98 10.461
-0.866 -0.5 -0.809 -0.588 19.1105 10.46 12.525
-0.966 -0.259 -0.588 -0.809 19.1922 11.29 15.198
-1 0 -0.438 -0.899 19.6392 11.76 17.162
-0.966 0.259 -0.375 -0.927 21.3598 11.13 21.459
-0.866 0.5 -0.375 -0.927 23.381 10.11 21.639
-0.707 0.707 -0.407 -0.914 25.7165 10.01 23.156
-0.5 0.866 -0.5 -0.866 26.5908 10.15 24.501
-0.259 0.966 -0.588 -0.809 26.5455 10.42 25.124
0 1 -0.469 -0.883 25.9357 11.98 24.699
0.259 0.966 -0.5 -0.866 24.0265 11.35 21.086
0.5 0.866 -0.588 -0.809 20.3908 10.59 17.402
0.707 0.707 -0.719 -0.695 16.3658 9.98 12.694
0.866 0.5 -0.848 -0.53 11.8155 9.87 2.0864
0.966 0.259 -0.883 -0.47 8.9619 9.94 1.1595
1 0 -0.866 -0.5 6.965 10.31 3.2944
0.966 -0.259 -0.766 -0.643 5.0672 11.19 1.6338
0.866 -0.5 -0.766 -0.643 10.064 10.99 17.108
0.707 -0.707 -0.809 -0.588 14.7706 10.94 16.893
0.5 -0.866 -0.883 -0.47 16.1729 11.34 17.411
0.259 -0.966 -0.899 -0.438 16.8858 10.85 16.053
0 -1 -0.883 -0.47 16.5243 10.13 13.818
-0.259 -0.966 -0.829 -0.559 15.9245 9.49 16.187
-0.5 -0.866 -0.743 -0.669 15.7269 8.78 12.108
-0.707 -0.707 -0.588 -0.809 16.6949 8.07 14.71
-0.866 -0.5 -0.407 -0.914 19.1105 7.89 14.415
-0.966 -0.259 -0.208 -0.978 19.1922 8.01 15.293
-1 0 0 -1 19.6392 8.46 16.173
-0.966 0.259 0.07 -0.998 21.3598 9.15 17.009
-0.866 0.5 0.07 -0.998 23.381 10.01 17.239
-0.707 0.707 0 -1 25.7165 11.06 21.06
-0.5 0.866 -0.104 -0.995 26.5908 11.88 24.269
-0.259 0.966 -0.208 -0.978 26.5455 12.25 24.67
0 1 -0.242 -0.97 25.9357 12.46 23.982
0.259 0.966 -0.407 -0.914 24.0265 12.43 19.31
0.5 0.866 -0.53 -0.848 20.3908 12.05 23.777
0.707 0.707 -0.643 -0.766 16.3658 11.49 23.124
0.866 0.5 -0.695 -0.719 11.8155 11.05 20.332
0.966 0.259 -0.719 -0.695 8.9619 10.76 14.577
1 0 -0.743 -0.669 6.965 10.33 11.227
0.966 -0.259 -0.788 -0.616 5.0672 9.97 20.279
0.866 -0.5 -0.809 -0.588 10.064 9.96 21.515
0.707 -0.707 -0.766 -0.643 14.7706 10.01 23.746
0.5 -0.866 -0.695 -0.719 16.1729 10.08 22.506
0.259 -0.966 -0.643 -0.766 16.8858 10.14 21.029
0 -1 -0.588 -0.809 16.5243 10.00 21.381
-0.259 -0.966 -0.5 -0.866 15.9245 10.12 20.716
-0.5 -0.866 -0.407 -0.914 15.7269 10.00 16.713
-0.707 -0.707 -0.309 -0.951 16.6949 9.60 18.823
-0.866 -0.5 -0.242 -0.97 19.1105 9.78 22.45
-0.966 -0.259 -0.035 -0.999 19.1922 10.01 22.531
-1 0 0.07 -0.998 19.6392 10.35 17.889
-0.966 0.259 0.07 -0.998 21.3598 11.01 21.255
-0.866 0.5 0.035 -0.999 23.381 11.83 27.229
-0.707 0.707 -0.035 -0.999 25.7165 12.72 30.454
-0.5 0.866 -0.139 -0.99 26.5908 13.53 29.511
-0.259 0.966 -0.242 -0.97 26.5455 13.65 27.828
0 1 -0.375 -0.927 25.9357 15.03 29.276
0.259 0.966 -0.469 -0.883 24.0265 14.64 28.86
0.5 0.866 -0.53 -0.848 20.3908 14.13 28.047
0.707 0.707 -0.588 -0.809 16.3658 13.36 14.017
0.866 0.5 -0.616 -0.788 11.8155 12.70 16.016
0.966 0.259 -0.643 -0.766 8.9619 12.14 11.398
1 0 -0.695 -0.719 6.965 11.88 6.4185
0.966 -0.259 -0.743 -0.669 5.0672 11.45 8.4518
0.866 -0.5 -0.809 -0.588 10.064 10.95 14.322
0.707 -0.707 -0.866 -0.5 14.7706 10.50 15.886
0.5 -0.866 -0.899 -0.438 16.1729 10.11 16.236
0.259 -0.966 -0.94 -0.342 16.8858 9.74 20.148
0 -1 -0.961 -0.276 16.5243 9.48 24.503
-0.259 -0.966 -0.961 -0.276 15.9245 9.25 21.34
-0.5 -0.866 -0.927 -0.375 15.7269 9.15 26.176
-0.707 -0.707 -0.848 -0.53 16.6949 9.16 27.619
-0.866 -0.5 -0.695 -0.719 19.1105 9.24 29.492
-0.966 -0.259 -0.469 -0.883 19.1922 9.81 29.098
-1 0 -0.309 -0.951 19.6392 10.47 29.51
-0.966 0.259 -0.208 -0.978 21.3598 11.16 26.373
-0.866 0.5 -0.208 -0.978 23.381 11.82 28.629
-0.707 0.707 -0.208 -0.978 25.7165 12.36 29.915
-0.5 0.866 -0.276 -0.961 26.5908 12.85 28.864
0 1 -0.829 -0.559 25.9357 13.47 30.476
0.259 0.966 -0.883 -0.47 24.0265 13.74 30.209
0.5 0.866 -0.914 -0.407 20.3908 13.59 29.458
0.707 0.707 -0.927 -0.375 16.3658 13.10 29.367
0.866 0.5 -0.927 -0.375 11.8155 12.25 24.643
0.966 0.259 -0.951 -0.309 8.9619 11.39 21.648
1 0 -0.97 -0.242 6.965 10.69 16.066
0.966 -0.259 -0.995 -0.105 5.0672 10.16 12.141
0.866 -0.5 -1 0 10.064 9.97 13.566
0.707 -0.707 -0.99 0.139 14.7706 9.83 9.0951
0.5 -0.866 -0.97 0.242 16.1729 9.78 11.969
0.259 -0.966 -0.961 0.276 16.8858 10.11 15.566
0 -1 -0.985 0.174 16.5243 10.56 14.365
-0.259 -0.966 -0.998 -0.07 15.9245 10.85 13.241
-0.5 -0.866 -0.94 -0.342 15.7269 11.12 11.664
-0.707 -0.707 -0.766 -0.643 16.6949 10.50 7.69
-0.866 -0.5 -0.469 -0.883 19.1105 9.80 11.179
-0.966 -0.259 -0.309 -0.951 19.1922 9.78 14.418
-1 0 -0.208 -0.978 19.6392 10.33 17.011
-0.966 0.259 -0.174 -0.985 21.3598 11.16 17.558
-0.866 0.5 -0.208 -0.978 23.381 12.17 21.48
-0.707 0.707 -0.309 -0.951 25.7165 13.34 25.235
-0.5 0.866 -0.407 -0.914 26.5908 14.12 29.909
-0.259 0.966 -0.559 -0.829 26.5455 14.32 30.079
0 1 -0.643 -0.766 25.9357 13.96 29.504
0.259 0.966 -0.743 -0.669 24.0265 14.26 29.388
0.5 0.866 -0.809 -0.588 20.3908 14.17 28.878
0.707 0.707 -0.883 -0.47 16.3658 13.89 28.638
0.866 0.5 -0.914 -0.407 11.8155 13.56 24.874
0.966 0.259 -0.94 -0.342 8.9619 13.12 20.647
1 0 -0.94 -0.342 6.965 12.65 17.916
0.966 -0.259 -0.961 -0.276 5.0672 12.08 13.007
0.866 -0.5 -0.978 -0.208 10.064 11.58 13.115
0.707 -0.707 -0.99 -0.139 14.7706 11.14 14.312
0.5 -0.866 -0.99 -0.139 16.1729 10.75 9.9387
0.259 -0.966 -0.995 -0.105 16.8858 10.39 10.189
0 -1 -0.99 -0.139 16.5243 10.02 14.057
-0.259 -0.966 -0.97 -0.242 15.9245 9.57 11.176
-0.5 -0.866 -0.883 -0.47 15.7269 9.30 9.4062
-0.707 -0.707 -0.743 -0.669 16.6949 9.09 13.275
-0.866 -0.5 -0.5 -0.866 19.1105 8.99 15.91
-0.966 -0.259 -0.242 -0.97 19.1922 9.09 20.647
-1 0 -0.035 -0.999 19.6392 9.61 24.393
-0.966 0.259 0.035 -0.999 21.3598 10.66 22.635
-0.866 0.5 -0.035 -0.999 23.381 11.89 26.531
-0.707 0.707 -0.139 -0.99 25.7165 13.03 28.885
-0.5 0.866 -0.242 -0.97 26.5908 13.75 29.679
-0.259 0.966 -0.407 -0.914 26.5455 14.05 30.377
0 1 -0.616 -0.788 27.4313 13.37 30.053
0.259 0.966 -0.695 -0.719 24.79 13.76 28.343
0.5 0.866 -0.766 -0.643 23.2722 13.82 28.774
0.707 0.707 -0.848 -0.53 18.6777 13.50 25.596
0.866 0.5 -0.899 -0.438 13.2702 13.60 15.736
0.966 0.259 -0.883 -0.47 7.618 13.92 6.7873
1 0 -0.866 -0.5 5.876 14.07 8.7572
0.966 -0.259 -0.866 -0.5 7.4231 13.46 7.0959
0.866 -0.5 -0.899 -0.438 15.3413 12.60 15.651
0.707 -0.707 -0.899 -0.438 16.714 11.95 16.301
0.5 -0.866 -0.914 -0.407 19.4956 11.62 17.426
0.259 -0.966 -0.94 -0.342 19.5266 11.18 19.787
0 -1 -0.97 -0.242 19.4938 10.47 19.945
-0.259 -0.966 -0.97 -0.242 18.8266 10.21 17.715
-0.5 -0.866 -0.914 -0.407 19.3992 10.50 14.913
-0.707 -0.707 -0.788 -0.616 20.7518 10.70 13.26
-0.866 -0.5 -0.559 -0.829 20.2217 11.08 11.149
-0.966 -0.259 -0.342 -0.94 20.7863 12.41 21.895
-1 0 -0.276 -0.961 22.263 13.12 24.099
-0.966 0.259 -0.276 -0.961 23.3493 12.96 23.404
-0.866 0.5 -0.242 -0.97 26.0638 12.71 26.995
-0.707 0.707 -0.276 -0.961 26.4458 12.54 28.655
-0.5 0.866 -0.438 -0.899 27.4167 12.48 28.619
-0.259 0.966 -0.643 -0.766 27.3834 12.55 30.132
0 1 -0.616 -0.788 27.4313 13.95 30.14
0.259 0.966 -0.695 -0.719 24.79 13.76 30.497
0.5 0.866 -0.766 -0.643 23.2722 13.49 30.2
0.707 0.707 -0.788 -0.616 18.6777 13.04 25.741
0.866 0.5 -0.809 -0.588 13.2702 12.41 15.915
0.966 0.259 -0.848 -0.53 7.618 11.93 8.9653
1 0 -0.899 -0.438 5.876 12.17 1.2729
0.966 -0.259 -0.94 -0.342 7.4231 13.06 1.4904
0.866 -0.5 -0.97 -0.242 15.3413 13.09 12.06
0.707 -0.707 -0.97 -0.242 16.714 12.53 11.032
0.5 -0.866 -0.961 -0.276 19.4956 11.90 26.863
0.259 -0.966 -0.978 -0.208 19.5266 11.21 22.34
0 -1 -0.985 -0.174 19.4938 11.16 23.248
-0.259 -0.966 -0.94 -0.342 18.8266 11.72 27.633
-0.5 -0.866 -0.848 -0.53 19.3992 11.74 21.49
-0.707 -0.707 -0.809 -0.588 20.7518 11.07 22.764
-0.866 -0.5 -0.695 -0.719 20.2217 10.39 27.167
-0.966 -0.259 -0.53 -0.848 20.7863 9.82 28.682
-1 0 -0.407 -0.914 22.263 9.51 30.339
-0.966 0.259 -0.276 -0.961 23.3493 9.27 30.105
-0.866 0.5 -0.242 -0.97 26.0638 9.31 30.883
-0.5 0.866 -0.309 -0.951 27.4167 10.78 29.947
-0.259 0.966 -0.438 -0.899 27.3834 12.22 29.031
0 1 -0.809 -0.588 27.4313 13.11 28.732
0.259 0.966 -0.883 -0.47 24.79 13.61 28.84
0.5 0.866 -0.94 -0.342 23.2722 13.46 28.426
0.707 0.707 -0.978 -0.208 18.6777 13.18 13.383
0.866 0.5 -0.97 -0.242 13.2702 13.04 7.2059
0.966 0.259 -0.951 -0.309 7.618 12.62 3.4442
1 0 -0.951 -0.309 5.876 12.49 3.7549
0.966 -0.259 -0.97 -0.242 7.4231 12.48 12.493
0.866 -0.5 -0.99 -0.139 15.3413 12.80 18.776
0.707 -0.707 -0.995 -0.105 16.714 13.13 15.155
0.5 -0.866 -0.998 -0.07 19.4956 13.00 14.752
0.259 -0.966 -0.999 -0.035 19.5266 12.58 17.309
0 -1 -0.999 -0.035 19.4938 12.37 19.735
-0.259 -0.966 -0.99 -0.139 18.8266 12.28 21.192
-0.5 -0.866 -0.951 -0.309 19.3992 11.91 19.08
-0.707 -0.707 -0.848 -0.53 20.7518 11.25 17.216
-0.866 -0.5 -0.588 -0.809 20.2217 11.00 17.454
-0.966 -0.259 -0.407 -0.914 20.7863 11.11 20.811
-1 0 -0.276 -0.961 22.263 11.46 22.826
-0.966 0.259 -0.276 -0.961 23.3493 11.61 29.672
-0.866 0.5 -0.242 -0.97 26.0638 11.77 30.674
0 1 -0.643 -0.766 27.4313 13.25 30.332
0.259 0.966 -0.788 -0.616 24.79 13.42 29.38
0.5 0.866 -0.883 -0.47 23.2722 13.37 26.984
0.707 0.707 -0.97 -0.242 18.6777 13.08 16.137
0.866 0.5 -0.998 -0.07 13.2702 12.94 6.0645
0.966 0.259 -1 0 7.618 12.79 5.402
1 0 -0.998 0.07 5.876 12.52 5.0253
0.966 -0.259 -0.99 0.139 7.4231 12.29 5.5923
0.866 -0.5 -0.99 0.139 15.3413 12.03 18.188
0.707 -0.707 -0.99 0.139 16.714 11.60 14.711
0.5 -0.866 -0.99 0.139 19.4956 11.26 18.581
0.259 -0.966 -0.99 0.139 19.5266 10.99 19.507
0 -1 -0.999 0.035 19.4938 10.80 20.434
-0.259 -0.966 -0.995 -0.105 18.8266 10.54 18.956
-0.5 -0.866 -0.94 -0.342 19.3992 10.03 20.271
-0.707 -0.707 -0.788 -0.616 20.7518 9.41 19.966
-0.866 -0.5 -0.559 -0.829 20.2217 9.10 20.368
-0.966 -0.259 -0.276 -0.961 20.7863 9.22 22.768
-1 0 -0.035 -0.999 22.263 9.82 22.65
-0.966 0.259 0 -1 23.3493 10.68 26.879
-0.866 0.5 -0.035 -0.999 26.0638 11.60 29.763
-0.5 0.866 -0.208 -0.978 27.4167 12.88 29.737
0 1 -0.809 -0.588 27.4313 14.33 27.996
0.259 0.966 -0.883 -0.47 24.79 14.54 25.674
0.5 0.866 -0.927 -0.375 23.2722 14.33 22.835
0.707 0.707 -0.961 -0.276 18.6777 13.86 14.568
0.866 0.5 -0.978 -0.208 13.2702 13.41 11.118
0.966 0.259 -0.978 -0.208 7.618 13.27 14.809
1 0 -0.97 -0.242 5.876 13.27 10.992
0.966 -0.259 -0.97 -0.242 7.4231 13.01 7.9193
0.866 -0.5 -0.97 -0.242 15.3413 12.51 14.596
0.707 -0.707 -0.97 -0.242 16.714 11.99 21.679
0.5 -0.866 -0.97 -0.242 19.4956 11.54 16.145
0.259 -0.966 -0.97 -0.242 19.5266 11.18 22.597
0 -1 -0.97 -0.242 19.4938 10.65 23.678
-0.259 -0.966 -0.94 -0.342 18.8266 9.87 21.229
-0.5 -0.866 -0.866 -0.5 19.3992 8.89 24.815
-0.707 -0.707 -0.669 -0.743 20.7518 8.17 26.645
-0.866 -0.5 -0.309 -0.951 20.2217 8.05 29.829
-0.966 -0.259 0 -1 20.7863 8.49 30.687
-1 0 0.174 -0.985 22.263 9.20 30.685
-0.866 0.5 0.208 -0.978 26.0638 10.91 29.582
0 1 -0.643 -0.766 27.4313 13.56 29.851
0.259 0.966 -0.719 -0.695 24.79 13.85 29.227
0.5 0.866 -0.766 -0.643 23.2722 13.67 22.026
0.707 0.707 -0.829 -0.559 18.6777 13.13 10.162
0.866 0.5 -0.866 -0.5 13.2702 12.68 2.4904
0.966 0.259 -0.899 -0.438 7.618 12.28 1.9301
1 0 -0.914 -0.407 5.876 12.00 6.1759
0.966 -0.259 -0.899 -0.438 7.4231 11.83 10.643
0.866 -0.5 -0.899 -0.438 15.3413 11.67 12.791
0.707 -0.707 -0.899 -0.438 16.714 11.59 9.8715
0.5 -0.866 -0.883 -0.47 19.4956 11.48 12.701
0.259 -0.966 -0.899 -0.438 19.5266 11.52 11.962
0 -1 -0.899 -0.438 19.4938 11.41 18.471
-0.259 -0.966 -0.883 -0.47 18.8266 11.15 19.552
-0.5 -0.866 -0.848 -0.53 19.3992 10.68 17.403
-0.707 -0.707 -0.809 -0.588 20.7518 10.23 25.387
-0.866 -0.5 -0.743 -0.669 20.2217 10.49 26.457
-0.966 -0.259 -0.743 -0.669 20.7863 10.80 22.526
-1 0 -0.719 -0.695 22.263 10.59 28.252
-0.966 0.259 -0.669 -0.743 23.3493 10.40 29.616
-0.5 0.866 -0.53 -0.848 27.4167 11.17 30.399
-0.259 0.966 -0.559 -0.829 27.3834 11.41 29.746
0 1 -0.643 -0.766 27.4313 14.91 28.976
0.259 0.966 -0.643 -0.766 24.79 15.18 21.605
0.5 0.866 -0.643 -0.766 23.2722 14.87 12.113
0.707 0.707 -0.669 -0.743 18.6777 14.27 6.9
0.866 0.5 -0.719 -0.695 13.2702 13.63 4.8565
0.966 0.259 -0.719 -0.695 7.618 13.27 6.4753
1 0 -0.743 -0.669 5.876 13.20 9.2204
0.966 -0.259 -0.809 -0.588 7.4231 13.00 2.4447
0.866 -0.5 -0.883 -0.47 15.3413 12.70 15.093
0.707 -0.707 -0.914 -0.407 16.714 12.46 14.227
0.5 -0.866 -0.951 -0.309 19.4956 12.29 11.052
0.259 -0.966 -0.978 -0.208 19.5266 11.90 14.675
0 -1 -0.99 -0.139 19.4938 11.58 18.706
-0.259 -0.966 -0.985 -0.174 18.8266 11.50 20.26
-0.5 -0.866 -0.961 -0.276 19.3992 10.95 17.663
-0.707 -0.707 -0.883 -0.47 20.7518 10.70 19.976
-0.866 -0.5 -0.719 -0.695 20.2217 10.92 19.956
-0.966 -0.259 -0.559 -0.829 20.7863 11.30 20.811
-1 0 -0.407 -0.914 22.263 11.51 22.31
-0.966 0.259 -0.309 -0.951 23.3493 11.85 22.998
-0.866 0.5 -0.276 -0.961 26.0638 12.48 27.631
-0.707 0.707 -0.342 -0.94 26.4458 13.32 27.26
0 1 -0.588 -0.809 27.4313 13.19 28.179
0.259 0.966 -0.695 -0.719 24.79 13.66 24.734
0.5 0.866 -0.809 -0.588 23.2722 14.04 11.265
0.707 0.707 -0.883 -0.47 18.6777 14.55 6.4438
0.866 0.5 -0.914 -0.407 13.2702 14.91 4.9845
0.966 0.259 -0.927 -0.375 7.618 15.22 3.2771
1 0 -0.94 -0.342 5.876 15.21 2.9865
0.966 -0.259 -0.961 -0.276 7.4231 14.87 0.71578
0.866 -0.5 -0.985 -0.174 15.3413 14.28 6.6379
0.707 -0.707 -0.995 -0.105 16.714 13.79 4.2975
0.5 -0.866 -0.998 -0.07 19.4956 13.23 9.1208
0.259 -0.966 -0.999 0.035 19.5266 12.53 15.11
0 -1 -0.995 0.104 19.4938 11.74 20.134
-0.259 -0.966 -0.998 0.07 18.8266 10.91 18.304
-0.5 -0.866 -0.995 -0.105 19.3992 10.21 20.754
-0.707 -0.707 -0.94 -0.342 20.7518 9.82 23.336
-0.866 -0.5 -0.766 -0.643 20.2217 9.93 23.683
-0.966 -0.259 -0.5 -0.866 20.7863 10.56 27.871
-1 0 -0.242 -0.97 22.263 11.56 30.723
-0.966 0.259 -0.104 -0.995 23.3493 12.21 30.57
-0.866 0.5 -0.035 -0.999 26.0638 12.79 30.812
-0.707 0.707 -0.035 -0.999 26.4458 13.49 30.821
-0.5 0.866 -0.139 -0.99 27.4167 13.91 30.52
-0.259 0.966 -0.276 -0.961 27.3834 13.55 28.278
0 1 -0.743 -0.669 27.4313 14.46 21.747
0.259 0.966 -0.829 -0.559 24.79 14.55 14.169
0.5 0.866 -0.866 -0.5 23.2722 14.17 11.207
0.707 0.707 -0.914 -0.407 18.6777 13.83 13.038
0.866 0.5 -0.961 -0.276 13.2702 13.38 8.621
0.966 0.259 -0.978 -0.208 7.618 12.87 4.3581
1 0 -0.99 -0.139 5.876 12.41 3.1912
0.966 -0.259 -0.998 -0.07 7.4231 11.73 0.44684
0.866 -0.5 -0.999 -0.035 15.3413 11.22 11.915
0.707 -0.707 -0.995 -0.105 16.714 11.03 19.689
0.5 -0.866 -0.99 -0.139 19.4956 11.26 21.929
0.259 -0.966 -0.99 -0.139 19.5266 11.45 23.126
0 -1 -0.99 -0.139 19.4938 12.02 22.772
-0.259 -0.966 -0.978 -0.208 18.8266 12.35 20.832
-0.5 -0.866 -0.927 -0.375 19.3992 12.05 24.045
-0.707 -0.707 -0.829 -0.559 20.7518 11.71 25.273
-0.866 -0.5 -0.669 -0.743 20.2217 11.74 23.767
-0.966 -0.259 -0.469 -0.883 20.7863 12.28 27.538
-1 0 -0.309 -0.951 22.263 12.87 30.171
-0.966 0.259 -0.208 -0.978 23.3493 13.63 29.921
-0.866 0.5 -0.208 -0.978 26.0638 13.85 30.952
-0.5 0.866 -0.309 -0.951 27.4167 13.75 30.981
-0.259 0.966 -0.438 -0.899 27.3834 12.98 30.327
0 1 -0.588 -0.809 27.4313 11.44 28.694
0.259 0.966 -0.743 -0.669 24.79 11.44 27.292
0.5 0.866 -0.809 -0.588 23.2722 11.75 24.439
0.707 0.707 -0.866 -0.5 18.6777 11.57 10.365
0.866 0.5 -0.914 -0.407 13.2702 11.26 3.4658
0.966 0.259 -0.951 -0.309 7.618 11.65 4.4455
1 0 -0.951 -0.309 5.876 11.70 4.3145
0.966 -0.259 -0.961 -0.276 7.4231 11.34 0.72836
0.866 -0.5 -0.978 -0.208 15.3413 11.02 12.482
0.707 -0.707 -0.978 -0.208 16.714 10.75 17.627
0.5 -0.866 -0.961 -0.276 19.4956 10.62 20.394
0.259 -0.966 -0.961 -0.276 19.5266 10.32 20.776
0 -1 -0.951 -0.309 19.4938 10.14 12.852
-0.259 -0.966 -0.899 -0.438 18.8266 10.16 14.346
-0.5 -0.866 -0.809 -0.588 19.3992 10.13 21.487
-0.707 -0.707 -0.669 -0.743 20.7518 10.06 20.487
-0.866 -0.5 -0.5 -0.866 20.2217 10.07 21.974
-0.966 -0.259 -0.276 -0.961 20.7863 10.63 23.755
-1 0 -0.139 -0.99 22.263 11.99 19.86
-0.966 0.259 -0.07 -0.998 23.3493 12.88 28.035
-0.866 0.5 -0.104 -0.995 26.0638 13.46 28.116
-0.707 0.707 -0.174 -0.985 26.4458 13.27 24.187
-0.5 0.866 -0.242 -0.97 27.4167 12.97 27.67
-0.259 0.966 -0.375 -0.927 27.3834 12.79 24.831
0 1 -0.53 -0.848 27.4313 12.22 23.105
0.259 0.966 -0.559 -0.829 24.79 12.43 17.704
0.5 0.866 -0.5 -0.866 23.2722 12.86 18.957
0.707 0.707 -0.5 -0.866 18.6777 13.35 14.258
0.866 0.5 -0.559 -0.829 13.2702 12.52 13.347
0.966 0.259 -0.616 -0.788 7.618 11.82 8.2604
1 0 -0.643 -0.766 5.876 11.40 1.1307
0.966 -0.259 -0.695 -0.719 7.4231 11.01 7.6511
0.866 -0.5 -0.766 -0.643 15.3413 10.80 13.712
0.707 -0.707 -0.829 -0.559 16.714 11.06 12.855
0.5 -0.866 -0.914 -0.407 19.4956 11.10 16.822
0.259 -0.966 -0.961 -0.276 19.5266 11.13 13.773
0 -1 -0.97 -0.242 19.4938 11.15 12.305
-0.259 -0.966 -0.94 -0.342 18.8266 11.00 11.28
-0.5 -0.866 -0.848 -0.53 19.3992 10.83 10.992
-0.707 -0.707 -0.743 -0.669 20.7518 10.51 9.8449
-0.866 -0.5 -0.616 -0.788 20.2217 10.46 11.472
-0.966 -0.259 -0.469 -0.883 20.7863 10.42 7.8188
-1 0 -0.342 -0.94 22.263 10.46 5.1539
-0.966 0.259 -0.174 -0.985 23.3493 10.54 12.96
-0.866 0.5 -0.104 -0.995 26.0638 11.06 16.219
-0.707 0.707 -0.104 -0.995 26.4458 11.94 16.84
-0.5 0.866 -0.242 -0.97 27.4167 12.80 13.919
-0.259 0.966 -0.407 -0.914 27.3834 13.68 19.539
0 1 -0.469 -0.883 27.4313 13.35 24.641
0.259 0.966 -0.469 -0.883 24.79 13.21 26.211
0.5 0.866 -0.469 -0.883 23.2722 12.97 24.478
0.707 0.707 -0.559 -0.829 18.6777 12.46 22.498
0.866 0.5 -0.643 -0.766 13.2702 11.69 20.565
0.966 0.259 -0.719 -0.695 7.618 11.24 3.0413
1 0 -0.788 -0.616 5.876 12.45 3.3222
0.966 -0.259 -0.788 -0.616 7.4231 13.73 3.172
0.866 -0.5 -0.809 -0.588 15.3413 12.69 19.779
0.707 -0.707 -0.809 -0.588 16.714 11.86 24.751
0.5 -0.866 -0.809 -0.588 19.4956 11.42 26.739
0.259 -0.966 -0.809 -0.588 19.5266 10.95 24.221
0 -1 -0.766 -0.643 19.4938 10.48 23.19
-0.259 -0.966 -0.669 -0.743 18.8266 9.54 17.874
-0.5 -0.866 -0.616 -0.788 19.3992 8.98 20.683
-0.707 -0.707 -0.5 -0.866 20.7518 8.83 20.107
-0.866 -0.5 -0.375 -0.927 20.2217 8.74 20.787
-0.966 -0.259 -0.309 -0.951 20.7863 9.05 15.457
-1 0 -0.242 -0.97 22.263 9.53 17.058
-0.966 0.259 -0.242 -0.97 23.3493 10.83 19.745
-0.866 0.5 -0.174 -0.985 26.0638 12.19 25.384
-0.707 0.707 -0.104 -0.995 26.4458 13.27 27.573
-0.5 0.866 -0.104 -0.995 27.4167 13.53 30.292
-0.259 0.966 -0.139 -0.99 27.3834 13.77 29.282
0 1 -0.616 -0.788 27.4313 12.48 29.478
0.259 0.966 -0.719 -0.695 24.79 12.88 28.837
0.5 0.866 -0.743 -0.669 23.2722 13.26 27.649
0.707 0.707 -0.788 -0.616 18.6777 13.23 27.007
0.866 0.5 -0.788 -0.616 13.2702 12.74 10.423
0.966 0.259 -0.766 -0.643 7.618 11.92 5.9543
1 0 -0.743 -0.669 5.876 10.98 5.8389
0.966 -0.259 -0.743 -0.669 7.4231 9.93 9.3561
0.866 -0.5 -0.766 -0.643 15.3413 9.23 25.959
0.707 -0.707 -0.829 -0.559 16.714 8.50 25.893
0.5 -0.866 -0.866 -0.5 19.4956 7.85 27.567
0.259 -0.966 -0.914 -0.407 19.5266 7.72 27.244
0 -1 -0.848 -0.53 19.4938 7.79 24.937
-0.966 -0.259 -0.375 -0.927 20.7863 11.05 7.7853
-1 0 -0.276 -0.961 22.263 11.50 9.134
-0.966 0.259 -0.242 -0.97 23.3493 11.78 9.4289
-0.866 0.5 -0.208 -0.978 26.0638 12.25 25.175
-0.707 0.707 -0.242 -0.97 26.4458 12.77 26.35
0.259 0.966 -0.643 -0.766 24.79 13.70 23.315
0.5 0.866 -0.669 -0.743 23.2722 13.78 24.445
0.707 0.707 -0.669 -0.743 18.6777 13.71 22.495
0.866 0.5 -0.719 -0.695 13.2702 13.37 9.9042
0.966 0.259 -0.743 -0.669 7.618 12.25 5.8566
1 0 -0.743 -0.669 5.876 11.67 2.918
0.966 -0.259 -0.743 -0.669 7.4231 11.02 8.8723
0.866 -0.5 -0.766 -0.643 15.3413 10.67 19.259
0.707 -0.707 -0.809 -0.588 16.714 10.33 21.584
0.5 -0.866 -0.883 -0.47 19.4956 9.97 20.442
0.259 -0.966 -0.927 -0.375 19.5266 9.60 23.571
0 -1 -0.914 -0.407 19.4938 9.51 23.124
-0.259 -0.966 -0.788 -0.616 18.8266 9.84 24.055
-0.5 -0.866 -0.559 -0.829 19.3992 10.88 26.26
-0.707 -0.707 -0.342 -0.94 20.7518 10.28 22.545
-0.866 -0.5 -0.035 -0.999 20.2217 9.36 21.599
-0.966 -0.259 0.208 -0.978 20.7863 8.97 22.08
-1 0 0.276 -0.961 22.263 8.59 26.135
-0.5 0.866 -0.309 -0.951 27.4167 12.85 24.726
-0.259 0.966 -0.438 -0.899 27.3834 13.44 21.185
0 1 -0.5 -0.866 27.4313 14.37 25.289
0.259 0.966 -0.588 -0.809 24.79 14.39 6.9297
0.5 0.866 -0.643 -0.766 23.2722 14.62 9.2626
0.707 0.707 -0.743 -0.669 18.6777 14.36 8.595
0.866 0.5 -0.766 -0.643 13.2702 13.49 6.5739
0.966 0.259 -0.766 -0.643 7.618 12.68 4.9311
1 0 -0.788 -0.616 5.876 12.12 9.129
0.966 -0.259 -0.848 -0.53 7.4231 11.74 7.4867
0.866 -0.5 -0.899 -0.438 15.3413 11.51 16.022
0.707 -0.707 -0.899 -0.438 16.714 11.56 16.523
0.5 -0.866 -0.866 -0.5 19.4956 11.64 26.369
0.259 -0.966 -0.866 -0.5 19.5266 11.27 28.104
0 -1 -0.866 -0.5 19.4938 10.70 26.361
-0.259 -0.966 -0.848 -0.53 18.8266 9.95 22.106
-0.5 -0.866 -0.809 -0.588 19.3992 9.08 20.759
-0.707 -0.707 -0.743 -0.669 20.7518 7.84 25.321
-0.866 -0.5 -0.588 -0.809 20.2217 7.28 23.626
-0.966 -0.259 -0.407 -0.914 20.7863 7.60 25.002
-1 0 -0.309 -0.951 22.263 8.27 25.201
-0.966 0.259 -0.309 -0.951 23.3493 8.91 24.497
-0.866 0.5 -0.342 -0.94 26.0638 9.83 29.98
-0.707 0.707 -0.375 -0.927 26.4458 11.14 30.85
-0.5 0.866 -0.469 -0.883 27.4167 12.63 30.939
-0.259 0.966 -0.559 -0.829 27.3834 13.37 30.354
0 1 -0.438 -0.899 27.4313 12.93 29.802
0.259 0.966 -0.588 -0.809 24.79 13.41 29.46
0.5 0.866 -0.669 -0.743 23.2722 13.59 26.888
0.707 0.707 -0.743 -0.669 18.6777 13.64 24.29
0.866 0.5 -0.809 -0.588 13.2702 13.64 19.754
0.966 0.259 -0.848 -0.53 7.618 13.47 7.3234
1 0 -0.866 -0.5 5.876 13.39 9.7286
0.966 -0.259 -0.883 -0.47 7.4231 13.26 16.898
0.866 -0.5 -0.899 -0.438 15.3413 13.14 14.442
0.707 -0.707 -0.899 -0.438 16.714 13.11 9.1233
0.5 -0.866 -0.883 -0.47 19.4956 13.08 22.113
0.259 -0.966 -0.899 -0.438 19.5266 12.92 17.51
0 -1 -0.883 -0.47 19.4938 12.67 18.059
-0.259 -0.966 -0.829 -0.559 18.8266 12.26 14.248
-0.5 -0.866 -0.719 -0.695 19.3992 11.67 20.738
-0.707 -0.707 -0.616 -0.788 20.7518 11.51 27.822
-0.866 -0.5 -0.588 -0.809 20.2217 11.52 28.716
-0.966 -0.259 -0.469 -0.883 20.7863 11.31 28.731
-1 0 -0.309 -0.951 22.263 11.13 28.831
-0.966 0.259 -0.174 -0.985 23.3493 11.19 23.11
-0.866 0.5 -0.139 -0.99 26.0638 11.62 25.87
-0.707 0.707 -0.139 -0.99 26.4458 12.61 27.03
-0.5 0.866 -0.276 -0.961 27.4167 13.69 25.602
-0.259 0.966 -0.469 -0.883 27.3834 14.57 28.542
0 1 -0.375 -0.927 27.4313 14.35 27.298
0.259 0.966 -0.53 -0.848 24.79 14.65 29.132
0.5 0.866 -0.643 -0.766 23.2722 14.78 28.217
0.707 0.707 -0.743 -0.669 18.6777 14.33 26.486
0.866 0.5 -0.809 -0.588 13.2702 13.84 25.212
0.966 0.259 -0.829 -0.559 7.618 13.65 10.277
1 0 -0.829 -0.559 5.876 13.50 4.6234
0.966 -0.259 -0.866 -0.5 7.4231 13.18 8.7009
0.866 -0.5 -0.914 -0.407 15.3413 12.70 18.492
0.707 -0.707 -0.927 -0.375 16.714 12.07 12.341
0.5 -0.866 -0.927 -0.375 19.4956 11.44 12.723
0.259 -0.966 -0.94 -0.342 19.5266 11.04 11.816
0 -1 -0.927 -0.375 19.4938 10.76 12.82
-0.259 -0.966 -0.866 -0.5 18.8266 10.60 10.567
-0.5 -0.866 -0.788 -0.616 19.3992 10.53 10.495
-0.707 -0.707 -0.669 -0.743 20.7518 10.28 17.322
-0.866 -0.5 -0.53 -0.848 20.2217 10.16 17.252
-0.966 -0.259 -0.407 -0.914 20.7863 10.42 13.635
-1 0 -0.375 -0.927 22.263 10.91 16.516
-0.966 0.259 -0.309 -0.951 23.3493 11.21 17.517
-0.866 0.5 -0.276 -0.961 26.0638 11.42 18.199
-0.707 0.707 -0.309 -0.951 26.4458 11.56 23.824
-0.5 0.866 -0.438 -0.899 27.4167 11.81 28.014
-0.259 0.966 -0.616 -0.788 27.3834 12.18 29.578
0 1 -0.242 -0.97 27.4313 11.47 28.849
0.259 0.966 -0.5 -0.866 24.79 11.92 26.381
0.5 0.866 -0.743 -0.669 23.2722 12.58 24.845
0.707 0.707 -0.866 -0.5 18.6777 13.31 19.188
0.866 0.5 -0.927 -0.375 13.2702 13.52 11.036
0.966 0.259 -0.94 -0.342 7.618 13.82 6.5387
1 0 -0.914 -0.407 5.876 14.23 10.318
0.966 -0.259 -0.914 -0.407 7.4231 14.02 1.9818
0.866 -0.5 -0.914 -0.407 15.3413 13.94 11.357
0.707 -0.707 -0.883 -0.47 16.714 13.73 12.442
0.5 -0.866 -0.848 -0.53 19.4956 13.61 8.6312
0.259 -0.966 -0.809 -0.588 19.5266 13.56 11.927
0 -1 -0.766 -0.643 19.4938 13.57 13.093
-0.259 -0.966 -0.719 -0.695 18.8266 12.99 17.106
-0.5 -0.866 -0.643 -0.766 19.3992 12.77 18.087
-0.707 -0.707 -0.53 -0.848 20.7518 12.48 24.18
-0.866 -0.5 -0.407 -0.914 20.2217 12.22 22.322
-0.966 -0.259 -0.309 -0.951 20.7863 11.96 19.99
-1 0 -0.208 -0.978 22.263 11.80 15.656
-0.966 0.259 -0.174 -0.985 23.3493 11.71 16.016
-0.866 0.5 -0.208 -0.978 26.0638 11.86 25.992
-0.707 0.707 -0.242 -0.97 26.4458 12.33 27.879
-0.5 0.866 -0.342 -0.94 27.4167 12.85 29.834
-0.259 0.966 -0.469 -0.883 27.3834 12.89 30.487
0 1 -0.469 -0.883 27.4313 12.32 30.069
0.5 0.866 -0.643 -0.766 23.2722 13.15 29.722
0.707 0.707 -0.695 -0.719 18.6777 13.16 26.934
0.866 0.5 -0.766 -0.643 13.2702 13.04 22.987
0.966 0.259 -0.848 -0.53 7.618 12.93 15.339
1 0 -0.914 -0.407 5.876 13.06 2.749
0.966 -0.259 -0.927 -0.375 7.4231 13.24 11.83
0.866 -0.5 -0.927 -0.375 15.3413 12.94 12.246
0.707 -0.707 -0.951 -0.309 16.714 12.56 15.977
0.5 -0.866 -0.961 -0.276 19.4956 12.27 18.54
0.259 -0.966 -0.951 -0.309 19.5266 12.60 17.675
0 -1 -0.899 -0.438 19.4938 12.38 13.345
-0.259 -0.966 -0.829 -0.559 18.8266 11.05 14.758
-0.5 -0.866 -0.743 -0.669 19.3992 10.32 20.019
-0.707 -0.707 -0.559 -0.829 20.7518 9.45 22.006
-0.866 -0.5 -0.309 -0.951 20.2217 8.51 16.813
-0.966 -0.259 -0.07 -0.998 20.7863 7.50 23.067
-1 0 -0.035 -0.999 22.263 8.25 20.578
-0.966 0.259 -0.104 -0.995 23.3493 10.97 20.312
-0.866 0.5 -0.208 -0.978 26.0638 12.68 15.878
-0.707 0.707 -0.208 -0.978 26.4458 12.86 20.185
-0.5 0.866 -0.174 -0.985 27.4167 12.69 26.541
-0.259 0.966 -0.242 -0.97 27.3834 12.75 29.624
0 1 -0.469 -0.883 27.4313 11.56 29.921
0.259 0.966 -0.643 -0.766 24.79 11.73 28.471
0.5 0.866 -0.719 -0.695 23.2722 11.82 27.533
0.707 0.707 -0.766 -0.643 18.6777 11.76 26.71
0.866 0.5 -0.788 -0.616 13.2702 11.95 25.779
0.966 0.259 -0.809 -0.588 7.618 12.15 5.6458
1 0 -0.809 -0.588 5.876 12.12 1.8443
0.966 -0.259 -0.788 -0.616 7.4231 12.18 2.0486
0.866 -0.5 -0.788 -0.616 15.3413 12.37 22.735
0.707 -0.707 -0.829 -0.559 16.714 12.09 23.517
0.5 -0.866 -0.866 -0.5 19.4956 11.38 25.195
0.259 -0.966 -0.883 -0.47 19.5266 11.17 17.55
0 -1 -0.883 -0.47 19.4938 11.14 9.2952
-0.259 -0.966 -0.866 -0.5 18.8266 11.19 13.378
-0.5 -0.866 -0.788 -0.616 19.3992 11.06 15.847
-0.707 -0.707 -0.719 -0.695 20.7518 10.51 19.39
-0.866 -0.5 -0.559 -0.829 20.2217 10.05 12.604
-0.966 -0.259 -0.375 -0.927 20.7863 10.19 12.162
-1 0 -0.208 -0.978 22.263 10.64 13.649
-0.966 0.259 -0.104 -0.995 23.3493 11.45 20.538
-0.866 0.5 -0.139 -0.99 26.0638 12.47 22.534
-0.707 0.707 -0.174 -0.985 26.4458 13.26 27.596
-0.5 0.866 -0.309 -0.951 27.4167 13.58 28.679
-0.259 0.966 -0.469 -0.883 27.3834 13.68 28.665
0 1 -0.53 -0.848 27.4313 13.32 25.865
0.259 0.966 -0.616 -0.788 24.79 12.91 24.749
0.5 0.866 -0.643 -0.766 23.2722 11.94 25.201
0.707 0.707 -0.719 -0.695 18.6777 11.00 21.829
0.866 0.5 -0.809 -0.588 13.2702 11.43 21.899
0.966 0.259 -0.848 -0.53 7.618 12.59 21.434
1 0 -0.829 -0.559 5.876 12.44 11.935
0.966 -0.259 -0.809 -0.588 7.4231 11.49 14.846
0.866 -0.5 -0.829 -0.559 15.3413 11.03 26.46
0.707 -0.707 -0.848 -0.53 16.714 10.92 25.993
0.5 -0.866 -0.848 -0.53 19.4956 10.94 26.853
0.259 -0.966 -0.883 -0.47 19.5266 10.60 27.381
0 -1 -0.899 -0.438 19.4938 10.03 23.156
-0.259 -0.966 -0.883 -0.47 18.8266 9.23 22.872
-0.5 -0.866 -0.883 -0.47 19.3992 8.60 23.851
-0.707 -0.707 -0.809 -0.588 20.7518 8.03 24.072
-0.866 -0.5 -0.695 -0.719 20.2217 8.46 20.727
-0.966 -0.259 -0.53 -0.848 20.7863 11.00 23.757
-1 0 -0.342 -0.94 22.263 12.27 28.208
-0.866 0.5 -0.208 -0.978 26.0638 12.31 28.875
-0.707 0.707 -0.208 -0.978 26.4458 12.54 31.033
0 1 -0.309 -0.951 27.4313 13.86 29.835
0.259 0.966 -0.438 -0.899 24.79 14.08 29.448
0.5 0.866 -0.438 -0.899 23.2722 13.62 26.099
0.707 0.707 -0.469 -0.883 18.6777 12.26 24.531
0.866 0.5 -0.559 -0.829 13.2702 11.24 24.168
0.966 0.259 -0.616 -0.788 7.618 10.81 8.952
1 0 -0.643 -0.766 5.876 10.89 3.8049
0.966 -0.259 -0.719 -0.695 7.4231 10.61 11.728
0.866 -0.5 -0.788 -0.616 15.3413 10.27 16.169
0.707 -0.707 -0.829 -0.559 16.714 9.75 20.412
0.5 -0.866 -0.914 -0.407 19.4956 8.93 22.571
0.259 -0.966 -0.995 -0.105 19.5266 7.96 19.819
0 -1 -0.999 0.035 19.4938 7.38 22.192
-0.259 -0.966 -0.998 -0.07 18.8266 7.35 22.083
-0.5 -0.866 -0.961 -0.276 19.3992 7.39 23.973
-0.707 -0.707 -0.848 -0.53 20.7518 7.37 21.85
-0.866 -0.5 -0.616 -0.788 20.2217 7.64 21.189
-0.966 -0.259 -0.342 -0.94 20.7863 8.54 25.457
-1 0 -0.139 -0.99 22.263 9.83 29.668
-0.966 0.259 0.035 -0.999 23.3493 11.19 29.726
-0.866 0.5 0.07 -0.998 26.0638 13.05 30.136
-0.707 0.707 0.035 -0.999 26.4458 12.59 30.484
-0.5 0.866 0 -1 27.4167 12.07 30.766
-0.259 0.966 -0.035 -0.999 27.3834 11.90 30.63
1 0 -0.883 -0.47 5.876 9.63 0.90435
0.966 -0.259 -0.927 -0.375 7.4231 9.29 4.587
0.866 -0.5 -0.951 -0.309 15.3413 9.21 10.846
0.707 -0.707 -0.951 -0.309 16.714 9.26 18.143
0.5 -0.866 -0.914 -0.407 19.4956 9.83 22.077
0.259 -0.966 -0.899 -0.438 19.5266 10.18 21.48
0 -1 -0.848 -0.53 19.4938 10.63 17.987
-0.259 -0.966 -0.766 -0.643 18.8266 10.49 18.637
-0.5 -0.866 -0.695 -0.719 19.3992 10.57 16.761
-0.707 -0.707 -0.669 -0.743 20.7518 10.02 23.346
-0.866 -0.5 -0.616 -0.788 20.2217 9.49 21.945
-0.966 -0.259 -0.53 -0.848 20.7863 9.46 19.566
-1 0 -0.438 -0.899 22.263 9.60 24.117
-0.966 0.259 -0.375 -0.927 23.3493 9.78 24.491
-0.866 0.5 -0.342 -0.94 26.0638 10.13 26.506
-0.707 0.707 -0.309 -0.951 26.4458 10.68 28.761
-0.5 0.866 -0.342 -0.94 27.4167 11.21 29.604
-0.259 0.966 -0.438 -0.899 27.3834 11.54 30.296
0 1 -0.743 -0.669 27.4313 12.69 29.827
0.259 0.966 -0.829 -0.559 24.79 13.22 26.551
0.5 0.866 -0.899 -0.438 23.2722 13.32 27.04
0.707 0.707 -0.927 -0.375 18.6777 13.12 20.843
0.866 0.5 -0.94 -0.342 13.2702 12.70 5.1354
0.966 0.259 -0.951 -0.309 7.618 12.29 5.7959
1 0 -0.951 -0.309 5.876 11.94 4.1717
0.966 -0.259 -0.961 -0.276 7.4231 11.52 6.001
0.866 -0.5 -0.961 -0.276 15.3413 10.80 13.766
0.707 -0.707 -0.927 -0.375 16.714 10.00 20.366
0.5 -0.866 -0.883 -0.47 19.4956 9.39 22.61
0.259 -0.966 -0.927 -0.375 19.5266 9.31 20.972
0 -1 -0.961 -0.276 19.4938 9.21 25.112
-0.259 -0.966 -0.914 -0.407 18.8266 9.22 22.11
-0.5 -0.866 -0.743 -0.669 19.3992 9.13 20.358
-0.707 -0.707 -0.559 -0.829 20.7518 9.09 22.142
-0.866 -0.5 -0.469 -0.883 20.2217 9.27 20.33
-0.966 -0.259 -0.375 -0.927 20.7863 9.62 14.636
-1 0 -0.309 -0.951 22.263 10.30 18.227
-0.966 0.259 -0.208 -0.978 23.3493 11.08 24.047
-0.866 0.5 -0.276 -0.961 26.0638 11.90 27.403
-0.707 0.707 -0.342 -0.94 26.4458 12.64 28.511
-0.5 0.866 -0.407 -0.914 27.4167 13.06 29.133
-0.259 0.966 -0.5 -0.866 27.3834 13.41 29.688
0 1 -0.469 -0.883 27.4313 12.92 29.558
0.259 0.966 -0.616 -0.788 24.79 12.99 29.613
0.5 0.866 -0.669 -0.743 23.2722 12.90 28.505
0.707 0.707 -0.695 -0.719 18.6777 13.13 22.053
0.866 0.5 -0.719 -0.695 13.2702 13.17 20.468
0.966 0.259 -0.695 -0.719 7.618 13.17 13.405
1 0 -0.695 -0.719 5.876 13.19 8.7421
0.966 -0.259 -0.719 -0.695 7.4231 13.10 14.372
0.866 -0.5 -0.766 -0.643 15.3413 13.08 16.044
0.707 -0.707 -0.788 -0.616 16.714 12.94 17.478
0.5 -0.866 -0.809 -0.588 19.4956 12.93 17.234
0.259 -0.966 -0.809 -0.588 19.5266 13.05 19.234
0 -1 -0.743 -0.669 19.4938 12.71 21.11
-0.259 -0.966 -0.643 -0.766 18.8266 12.23 18.581
-0.5 -0.866 -0.5 -0.866 19.3992 11.85 17.727
-0.707 -0.707 -0.342 -0.94 20.7518 11.70 21.455
-0.866 -0.5 -0.174 -0.985 20.2217 11.68 19.236
-0.966 -0.259 -0.07 -0.998 20.7863 11.20 24.423
-1 0 -0.035 -0.999 22.263 10.74 24.145
-0.966 0.259 -0.07 -0.998 23.3493 10.84 25.977
-0.866 0.5 -0.07 -0.998 26.0638 11.41 27.15
-0.707 0.707 -0.104 -0.995 26.4458 12.00 27.678
-0.5 0.866 -0.208 -0.978 27.4167 12.53 27.065
-0.259 0.966 -0.342 -0.94 27.3834 12.47 27.226
0 1 -0.375 -0.927 27.4313 9.72 23.615
0.259 0.966 -0.53 -0.848 24.79 9.57 20.663
0.5 0.866 -0.695 -0.719 23.2722 9.62 21.018
0.707 0.707 -0.809 -0.588 18.6777 9.73 15.99
0.866 0.5 -0.866 -0.5 13.2702 10.17 17.498
0.966 0.259 -0.899 -0.438 7.618 10.78 11.948
1 0 -0.899 -0.438 5.876 11.27 10.627
0.966 -0.259 -0.883 -0.47 7.4231 11.41 10.753
0.866 -0.5 -0.829 -0.559 15.3413 11.32 1.0048
0.707 -0.707 -0.719 -0.695 16.714 10.99 7.8876
0.5 -0.866 -0.669 -0.743 19.4956 10.01 13.21
0.259 -0.966 -0.719 -0.695 19.5266 8.94 14.37
0 -1 -0.829 -0.559 19.4938 7.87 16.007
-0.259 -0.966 -0.883 -0.47 18.8266 6.82 15.735
-0.5 -0.866 -0.866 -0.5 19.3992 6.45 14.206
-0.707 -0.707 -0.788 -0.616 20.7518 6.18 11.604
-0.866 -0.5 -0.588 -0.809 20.2217 6.05 13.4
-0.966 -0.259 -0.208 -0.978 20.7863 6.59 13.418
-1 0 0.105 -0.995 22.263 7.63 16.557
-0.966 0.259 0.309 -0.951 23.3493 9.17 19.761
-0.866 0.5 0.407 -0.914 26.0638 10.29 19.659
-0.707 0.707 0.438 -0.899 26.4458 9.99 21.998
-0.5 0.866 0.375 -0.927 27.4167 9.62 17.754
-0.259 0.966 0.242 -0.97 27.3834 9.29 19.302
0 1 -0.375 -0.927 27.4313 11.50 13.904
0.259 0.966 -0.469 -0.883 24.79 11.65 15.688
0.5 0.866 -0.5 -0.866 23.2722 11.49 13.559
0.707 0.707 -0.5 -0.866 18.6777 11.22 13.116
0.866 0.5 -0.559 -0.829 13.2702 10.90 11.917
0.966 0.259 -0.559 -0.829 7.618 10.70 2.8808
1 0 -0.616 -0.788 5.876 10.73 2.0936
0.966 -0.259 -0.669 -0.743 7.4231 10.76 1.921
0.866 -0.5 -0.669 -0.743 15.3413 10.68 5.8603
0.707 -0.707 -0.695 -0.719 16.714 10.41 11.5
0.5 -0.866 -0.669 -0.743 19.4956 9.87 18.523
0.259 -0.966 -0.669 -0.743 19.5266 9.01 19.472
0 -1 -0.643 -0.766 19.4938 8.20 19.44
-0.259 -0.966 -0.616 -0.788 18.8266 7.61 19.308
-0.5 -0.866 -0.559 -0.829 19.3992 7.67 18.065
-0.707 -0.707 -0.469 -0.883 20.7518 7.80 12.497
-0.866 -0.5 -0.309 -0.951 20.2217 8.38 14.595
-0.966 -0.259 -0.139 -0.99 20.7863 9.15 20.229
-1 0 0 -1 22.263 9.17 22.088
-0.966 0.259 0.139 -0.99 23.3493 9.08 23.272
-0.866 0.5 0.242 -0.97 26.0638 9.21 24.924
-0.707 0.707 0.309 -0.951 26.4458 9.40 21.318
-0.5 0.866 0.309 -0.951 27.4167 9.65 23.092
-0.259 0.966 0.276 -0.961 27.3834 9.93 22.011
0 1 0 -1 19.7396 9.67 18.491
0.259 0.966 0 -1 17.9857 10.38 20.977
0.5 0.866 0.035 -0.999 18.1181 10.25 18.79
0.707 0.707 -0.035 -0.999 16.5957 9.71 19.594
0.866 0.5 -0.104 -0.995 15.768 9.23 15.448
0.966 0.259 -0.07 -0.998 12.9072 8.89 2.9154
1 0 -0.035 -0.999 8.5226 8.62 0.80758
0.966 -0.259 0 -1 8.7711 8.45 1.6103
0.866 -0.5 0 -1 11.1511 8.21 4.9399
0.707 -0.707 -0.035 -0.999 12.5576 8.14 6.4473
0.5 -0.866 -0.07 -0.998 12.9776 8.23 14.536
0.259 -0.966 -0.104 -0.995 13.9173 8.01 10.221
0 -1 -0.139 -0.99 13.6226 7.73 9.2983
-0.259 -0.966 -0.174 -0.985 13.2512 7.51 6.7146
-0.5 -0.866 -0.174 -0.985 13.2667 7.23 7.4548
-0.707 -0.707 -0.104 -0.995 12.3668 7.21 3.899
-0.866 -0.5 0.035 -0.999 11.9648 7.20 6.3184
-0.966 -0.259 0.174 -0.985 13.0858 7.51 8.5718
-1 0 0.276 -0.961 15.3019 8.05 7.8833
-0.966 0.259 0.342 -0.94 17.4982 8.59 10.482
-0.866 0.5 0.407 -0.914 19.2954 9.02 12.329
-0.707 0.707 0.5 -0.866 20.994 9.32 9.7573
-0.5 0.866 0.53 -0.848 21.2983 9.18 10.161
-0.259 0.966 0.559 -0.829 20.9745 8.82 8.6461
0 1 0.174 -0.985 19.7396 9.69 5.4715
0.259 0.966 0.139 -0.99 17.9857 9.55 0.53921
0.5 0.866 0.105 -0.995 18.1181 9.37 3.6836
0.707 0.707 0.07 -0.998 16.5957 9.33 4.1722
0.866 0.5 0.07 -0.998 15.768 8.77 6.8385
0.966 0.259 0.139 -0.99 12.9072 8.80 6.3552
1 0 0.174 -0.985 8.5226 8.35 1.3328
0.966 -0.259 0.309 -0.951 8.7711 7.02 2.958
0.866 -0.5 0.375 -0.927 11.1511 6.03 2.7005
0.707 -0.707 0.139 -0.99 12.5576 5.07 1.8668
0.5 -0.866 -0.242 -0.97 12.9776 4.58 4.0645
0.259 -0.966 -0.588 -0.809 13.9173 4.25 6.8227
0 -1 -0.643 -0.766 13.6226 4.18 9.554
-0.259 -0.966 -0.469 -0.883 13.2512 4.28 14.178
-0.5 -0.866 -0.276 -0.961 13.2667 4.49 14.083
-0.707 -0.707 -0.07 -0.998 12.3668 4.72 9.9303
-0.866 -0.5 0.208 -0.978 11.9648 4.98 6.8731
-0.966 -0.259 0.53 -0.848 13.0858 5.63 8.3093
-1 0 0.743 -0.669 15.3019 6.65 7.329
-0.966 0.259 0.848 -0.53 17.4982 7.60 6.3726
-0.866 0.5 0.914 -0.407 19.2954 8.44 9.0913
-0.707 0.707 0.951 -0.309 20.994 9.08 17.832
-0.5 0.866 0.961 -0.276 21.2983 9.15 13.035
-0.259 0.966 0.961 -0.276 20.9745 8.68 11.94
0 1 0.276 -0.961 19.7396 7.54 5.4704
0.259 0.966 0.208 -0.978 17.9857 7.52 2.8431
0.707 0.707 -0.174 -0.985 16.5957 7.52 1.144
1 0 -0.438 -0.899 8.5226 6.65 2.6727
0.966 -0.259 -0.375 -0.927 8.7711 6.36 0.45228
0.866 -0.5 -0.342 -0.94 11.1511 5.99 3.1151
0.707 -0.707 -0.276 -0.961 12.5576 5.71 1.7757
0.5 -0.866 -0.276 -0.961 12.9776 5.60 2.9949
0.259 -0.966 -0.309 -0.951 13.9173 5.50 3.4708
0 -1 -0.276 -0.961 13.6226 5.62 2.9045
-0.259 -0.966 -0.208 -0.978 13.2512 5.87 4.539
-0.5 -0.866 -0.139 -0.99 13.2667 5.99 5.342
-0.707 -0.707 -0.07 -0.998 12.3668 5.99 6.3487
-0.866 -0.5 0.105 -0.995 11.9648 6.24 5.1222
-0.966 -0.259 0.342 -0.94 13.0858 6.81 2.9601
-1 0 0.53 -0.848 15.3019 7.48 6.5182
-0.966 0.259 0.669 -0.743 17.4982 7.93 13.875
-0.866 0.5 0.788 -0.616 19.2954 7.95 9.9316
-0.707 0.707 0.848 -0.53 20.994 8.00 9.06
-0.5 0.866 0.848 -0.53 21.2983 7.98 10.456
-0.259 0.966 0.788 -0.616 20.9745 7.71 11.081
0 1 0.174 -0.985 19.7396 8.64 10.685
0.259 0.966 0.07 -0.998 17.9857 8.65 5.7146
0.5 0.866 0 -1 18.1181 8.56 3.3147
0.707 0.707 -0.174 -0.985 16.5957 8.37 3.2436
0.866 0.5 -0.375 -0.927 15.768 8.18 3.584
0.966 0.259 -0.469 -0.883 12.9072 8.10 0.81586
0.866 -0.5 -0.643 -0.766 11.1511 7.54 4.5828
0.707 -0.707 -0.616 -0.788 12.5576 7.25 4.9168
0.5 -0.866 -0.643 -0.766 12.9776 6.79 7.3218
0.259 -0.966 -0.669 -0.743 13.9173 6.28 9.3432
0 -1 -0.616 -0.788 13.6226 6.15 9.5967
-0.259 -0.966 -0.559 -0.829 13.2512 6.21 9.1577
-0.5 -0.866 -0.469 -0.883 13.2667 6.27 10.545
-0.707 -0.707 -0.375 -0.927 12.3668 6.30 11.957
-0.866 -0.5 -0.276 -0.961 11.9648 6.48 8.5008
-0.966 -0.259 -0.139 -0.99 13.0858 6.81 7.844
-1 0 -0.07 -0.998 15.3019 7.43 9.0325
-0.966 0.259 0.035 -0.999 17.4982 7.81 9.8098
-0.866 0.5 0.174 -0.985 19.2954 7.99 11.131
-0.707 0.707 0.407 -0.914 20.994 8.02 15.243
-0.5 0.866 0.53 -0.848 21.2983 8.12 16.322
-0.259 0.966 0.407 -0.914 20.9745 8.01 13.601
0 1 0.809 -0.588 19.7396 6.77 12.373
0.259 0.966 0.788 -0.616 17.9857 6.53 10.729
0.5 0.866 0.788 -0.616 18.1181 6.06 12.573
0.707 0.707 0.809 -0.588 16.5957 5.32 12.528
0.866 0.5 0.743 -0.669 15.768 4.88 15.376
0.966 0.259 0.643 -0.766 12.9072 4.74 13.447
1 0 0.438 -0.899 8.5226 4.80 6.9384
0.966 -0.259 0.242 -0.97 8.7711 5.29 10.64
0.866 -0.5 -0.035 -0.999 11.1511 6.85 8.2016
0.707 -0.707 -0.242 -0.97 12.5576 7.70 10.862
0.5 -0.866 -0.342 -0.94 12.9776 7.54 10.432
0.259 -0.966 -0.469 -0.883 13.9173 7.16 10.482
0 -1 -0.53 -0.848 13.6226 6.82 12.825
-0.259 -0.966 -0.53 -0.848 13.2512 6.59 12.676
-0.5 -0.866 -0.469 -0.883 13.2667 6.44 14.383
-0.707 -0.707 -0.276 -0.961 12.3668 6.20 10.996
-0.866 -0.5 0 -1 11.9648 6.20 12.224
-0.966 -0.259 0.242 -0.97 13.0858 6.03 14.143
-1 0 0.47 -0.883 15.3019 5.98 12.157
-0.966 0.259 0.5 -0.866 17.4982 6.07 16.65
-0.866 0.5 0.53 -0.848 19.2954 6.22 18.043
-0.707 0.707 0.616 -0.788 20.994 6.65 23.516
-0.5 0.866 0.695 -0.719 21.2983 7.57 21.72
-0.259 0.966 0.559 -0.829 20.9745 8.28 18.838
0 1 0.07 -0.998 19.7396 9.66 17.322
0.259 0.966 -0.104 -0.995 17.9857 9.48 16.537
0.5 0.866 -0.276 -0.961 18.1181 9.40 17.274
0.707 0.707 -0.438 -0.899 16.5957 9.38 13.277
0.866 0.5 -0.5 -0.866 15.768 9.56 19.206
0.966 0.259 -0.407 -0.914 12.9072 9.46 14.734
1 0 -0.309 -0.951 8.5226 9.05 14.873
0.966 -0.259 -0.276 -0.961 8.7711 8.31 14.547
0.866 -0.5 -0.342 -0.94 11.1511 7.18 8.9725
0.707 -0.707 -0.53 -0.848 12.5576 6.26 9.1875
0.5 -0.866 -0.766 -0.643 12.9776 5.89 5.1713
0.259 -0.966 -0.899 -0.438 13.9173 5.70 9.448
0 -1 -0.883 -0.47 13.6226 6.19 9.1889
-0.259 -0.966 -0.719 -0.695 13.2512 7.56 8.517
-0.5 -0.866 -0.438 -0.899 13.2667 8.93 10.872
-0.707 -0.707 -0.242 -0.97 12.3668 8.15 11.396
-0.866 -0.5 -0.104 -0.995 11.9648 6.94 13.123
-0.966 -0.259 -0.035 -0.999 13.0858 6.31 12.267
-1 0 0.07 -0.998 15.3019 6.57 15.759
-0.966 0.259 0.139 -0.99 17.4982 7.09 17.168
-0.866 0.5 0.105 -0.995 19.2954 7.42 20.145
-0.707 0.707 0.105 -0.995 20.994 8.30 19.426
-0.5 0.866 0.035 -0.999 21.2983 9.96 23.664
-0.259 0.966 -0.104 -0.995 20.9745 11.07 21.74
0 1 0.407 -0.914 19.7396 8.93 16.182
0.259 0.966 0.035 -0.999 17.9857 8.93 10.931
0.5 0.866 -0.276 -0.961 18.1181 9.27 13.446
0.707 0.707 -0.469 -0.883 16.5957 9.55 12.548
0.866 0.5 -0.53 -0.848 15.768 9.25 12.736
0.966 0.259 -0.616 -0.788 12.9072 8.75 15.405
1 0 -0.669 -0.743 8.5226 8.39 14.274
0.966 -0.259 -0.695 -0.719 8.7711 7.98 9.0046
0.866 -0.5 -0.719 -0.695 11.1511 7.98 5.7115
0.707 -0.707 -0.643 -0.766 12.5576 8.16 15.823
0.5 -0.866 -0.616 -0.788 12.9776 8.34 15.036
0.259 -0.966 -0.588 -0.809 13.9173 8.38 10.086
0 -1 -0.588 -0.809 13.6226 8.33 11.061
-0.259 -0.966 -0.53 -0.848 13.2512 8.54 8.3146
-0.5 -0.866 -0.438 -0.899 13.2667 8.92 11.377
-0.707 -0.707 -0.375 -0.927 12.3668 9.12 12.8
-0.866 -0.5 -0.309 -0.951 11.9648 9.20 15.957
-0.966 -0.259 -0.242 -0.97 13.0858 9.45 14.277
-1 0 -0.174 -0.985 15.3019 9.77 20.5
-0.966 0.259 -0.104 -0.995 17.4982 10.08 26.422
-0.866 0.5 0 -1 19.2954 10.55 26.279
-0.707 0.707 0 -1 20.994 10.93 25.123
-0.5 0.866 -0.035 -0.999 21.2983 11.31 27.189
-0.259 0.966 -0.104 -0.995 20.9745 11.50 29.022
0 1 -0.139 -0.99 19.7396 9.90 27.191
0.259 0.966 -0.208 -0.978 17.9857 9.55 22.995
0.5 0.866 -0.208 -0.978 18.1181 9.25 23.909
0.707 0.707 -0.242 -0.97 16.5957 9.04 25.422
0.866 0.5 -0.276 -0.961 15.768 9.80 25.337
0.966 0.259 -0.375 -0.927 12.9072 9.86 19.412
1 0 -0.5 -0.866 8.5226 8.88 16.185
0.966 -0.259 -0.669 -0.743 8.7711 8.38 16.978
0.866 -0.5 -0.719 -0.695 11.1511 8.33 23.872
0.707 -0.707 -0.695 -0.719 12.5576 8.81 22.693
0.5 -0.866 -0.695 -0.719 12.9776 8.90 20.776
0.259 -0.966 -0.743 -0.669 13.9173 8.56 21.954
0 -1 -0.719 -0.695 13.6226 8.66 21.325
-0.259 -0.966 -0.669 -0.743 13.2512 9.04 17.569
-0.5 -0.866 -0.616 -0.788 13.2667 9.48 14.928
-0.707 -0.707 -0.5 -0.866 12.3668 9.62 13.844
-0.866 -0.5 -0.375 -0.927 11.9648 9.80 13.943
-0.966 -0.259 -0.174 -0.985 13.0858 10.28 18.392
-1 0 -0.035 -0.999 15.3019 11.09 22.482
-0.966 0.259 0.105 -0.995 17.4982 11.54 21.804
-0.866 0.5 0.174 -0.985 19.2954 11.87 23.39
-0.707 0.707 0.139 -0.99 20.994 12.33 27.789
-0.5 0.866 0 -1 21.2983 12.26 26.557
-0.259 0.966 -0.242 -0.97 20.9745 11.50 27.17
0 1 -0.375 -0.927 19.7396 10.08 25.674
0.259 0.966 -0.438 -0.899 17.9857 10.97 25.482
0.5 0.866 -0.438 -0.899 18.1181 11.43 24.185
0.707 0.707 -0.375 -0.927 16.5957 11.91 22.487
0.866 0.5 -0.342 -0.94 15.768 12.39 23.889
0.966 0.259 -0.375 -0.927 12.9072 12.25 15.133
1 0 -0.438 -0.899 8.5226 11.82 13.463
0.966 -0.259 -0.53 -0.848 8.7711 11.52 4.6185
0.866 -0.5 -0.669 -0.743 11.1511 10.86 7.5987
0.707 -0.707 -0.766 -0.643 12.5576 10.17 8.7208
0.5 -0.866 -0.829 -0.559 12.9776 9.66 11.695
0.259 -0.966 -0.899 -0.438 13.9173 9.01 19.861
0 -1 -0.899 -0.438 13.6226 8.28 20.09
-0.259 -0.966 -0.883 -0.47 13.2512 8.28 15.396
-0.5 -0.866 -0.743 -0.669 13.2667 8.86 13.851
-0.707 -0.707 -0.53 -0.848 12.3668 9.24 11.076
-0.866 -0.5 -0.375 -0.927 11.9648 9.70 10.776
-0.966 -0.259 -0.309 -0.951 13.0858 10.50 11.007
-1 0 -0.276 -0.961 15.3019 11.18 10.847
-0.966 0.259 -0.309 -0.951 17.4982 11.67 13.341
-0.866 0.5 -0.309 -0.951 19.2954 12.09 17.374
-0.707 0.707 -0.309 -0.951 20.994 13.08 21.011
-0.5 0.866 -0.342 -0.94 21.2983 14.01 25.143
-0.259 0.966 -0.375 -0.927 20.9745 14.17 24.672
0 1 -0.588 -0.809 19.7396 13.58 25.129
0.259 0.966 -0.669 -0.743 17.9857 13.10 22.374
0.5 0.866 -0.695 -0.719 18.1181 12.77 21.717
0.707 0.707 -0.743 -0.669 16.5957 12.47 23.831
0.866 0.5 -0.719 -0.695 15.768 12.25 19.868
0.966 0.259 -0.695 -0.719 12.9072 12.92 20.757
1 0 -0.695 -0.719 8.5226 13.40 19.122
0.966 -0.259 -0.643 -0.766 8.7711 12.74 19.932
0.866 -0.5 -0.643 -0.766 11.1511 11.12 21.851
0.707 -0.707 -0.766 -0.643 12.5576 9.57 25.181
0.5 -0.866 -0.809 -0.588 12.9776 9.56 22.742
0.259 -0.966 -0.883 -0.47 13.9173 9.40 19.589
0 -1 -0.94 -0.342 13.6226 9.15 20.083
-0.259 -0.966 -0.94 -0.342 13.2512 8.97 23.557
-0.5 -0.866 -0.899 -0.438 13.2667 8.76 27.052
-0.707 -0.707 -0.788 -0.616 12.3668 8.78 24.541
-0.866 -0.5 -0.53 -0.848 11.9648 9.31 26.046
-0.966 -0.259 -0.242 -0.97 13.0858 10.11 27.055
-1 0 -0.07 -0.998 15.3019 10.92 25.407
-0.966 0.259 -0.035 -0.999 17.4982 11.79 28.556
-0.866 0.5 -0.07 -0.998 19.2954 12.36 30.069
-0.707 0.707 -0.104 -0.995 20.994 12.87 29.943
-0.5 0.866 -0.208 -0.978 21.2983 13.63 29.354
-0.259 0.966 -0.342 -0.94 20.9745 14.49 30.479
0 1 -0.469 -0.883 19.7396 12.59 30.38
0.259 0.966 -0.588 -0.809 17.9857 12.26 29.719
0.5 0.866 -0.643 -0.766 18.1181 11.72 24.441
0.707 0.707 -0.559 -0.829 16.5957 11.23 28.608
0.866 0.5 -0.469 -0.883 15.768 11.05 21.07
0.966 0.259 -0.438 -0.899 12.9072 11.23 16.639
1 0 -0.375 -0.927 8.5226 10.93 10.72
0.966 -0.259 -0.309 -0.951 8.7711 10.83 5.0781
0.866 -0.5 -0.375 -0.927 11.1511 11.08 18.332
0.707 -0.707 -0.53 -0.848 12.5576 10.42 16.795
0.259 -0.966 -0.616 -0.788 13.9173 9.28 17.792
0 -1 -0.669 -0.743 13.6226 9.62 15.541
-0.259 -0.966 -0.695 -0.719 13.2512 9.97 16.236
-0.5 -0.866 -0.643 -0.766 13.2667 9.97 14.589
-0.707 -0.707 -0.588 -0.809 12.3668 9.87 13.033
-0.866 -0.5 -0.469 -0.883 11.9648 9.85 11.943
-0.966 -0.259 -0.342 -0.94 13.0858 9.91 12.515
-1 0 -0.242 -0.97 15.3019 10.24 13.783
-0.966 0.259 -0.139 -0.99 17.4982 10.59 14.763
-0.259 0.966 -0.242 -0.97 20.9745 12.24 13.258
0.707 0.707 -0.616 -0.788 16.5957 12.25 11.995
0.866 0.5 -0.695 -0.719 15.768 10.96 12.984
0.966 0.259 -0.743 -0.669 12.9072 9.98 12.083
1 0 -0.788 -0.616 8.5226 9.38 5.8292
0.966 -0.259 -0.809 -0.588 8.7711 8.82 10.706
0.866 -0.5 -0.788 -0.616 11.1511 8.00 11.828
0.707 -0.707 -0.695 -0.719 12.5576 7.09 21.485
0.259 -0.966 -0.643 -0.766 13.9173 5.27 13.652
0 -1 -0.899 -0.438 13.6226 5.48 14.794
-0.259 -0.966 -0.927 -0.375 13.2512 7.61 17.188
-0.5 -0.866 -0.743 -0.669 13.2667 8.36 20.576
-0.707 -0.707 -0.53 -0.848 12.3668 10.50 17.87
-0.866 -0.5 -0.407 -0.914 11.9648 11.53 18.617
-0.966 -0.259 -0.309 -0.951 13.0858 11.02 20.672
-1 0 -0.242 -0.97 15.3019 10.86 23.295
-0.966 0.259 -0.174 -0.985 17.4982 10.84 22.346
-0.866 0.5 -0.104 -0.995 19.2954 10.79 23.618
-0.707 0.707 -0.07 -0.998 20.994 10.77 24.965
-0.5 0.866 -0.07 -0.998 21.2983 10.89 24.009
-0.259 0.966 -0.139 -0.99 20.9745 10.62 23.938
0 1 -0.407 -0.914 19.7396 12.03 23.735
0.259 0.966 -0.53 -0.848 17.9857 12.16 22.624
0.5 0.866 -0.616 -0.788 18.1181 11.95 22.731
0.707 0.707 -0.695 -0.719 16.5957 11.68 22.554
0.866 0.5 -0.695 -0.719 15.768 11.51 19.389
0.966 0.259 -0.719 -0.695 12.9072 11.34 18.666
1 0 -0.766 -0.643 8.5226 11.31 8.6175
0.966 -0.259 -0.788 -0.616 8.7711 11.13 12.003
0.866 -0.5 -0.809 -0.588 11.1511 10.90 15.774
0.707 -0.707 -0.848 -0.53 12.5576 10.67 15.008
0.259 -0.966 -0.883 -0.47 13.9173 9.82 15.007
0 -1 -0.899 -0.438 13.6226 9.34 10.987
-0.259 -0.966 -0.899 -0.438 13.2512 8.96 10.334
-0.5 -0.866 -0.883 -0.47 13.2667 8.65 12.484
-0.707 -0.707 -0.829 -0.559 12.3668 8.52 13.177
-0.866 -0.5 -0.719 -0.695 11.9648 8.37 14.117
-0.966 -0.259 -0.559 -0.829 13.0858 8.49 14.434
-1 0 -0.438 -0.899 15.3019 8.71 13.385
-0.966 0.259 -0.342 -0.94 17.4982 8.88 14.359
-0.866 0.5 -0.342 -0.94 19.2954 9.11 15.22
-0.707 0.707 -0.342 -0.94 20.994 9.42 14.872
-0.5 0.866 -0.342 -0.94 21.2983 9.94 15.165
-0.259 0.966 -0.375 -0.927 20.9745 10.56 16.133
0 1 -0.035 -0.999 19.7396 8.71 14.908
0.259 0.966 -0.174 -0.985 17.9857 8.85 14.775
0.5 0.866 -0.276 -0.961 18.1181 9.30 12.035
0.707 0.707 -0.407 -0.914 16.5957 9.63 11.85
0.866 0.5 -0.469 -0.883 15.768 9.63 10.385
0.966 0.259 -0.53 -0.848 12.9072 9.49 9.5998
1 0 -0.559 -0.829 8.5226 9.33 10.14
0.966 -0.259 -0.643 -0.766 8.7711 8.91 8.5262
0.866 -0.5 -0.788 -0.616 11.1511 8.77 7.8569
0.707 -0.707 -0.809 -0.588 12.5576 9.08 9.2763
0.5 -0.866 -0.766 -0.643 12.9776 9.16 8.1124
0.259 -0.966 -0.743 -0.669 13.9173 9.02 9.4794
0 -1 -0.766 -0.643 13.6226 8.99 15.005
-0.259 -0.966 -0.743 -0.669 13.2512 8.97 13.947
-0.5 -0.866 -0.719 -0.695 13.2667 8.74 13.716
-0.707 -0.707 -0.695 -0.719 12.3668 8.35 7.6206
-0.866 -0.5 -0.616 -0.788 11.9648 7.91 8.1059
-0.966 -0.259 -0.438 -0.899 13.0858 7.86 9.6152
-1 0 -0.309 -0.951 15.3019 8.28 9.7018
-0.966 0.259 -0.208 -0.978 17.4982 8.57 10.777
-0.866 0.5 -0.174 -0.985 19.2954 9.31 13.746
-0.707 0.707 -0.139 -0.99 20.994 10.22 15.131
-0.5 0.866 -0.174 -0.985 21.2983 10.85 16.053
-0.259 0.966 -0.276 -0.961 20.9745 11.10 15.918
0 1 0.208 -0.978 19.7396 11.57 14.609
0.259 0.966 0.07 -0.998 17.9857 11.39 12.176
0.5 0.866 -0.035 -0.999 18.1181 11.04 10.958
0.707 0.707 -0.139 -0.99 16.5957 10.52 10.31
0.866 0.5 -0.242 -0.97 15.768 10.22 10.015
0.966 0.259 -0.342 -0.94 12.9072 10.05 9.9534
1 0 -0.407 -0.914 8.5226 9.88 12.11
0.966 -0.259 -0.53 -0.848 8.7711 9.63 10.9
0.866 -0.5 -0.616 -0.788 11.1511 9.36 6.709
0.707 -0.707 -0.616 -0.788 12.5576 9.21 7.3231
0.5 -0.866 -0.643 -0.766 12.9776 9.26 10.429
0.259 -0.966 -0.695 -0.719 13.9173 9.29 8.6482
0 -1 -0.695 -0.719 13.6226 9.18 6.3993
-0.259 -0.966 -0.616 -0.788 13.2512 9.13 13.019
-0.5 -0.866 -0.559 -0.829 13.2667 8.75 12.917
-0.707 -0.707 -0.559 -0.829 12.3668 8.02 10.314
-0.866 -0.5 -0.53 -0.848 11.9648 7.40 6.7564
-0.966 -0.259 -0.5 -0.866 13.0858 7.15 5.5677
-1 0 -0.559 -0.829 15.3019 7.04 5.965
-0.966 0.259 -0.5 -0.866 17.4982 7.26 12.851
-0.866 0.5 -0.309 -0.951 19.2954 8.14 16.255
-0.707 0.707 -0.174 -0.985 20.994 9.29 16.401
-0.5 0.866 -0.139 -0.99 21.2983 10.65 16.635
-0.259 0.966 -0.139 -0.99 20.9745 12.18 16.004
0 1 -0.276 -0.961 19.7396 10.73 16.6
0.259 0.966 -0.407 -0.914 17.9857 10.65 15.467
0.5 0.866 -0.559 -0.829 18.1181 10.35 15.456
0.707 0.707 -0.669 -0.743 16.5957 10.10 11.48
0.866 0.5 -0.743 -0.669 15.768 9.89 12.932
0.966 0.259 -0.743 -0.669 12.9072 9.81 8.1887
1 0 -0.719 -0.695 8.5226 9.64 0.6491
0.866 -0.5 -0.743 -0.669 11.1511 9.01 7.1562
0.707 -0.707 -0.788 -0.616 12.5576 8.99 9.0233
0.5 -0.866 -0.848 -0.53 12.9776 8.87 11.334
0.259 -0.966 -0.927 -0.375 13.9173 8.80 15.409
0 -1 -0.94 -0.342 13.6226 8.82 10.068
-0.259 -0.966 -0.866 -0.5 13.2512 8.24 8.253
-0.5 -0.866 -0.719 -0.695 13.2667 7.11 6.075
-0.707 -0.707 -0.643 -0.766 12.3668 6.32 16.141
-0.866 -0.5 -0.407 -0.914 11.9648 6.46 10.831
-0.966 -0.259 -0.07 -0.998 13.0858 7.17 14.576
-1 0 0.035 -0.999 15.3019 8.20 19.184
-0.966 0.259 0.105 -0.995 17.4982 9.22 21.647
-0.866 0.5 0.105 -0.995 19.2954 10.34 25.369
-0.707 0.707 0.174 -0.985 20.994 10.79 26.205
-0.5 0.866 0.139 -0.99 21.2983 10.85 27.235
-0.259 0.966 0.07 -0.998 20.9745 10.89 27.598
0 1 -0.276 -0.961 19.7396 10.17 28.578
0.259 0.966 -0.342 -0.94 17.9857 10.20 24.977
0.5 0.866 -0.407 -0.914 18.1181 10.09 22.427
0.707 0.707 -0.469 -0.883 16.5957 9.91 17.828
0.866 0.5 -0.588 -0.809 15.768 9.58 20.928
0.966 0.259 -0.669 -0.743 12.9072 9.38 17.163
1 0 -0.766 -0.643 8.5226 9.28 17.042
0.966 -0.259 -0.866 -0.5 8.7711 9.31 19.02
0.866 -0.5 -0.899 -0.438 11.1511 9.43 16.862
0.707 -0.707 -0.883 -0.47 12.5576 9.47 15.691
0.5 -0.866 -0.848 -0.53 12.9776 9.42 8.6618
0.259 -0.966 -0.829 -0.559 13.9173 9.22 9.7661
0 -1 -0.788 -0.616 13.6226 9.08 9.9988
-0.259 -0.966 -0.719 -0.695 13.2512 8.87 9.4469
-0.5 -0.866 -0.588 -0.809 13.2667 8.68 11.338
-0.707 -0.707 -0.407 -0.914 12.3668 8.47 12.356
-0.866 -0.5 -0.208 -0.978 11.9648 8.65 12.177
-0.966 -0.259 0 -1 13.0858 8.89 10.006
-1 0 0.035 -0.999 15.3019 9.20 9.3171
-0.966 0.259 0.07 -0.998 17.4982 9.49 8.6366
-0.866 0.5 0.07 -0.998 19.2954 9.51 10.792
-0.707 0.707 0.07 -0.998 20.994 9.47 17.042
-0.5 0.866 0.07 -0.998 21.2983 9.36 18.364
-0.259 0.966 0.105 -0.995 20.9745 9.27 16.616
0 1 -0.242 -0.97 19.7396 9.95 12.931
0.259 0.966 -0.342 -0.94 17.9857 10.36 12.281
0.5 0.866 -0.438 -0.899 18.1181 10.62 15.006
0.707 0.707 -0.53 -0.848 16.5957 10.55 11.961
0.866 0.5 -0.616 -0.788 15.768 10.11 11.248
0.966 0.259 -0.695 -0.719 12.9072 9.76 11.712
1 0 -0.788 -0.616 8.5226 9.39 9.9581
0.966 -0.259 -0.848 -0.53 8.7711 9.41 10.627
0.866 -0.5 -0.866 -0.5 11.1511 9.75 14.288
0.707 -0.707 -0.866 -0.5 12.5576 10.26 14.99
0.5 -0.866 -0.866 -0.5 12.9776 10.22 16.781
0.259 -0.966 -0.866 -0.5 13.9173 9.88 17.315
0 -1 -0.848 -0.53 13.6226 9.53 18.893
-0.259 -0.966 -0.829 -0.559 13.2512 9.03 19.141
-0.5 -0.866 -0.766 -0.643 13.2667 8.27 13.372
-0.707 -0.707 -0.643 -0.766 12.3668 7.16 7.0471
-0.866 -0.5 -0.375 -0.927 11.9648 6.93 5.6834
-0.966 -0.259 -0.035 -0.999 13.0858 7.54 6.1033
-1 0 0.174 -0.985 15.3019 8.57 14.78
-0.966 0.259 0.276 -0.961 17.4982 9.59 19.489
-0.866 0.5 0.309 -0.951 19.2954 10.13 23.153
-0.707 0.707 0.309 -0.951 20.994 10.92 26.576
-0.5 0.866 0.242 -0.97 21.2983 11.31 28.329
-0.259 0.966 0.174 -0.985 20.9745 11.14 28.542
0 1 0.07 -0.998 19.7396 10.73 28.329
0.259 0.966 -0.035 -0.999 17.9857 10.62 27.514
0.5 0.866 -0.139 -0.99 18.1181 10.59 28.744
0.707 0.707 -0.276 -0.961 16.5957 10.27 26.647
0.866 0.5 -0.407 -0.914 15.768 10.01 17.272
0.966 0.259 -0.5 -0.866 12.9072 10.11 5.1713
1 0 -0.588 -0.809 8.5226 9.95 3.3737
0.966 -0.259 -0.643 -0.766 8.7711 9.67 5.5767
0.866 -0.5 -0.695 -0.719 11.1511 9.77 18.448
0.707 -0.707 -0.695 -0.719 12.5576 9.96 25.255
0.5 -0.866 -0.695 -0.719 12.9776 9.70 22.121
0.259 -0.966 -0.743 -0.669 13.9173 9.22 17.127
0 -1 -0.766 -0.643 13.6226 9.12 20.177
-0.259 -0.966 -0.719 -0.695 13.2512 9.15 25.151
-0.5 -0.866 -0.643 -0.766 13.2667 9.24 25.539
-0.707 -0.707 -0.53 -0.848 12.3668 8.74 24.478
-0.866 -0.5 -0.375 -0.927 11.9648 7.86 20.396
-0.966 -0.259 -0.104 -0.995 13.0858 7.21 19.241
-1 0 0.242 -0.97 15.3019 7.47 26.15
-0.966 0.259 0.309 -0.951 17.4982 8.95 30.41
-0.866 0.5 0.208 -0.978 19.2954 10.61 30.711
-0.707 0.707 0.07 -0.998 20.994 12.35 30.656
-0.5 0.866 -0.035 -0.999 21.2983 13.28 29.95
0.259 0.966 -0.438 -0.899 17.9857 13.57 30.207
0.5 0.866 -0.5 -0.866 18.1181 13.23 29.892
0.707 0.707 -0.559 -0.829 16.5957 12.85 27.115
0.866 0.5 -0.616 -0.788 15.768 12.47 21.016
0.966 0.259 -0.719 -0.695 12.9072 12.15 17.494
1 0 -0.809 -0.588 8.5226 11.81 0.89794
0.966 -0.259 -0.883 -0.47 8.7711 11.49 9.5909
0.866 -0.5 -0.927 -0.375 11.1511 11.22 20.905
0.707 -0.707 -0.951 -0.309 12.5576 10.90 15.988
0.5 -0.866 -0.978 -0.208 12.9776 10.51 15.915
0.259 -0.966 -0.995 -0.105 13.9173 10.34 12.551
0 -1 -0.999 -0.035 13.6226 10.50 13.028
-0.259 -0.966 -0.998 -0.07 13.2512 10.72 8.8991
-0.5 -0.866 -0.978 -0.208 13.2667 10.54 13.784
-0.707 -0.707 -0.927 -0.375 12.3668 10.37 11.734
-0.866 -0.5 -0.809 -0.588 11.9648 10.42 11.376
-0.966 -0.259 -0.559 -0.829 13.0858 10.94 11.396
-1 0 -0.342 -0.94 15.3019 11.34 15.932
-0.966 0.259 -0.276 -0.961 17.4982 11.52 15.637
-0.866 0.5 -0.342 -0.94 19.2954 11.59 17.2
-0.707 0.707 -0.375 -0.927 20.994 11.70 16.789
-0.5 0.866 -0.407 -0.914 21.2983 11.57 14.522
-0.259 0.966 -0.53 -0.848 20.9745 11.85 21.337
0 1 -0.5 -0.866 19.7396 12.40 24.268
0.259 0.966 -0.616 -0.788 17.9857 12.79 24.551
0.5 0.866 -0.695 -0.719 18.1181 13.07 23.192
0.707 0.707 -0.766 -0.643 16.5957 13.39 21.962
0.866 0.5 -0.809 -0.588 15.768 13.24 16.892
0.966 0.259 -0.848 -0.53 12.9072 12.89 17.801
1 0 -0.899 -0.438 8.5226 12.53 15.198
0.966 -0.259 -0.899 -0.438 8.7711 12.49 14.279
0.866 -0.5 -0.883 -0.47 11.1511 12.28 17.203
0.707 -0.707 -0.899 -0.438 12.5576 11.95 15.463
0.5 -0.866 -0.883 -0.47 12.9776 11.99 15.543
0.259 -0.966 -0.899 -0.438 13.9173 12.00 18.177
0 -1 -0.883 -0.47 13.6226 11.93 16.995
-0.259 -0.966 -0.866 -0.5 13.2512 11.76 13.203
-0.5 -0.866 -0.809 -0.588 13.2667 11.64 18.258
-0.707 -0.707 -0.695 -0.719 12.3668 11.49 17.914
-0.866 -0.5 -0.53 -0.848 11.9648 11.45 13.048
-0.966 -0.259 -0.342 -0.94 13.0858 11.45 15.898
-1 0 -0.174 -0.985 15.3019 11.69 20.441
-0.966 0.259 -0.104 -0.995 17.4982 11.95 22.525
-0.866 0.5 -0.07 -0.998 19.2954 12.31 24.137
-0.707 0.707 -0.035 -0.999 20.994 12.59 23.487
-0.5 0.866 -0.07 -0.998 21.2983 12.64 19.543
-0.259 0.966 -0.174 -0.985 20.9745 12.61 20.181
0 1 -0.5 -0.866 19.7396 12.13 20.71
0.259 0.966 -0.616 -0.788 17.9857 12.35 16.053
0.5 0.866 -0.695 -0.719 18.1181 12.58 16.252
0.707 0.707 -0.743 -0.669 16.5957 12.57 12.967
0.866 0.5 -0.809 -0.588 15.768 12.21 14.919
0.966 0.259 -0.848 -0.53 12.9072 11.98 12.314
1 0 -0.899 -0.438 8.5226 11.66 1.972
0.866 -0.5 -0.961 -0.276 11.1511 9.57 3.8344
0.707 -0.707 -0.961 -0.276 12.5576 9.29 8.9328
0.5 -0.866 -0.951 -0.309 12.9776 9.08 13.277
0.259 -0.966 -0.951 -0.309 13.9173 8.83 15.564
0 -1 -0.94 -0.342 13.6226 8.52 17.505
-0.259 -0.966 -0.883 -0.47 13.2512 8.32 19.106
-0.5 -0.866 -0.743 -0.669 13.2667 8.32 13.794
-0.707 -0.707 -0.53 -0.848 12.3668 8.33 13.429
-0.866 -0.5 -0.342 -0.94 11.9648 8.77 15.458
-0.966 -0.259 -0.208 -0.978 13.0858 9.80 17.489
-1 0 -0.104 -0.995 15.3019 11.21 22.861
-0.966 0.259 -0.035 -0.999 17.4982 11.54 25.485
-0.866 0.5 0 -1 19.2954 11.56 29.049
-0.707 0.707 0.035 -0.999 20.994 11.65 30.434
-0.5 0.866 0 -1 21.2983 11.77 29.275
-0.259 0.966 -0.035 -0.999 20.9745 12.01 27.933
0 1 -0.242 -0.97 19.7396 10.43 28.471
0.259 0.966 -0.375 -0.927 17.9857 10.50 24.374
0.5 0.866 -0.469 -0.883 18.1181 10.40 22.66
0.707 0.707 -0.559 -0.829 16.5957 10.21 19.565
0.866 0.5 -0.643 -0.766 15.768 10.19 22.499
0.966 0.259 -0.695 -0.719 12.9072 10.18 23.691
1 0 -0.695 -0.719 8.5226 10.16 4.3176
0.966 -0.259 -0.743 -0.669 8.7711 9.93 3.4385
0.866 -0.5 -0.788 -0.616 11.1511 9.68 12.735
0.707 -0.707 -0.829 -0.559 12.5576 9.62 19.299
0.5 -0.866 -0.866 -0.5 12.9776 9.72 16.472
0.259 -0.966 -0.899 -0.438 13.9173 9.63 11.336
0 -1 -0.899 -0.438 13.6226 9.61 13.203
-0.259 -0.966 -0.883 -0.47 13.2512 9.69 9.9772
-0.5 -0.866 -0.829 -0.559 13.2667 9.45 11.124
-0.707 -0.707 -0.766 -0.643 12.3668 9.00 7.944
-0.866 -0.5 -0.616 -0.788 11.9648 8.54 6.1784
-0.966 -0.259 -0.407 -0.914 13.0858 8.36 9.323
-1 0 -0.139 -0.99 15.3019 8.52 13.338
-0.966 0.259 0.105 -0.995 17.4982 9.11 15.814
-0.866 0.5 0.174 -0.985 19.2954 9.70 15.756
-0.707 0.707 0.174 -0.985 20.994 10.24 17.824
-0.5 0.866 0.139 -0.99 21.2983 10.94 18.252
-0.259 0.966 0.035 -0.999 20.9745 11.31 21.281
0 1 0.035 -0.999 23.721 8.72 21.498
0.259 0.966 -0.07 -0.998 22.6249 8.70 24.354
0.5 0.866 -0.139 -0.99 21.3543 8.75 25.524
0.707 0.707 -0.242 -0.97 20.207 8.33 21.821
0.866 0.5 -0.375 -0.927 17.2063 7.55 17.968
0.966 0.259 -0.53 -0.848 9.986 6.84 13.163
1 0 -0.643 -0.766 6.9144 6.68 8.7979
0.966 -0.259 -0.669 -0.743 6.0482 6.83 9.4602
0.707 -0.707 -0.53 -0.848 15.7139 7.68 10.701
0.5 -0.866 -0.53 -0.848 18.2022 7.69 9.8016
0.259 -0.966 -0.616 -0.788 17.159 7.76 11.13
0 -1 -0.669 -0.743 15.1201 7.70 10.911
-0.259 -0.966 -0.719 -0.695 13.4675 7.74 10.734
-0.5 -0.866 -0.643 -0.766 14.1008 7.49 8.7131
-0.707 -0.707 -0.53 -0.848 14.2559 7.45 7.7513
-0.866 -0.5 -0.342 -0.94 14.5378 7.99 6.4025
-0.966 -0.259 -0.208 -0.978 15.5136 8.83 7.2745
-1 0 -0.208 -0.978 16.9735 9.80 7.1028
-0.966 0.259 -0.276 -0.961 20.2834 10.66 8.0153
-0.866 0.5 -0.208 -0.978 23.3016 10.34 10.512
-0.707 0.707 -0.104 -0.995 24.8576 10.16 13.29
-0.5 0.866 -0.104 -0.995 25.9692 10.14 14.57
-0.259 0.966 -0.174 -0.985 25.3225 10.36 13.148
0 1 -0.438 -0.899 23.721 11.23 13.022
0.259 0.966 -0.469 -0.883 22.6249 11.32 13.301
0.5 0.866 -0.438 -0.899 21.3543 10.95 13.125
0.707 0.707 -0.53 -0.848 20.207 10.67 21.535
0.866 0.5 -0.643 -0.766 17.2063 10.41 18.803
0.966 0.259 -0.719 -0.695 9.986 10.27 21.504
1 0 -0.788 -0.616 6.9144 10.21 18.892
0.966 -0.259 -0.848 -0.53 6.0482 10.11 14.655
0.866 -0.5 -0.866 -0.5 11.8962 10.05 17.972
0.707 -0.707 -0.899 -0.438 15.7139 9.99 17.754
0.5 -0.866 -0.914 -0.407 18.2022 9.93 14.043
0.259 -0.966 -0.899 -0.438 17.159 9.93 11.321
0 -1 -0.866 -0.5 15.1201 9.79 11.644
-0.259 -0.966 -0.788 -0.616 13.4675 9.91 10.279
-0.5 -0.866 -0.719 -0.695 14.1008 10.43 9.4464
-0.707 -0.707 -0.588 -0.809 14.2559 10.57 10.402
-0.866 -0.5 -0.407 -0.914 14.5378 10.77 9.1903
-0.966 -0.259 -0.276 -0.961 15.5136 11.09 7.4111
-1 0 -0.139 -0.99 16.9735 11.07 9.5849
-0.966 0.259 -0.035 -0.999 20.2834 10.95 9.98
-0.866 0.5 0 -1 23.3016 11.06 14.094
-0.707 0.707 0.07 -0.998 24.8576 11.22 11.309
-0.5 0.866 0.07 -0.998 25.9692 11.25 13.477
-0.259 0.966 0.07 -0.998 25.3225 10.87 16.055
0 1 0.035 -0.999 23.721 9.63 19.956
0.259 0.966 -0.07 -0.998 22.6249 10.02 17.66
0.5 0.866 -0.139 -0.99 21.3543 10.05 15.775
0.707 0.707 -0.309 -0.951 20.207 10.01 19.356
0.866 0.5 -0.469 -0.883 17.2063 9.84 18.287
0.966 0.259 -0.669 -0.743 9.986 9.90 21.667
1 0 -0.766 -0.643 6.9144 9.96 7.8483
0.966 -0.259 -0.829 -0.559 6.0482 9.77 8.5896
0.866 -0.5 -0.866 -0.5 11.8962 9.51 8.8038
0.707 -0.707 -0.883 -0.47 15.7139 9.24 10.798
0.5 -0.866 -0.883 -0.47 18.2022 9.05 12.194
0.259 -0.966 -0.914 -0.407 17.159 8.73 11.465
0 -1 -0.927 -0.375 15.1201 8.46 7.9789
-0.259 -0.966 -0.899 -0.438 13.4675 8.37 9.6723
-0.5 -0.866 -0.829 -0.559 14.1008 8.33 10.247
-0.707 -0.707 -0.743 -0.669 14.2559 8.32 12.587
-0.866 -0.5 -0.588 -0.809 14.5378 8.35 18.595
-0.966 -0.259 -0.407 -0.914 15.5136 8.71 26.231
-1 0 -0.208 -0.978 16.9735 9.40 26.278
-0.966 0.259 -0.104 -0.995 20.2834 10.51 29.628
-0.866 0.5 -0.07 -0.998 23.3016 12.15 28.629
-0.707 0.707 -0.035 -0.999 24.8576 13.06 29.168
-0.5 0.866 -0.035 -0.999 25.9692 12.90 31.171
-0.259 0.966 -0.07 -0.998 25.3225 12.57 29.842
0 1 0 -1 23.721 11.03 28.262
0.259 0.966 -0.07 -0.998 22.6249 10.88 28.295
0.5 0.866 -0.208 -0.978 21.3543 10.56 26.591
0.707 0.707 -0.375 -0.927 20.207 10.17 27.91
0.866 0.5 -0.5 -0.866 17.2063 9.99 23.117
0.966 0.259 -0.643 -0.766 9.986 9.76 8.2765
1 0 -0.766 -0.643 6.9144 9.39 1.9019
0.966 -0.259 -0.883 -0.47 6.0482 8.94 2.2651
0.866 -0.5 -0.927 -0.375 11.8962 8.65 14.544
0.707 -0.707 -0.94 -0.342 15.7139 8.49 21.02
0.5 -0.866 -0.94 -0.342 18.2022 8.32 17.66
0.259 -0.966 -0.951 -0.309 17.159 8.15 14.572
0 -1 -0.951 -0.309 15.1201 7.92 12.701
-0.259 -0.966 -0.899 -0.438 13.4675 7.30 10.705
-0.5 -0.866 -0.743 -0.669 14.1008 7.14 14.041
-0.707 -0.707 -0.53 -0.848 14.2559 7.21 16.321
-0.866 -0.5 -0.309 -0.951 14.5378 7.62 15.522
-0.966 -0.259 -0.035 -0.999 15.5136 8.52 18.895
-1 0 0.174 -0.985 16.9735 9.60 20.746
-0.966 0.259 0.242 -0.97 20.2834 10.58 22.879
-0.866 0.5 0.208 -0.978 23.3016 11.34 23.604
-0.707 0.707 0.139 -0.99 24.8576 11.75 28.216
-0.5 0.866 0.105 -0.995 25.9692 11.62 28.989
-0.259 0.966 0.07 -0.998 25.3225 11.66 29.22
0 1 -0.174 -0.985 23.721 11.46 29.441
0.259 0.966 -0.342 -0.94 22.6249 11.82 29.199
0.5 0.866 -0.5 -0.866 21.3543 11.92 28.994
0.707 0.707 -0.669 -0.743 20.207 11.78 27.385
0.866 0.5 -0.788 -0.616 17.2063 11.57 19.628
0.966 0.259 -0.829 -0.559 9.986 11.53 12.14
1 0 -0.829 -0.559 6.9144 11.33 2.7498
0.966 -0.259 -0.883 -0.47 6.0482 11.16 3.3751
0.866 -0.5 -0.914 -0.407 11.8962 10.96 12.899
0.707 -0.707 -0.927 -0.375 15.7139 10.84 12.892
0.5 -0.866 -0.94 -0.342 18.2022 10.60 23.84
0.259 -0.966 -0.94 -0.342 17.159 10.66 15.864
0 -1 -0.914 -0.407 15.1201 10.86 20.617
-0.259 -0.966 -0.848 -0.53 13.4675 11.21 15.911
-0.5 -0.866 -0.788 -0.616 14.1008 11.32 19.049
-0.707 -0.707 -0.719 -0.695 14.2559 11.22 22.532
-0.866 -0.5 -0.643 -0.766 14.5378 11.66 25.725
-0.966 -0.259 -0.559 -0.829 15.5136 12.01 26.412
-1 0 -0.469 -0.883 16.9735 12.19 24.843
-0.966 0.259 -0.407 -0.914 20.2834 12.02 30.352
-0.866 0.5 -0.342 -0.94 23.3016 12.01 25.556
-0.707 0.707 -0.276 -0.961 24.8576 12.11 30.055
-0.5 0.866 -0.309 -0.951 25.9692 12.02 31.266
-0.259 0.966 -0.375 -0.927 25.3225 11.88 31.13
0.259 0.966 -0.766 -0.643 22.6249 13.14 30.024
0.5 0.866 -0.829 -0.559 21.3543 12.96 27.617
0.707 0.707 -0.829 -0.559 20.207 12.88 25.532
0.866 0.5 -0.788 -0.616 17.2063 12.90 17.965
0.966 0.259 -0.766 -0.643 9.986 12.80 2.3685
1 0 -0.766 -0.643 6.9144 12.35 1.9039
0.966 -0.259 -0.743 -0.669 6.0482 11.64 0.94234
0.866 -0.5 -0.695 -0.719 11.8962 10.78 10.557
0.707 -0.707 -0.643 -0.766 15.7139 9.91 18.244
0.5 -0.866 -0.559 -0.829 18.2022 9.51 19.007
0.259 -0.966 -0.616 -0.788 17.159 9.41 20.992
0 -1 -0.766 -0.643 15.1201 9.47 14.935
-0.259 -0.966 -0.788 -0.616 13.4675 9.07 12.765
-0.5 -0.866 -0.669 -0.743 14.1008 9.44 15.667
-0.707 -0.707 -0.669 -0.743 14.2559 9.21 13.775
-0.866 -0.5 -0.616 -0.788 14.5378 9.21 8.3243
-0.966 -0.259 -0.53 -0.848 15.5136 9.06 4.0584
-1 0 -0.407 -0.914 16.9735 9.19 4.0059
-0.966 0.259 -0.309 -0.951 20.2834 9.72 13.882
-0.866 0.5 -0.139 -0.99 23.3016 9.57 19.949
-0.707 0.707 0.07 -0.998 24.8576 9.75 22.773
-0.5 0.866 0.105 -0.995 25.9692 10.30 25.645
-0.259 0.966 0 -1 25.3225 10.72 20.453
0 1 -0.208 -0.978 23.721 10.73 14.913
0.259 0.966 -0.208 -0.978 22.6249 11.27 15.421
0.5 0.866 -0.208 -0.978 21.3543 11.72 14.425
0.707 0.707 -0.208 -0.978 20.207 11.43 14.207
0.866 0.5 -0.208 -0.978 17.2063 10.70 16.226
0.966 0.259 -0.208 -0.978 9.986 10.27 11.566
1 0 -0.342 -0.94 6.9144 10.07 9.6639
0.866 -0.5 -0.559 -0.829 11.8962 10.64 2.7655
0.707 -0.707 -0.559 -0.829 15.7139 11.23 9.2431
0.5 -0.866 -0.616 -0.788 18.2022 11.08 13.888
0.259 -0.966 -0.695 -0.719 17.159 10.69 12.496
0 -1 -0.766 -0.643 15.1201 10.39 11.746
-0.259 -0.966 -0.809 -0.588 13.4675 10.18 10.393
-0.5 -0.866 -0.809 -0.588 14.1008 9.91 10.486
-0.707 -0.707 -0.766 -0.643 14.2559 9.75 8.0955
-0.866 -0.5 -0.643 -0.766 14.5378 9.60 6.4701
-0.966 -0.259 -0.53 -0.848 15.5136 9.53 9.7359
-1 0 -0.375 -0.927 16.9735 9.86 13.05
-0.966 0.259 -0.208 -0.978 20.2834 10.25 19.838
-0.866 0.5 -0.035 -0.999 23.3016 10.52 20.298
-0.707 0.707 0.07 -0.998 24.8576 10.53 20.778
-0.5 0.866 0.07 -0.998 25.9692 10.46 25.825
-0.259 0.966 0 -1 25.3225 10.29 22.799
0 1 -0.242 -0.97 23.721 10.99 18.972
0.259 0.966 -0.276 -0.961 22.6249 11.05 11.949
0.5 0.866 -0.342 -0.94 21.3543 10.88 10.698
0.707 0.707 -0.438 -0.899 20.207 10.78 12.854
0.866 0.5 -0.5 -0.866 17.2063 10.73 15.825
0.966 0.259 -0.53 -0.848 9.986 10.49 15.224
1 0 -0.559 -0.829 6.9144 10.42 11.219
0.966 -0.259 -0.588 -0.809 6.0482 9.84 14.778
0.866 -0.5 -0.616 -0.788 11.8962 9.17 11.566
0.707 -0.707 -0.643 -0.766 15.7139 8.52 10.243
0.5 -0.866 -0.695 -0.719 18.2022 7.96 10.579
0.259 -0.966 -0.743 -0.669 17.159 7.54 10.539
0 -1 -0.743 -0.669 15.1201 7.42 9.9144
-0.259 -0.966 -0.588 -0.809 13.4675 7.69 16.116
-0.5 -0.866 -0.309 -0.951 14.1008 8.13 12.927
-0.707 -0.707 -0.104 -0.995 14.2559 8.38 8.789
-0.866 -0.5 0.035 -0.999 14.5378 8.69 8.8156
-0.966 -0.259 0.139 -0.99 15.5136 9.19 17.145
-1 0 0.242 -0.97 16.9735 9.74 15.501
-0.966 0.259 0.242 -0.97 20.2834 10.10 16.38
-0.866 0.5 0.242 -0.97 23.3016 10.22 19.782
-0.707 0.707 0.242 -0.97 24.8576 10.14 25.003
-0.5 0.866 0.139 -0.99 25.9692 9.78 27.434
-0.259 0.966 0 -1 25.3225 9.45 27.409
0 1 -0.208 -0.978 23.721 12.23 29.185
0.259 0.966 -0.375 -0.927 22.6249 12.77 26.814
0.5 0.866 -0.438 -0.899 21.3543 13.14 21.129
0.707 0.707 -0.5 -0.866 20.207 13.26 18.57
0.866 0.5 -0.559 -0.829 17.2063 12.98 17.134
0.966 0.259 -0.616 -0.788 9.986 12.45 2.0586
1 0 -0.695 -0.719 6.9144 11.46 4.4817
0.966 -0.259 -0.788 -0.616 6.0482 10.73 5.0236
0.866 -0.5 -0.848 -0.53 11.8962 10.17 12.593
0.707 -0.707 -0.883 -0.47 15.7139 9.70 17.13
0.5 -0.866 -0.914 -0.407 18.2022 9.52 23.862
0.259 -0.966 -0.927 -0.375 17.159 9.43 23.582
0 -1 -0.899 -0.438 15.1201 9.64 16.953
-0.259 -0.966 -0.788 -0.616 13.4675 10.17 9.6592
-0.5 -0.866 -0.669 -0.743 14.1008 10.26 14.058
-0.707 -0.707 -0.53 -0.848 14.2559 10.04 17.17
-0.866 -0.5 -0.342 -0.94 14.5378 9.73 16.419
-0.966 -0.259 -0.104 -0.995 15.5136 9.66 15.122
-1 0 0.139 -0.99 16.9735 9.75 15.199
-0.966 0.259 0.276 -0.961 20.2834 9.73 17.65
-0.866 0.5 0.342 -0.94 23.3016 9.83 24.255
-0.707 0.707 0.342 -0.94 24.8576 10.08 27.792
-0.5 0.866 0.342 -0.94 25.9692 10.27 26.695
-0.259 0.966 0.309 -0.951 25.3225 10.29 26.3
0 1 -0.242 -0.97 23.721 12.86 26.574
0.259 0.966 -0.276 -0.961 22.6249 12.43 26.011
0.5 0.866 -0.242 -0.97 21.3543 12.40 24.138
0.707 0.707 -0.309 -0.951 20.207 11.94 18.633
0.866 0.5 -0.375 -0.927 17.2063 11.29 21.699
0.966 0.259 -0.469 -0.883 9.986 10.54 16.268
1 0 -0.559 -0.829 6.9144 10.15 20.852
0.966 -0.259 -0.669 -0.743 6.0482 9.72 6.5381
0.866 -0.5 -0.695 -0.719 11.8962 9.28 5.6485
0.707 -0.707 -0.695 -0.719 15.7139 9.00 13.835
0.5 -0.866 -0.695 -0.719 18.2022 8.77 27.229
0.259 -0.966 -0.695 -0.719 17.159 8.44 23.817
0 -1 -0.719 -0.695 15.1201 8.11 19.441
-0.259 -0.966 -0.669 -0.743 13.4675 8.02 12.668
-0.5 -0.866 -0.643 -0.766 14.1008 7.83 11.256
-0.707 -0.707 -0.559 -0.829 14.2559 7.66 14.58
-0.866 -0.5 -0.342 -0.94 14.5378 7.77 15.866
-0.966 -0.259 -0.07 -0.998 15.5136 8.03 16.867
-1 0 0.139 -0.99 16.9735 8.48 19.472
-0.966 0.259 0.276 -0.961 20.2834 8.72 24.608
-0.866 0.5 0.375 -0.927 23.3016 9.21 29.458
-0.707 0.707 0.407 -0.914 24.8576 9.66 29.705
-0.5 0.866 0.309 -0.951 25.9692 10.24 28.658
-0.259 0.966 0.174 -0.985 25.3225 10.65 28.384
0 1 -0.276 -0.961 23.721 12.33 25.188
0.259 0.966 -0.375 -0.927 22.6249 12.37 22.613
0.5 0.866 -0.438 -0.899 21.3543 12.25 27.922
0.707 0.707 -0.5 -0.866 20.207 11.81 25.627
-0.259 0.966 -0.208 -0.978 25.3225 12.90 27.872
0 1 -0.438 -0.899 23.721 13.22 19.172
0.259 0.966 -0.5 -0.866 22.6249 13.02 19.149
0.5 0.866 -0.588 -0.809 21.3543 12.63 18.86
0.707 0.707 -0.669 -0.743 20.207 12.26 17.888
0.866 0.5 -0.743 -0.669 17.2063 11.74 14.907
0.966 0.259 -0.743 -0.669 9.986 11.67 15.961
1 0 -0.695 -0.719 6.9144 12.13 14.069
0.966 -0.259 -0.669 -0.743 6.0482 12.31 0.5104
0.866 -0.5 -0.643 -0.766 11.8962 11.72 3.6265
0.707 -0.707 -0.616 -0.788 15.7139 10.82 9.2477
0.5 -0.866 -0.643 -0.766 18.2022 10.04 11.36
0.259 -0.966 -0.743 -0.669 17.159 9.27 8.847
0 -1 -0.829 -0.559 15.1201 8.92 11.401
-0.259 -0.966 -0.866 -0.5 13.4675 8.82 9.1892
-0.5 -0.866 -0.809 -0.588 14.1008 8.92 14.274
-0.707 -0.707 -0.743 -0.669 14.2559 8.94 9.4395
-0.866 -0.5 -0.588 -0.809 14.5378 9.11 11.661
-0.966 -0.259 -0.375 -0.927 15.5136 9.22 11.619
-1 0 -0.174 -0.985 16.9735 9.58 15.863
-0.966 0.259 -0.035 -0.999 20.2834 9.86 16.834
-0.866 0.5 0.035 -0.999 23.3016 10.10 19.8
-0.707 0.707 0.105 -0.995 24.8576 10.28 21.745
-0.5 0.866 0.139 -0.99 25.9692 10.43 20.892
-0.259 0.966 0.105 -0.995 25.3225 10.42 19.147
0 1 -0.139 -0.99 23.721 11.80 28.105
0.259 0.966 -0.242 -0.97 22.6249 11.73 27.835
0.5 0.866 -0.375 -0.927 21.3543 11.65 22.102
0.707 0.707 -0.53 -0.848 20.207 11.37 19.068
0.866 0.5 -0.669 -0.743 17.2063 11.09 18.751
0.966 0.259 -0.719 -0.695 9.986 10.79 15.709
1 0 -0.719 -0.695 6.9144 10.60 10.892
0.866 -0.5 -0.643 -0.766 11.8962 10.11 3.9408
0.707 -0.707 -0.588 -0.809 15.7139 9.92 10.887
0.5 -0.866 -0.5 -0.866 18.2022 9.50 12.654
0.259 -0.966 -0.5 -0.866 17.159 8.89 14.001
0 -1 -0.53 -0.848 15.1201 8.24 10.625
-0.259 -0.966 -0.559 -0.829 13.4675 8.23 9.0439
-0.5 -0.866 -0.469 -0.883 14.1008 8.77 9.498
-0.707 -0.707 -0.342 -0.94 14.2559 9.29 13.017
-0.866 -0.5 -0.139 -0.99 14.5378 9.62 20.866
-0.966 -0.259 0.07 -0.998 15.5136 9.91 19.915
-1 0 0.242 -0.97 16.9735 10.41 18.351
-0.966 0.259 0.342 -0.94 20.2834 10.95 22.596
-0.866 0.5 0.309 -0.951 23.3016 11.27 29.6
-0.707 0.707 0.276 -0.961 24.8576 11.43 28.722
-0.5 0.866 0.208 -0.978 25.9692 11.22 24.895
-0.259 0.966 0 -1 25.3225 10.76 27.167
0 1 0.105 -0.995 23.721 10.23 23.73
0.259 0.966 -0.035 -0.999 22.6249 10.70 24.887
0.5 0.866 -0.139 -0.99 21.3543 11.29 22.674
0.707 0.707 -0.242 -0.97 20.207 11.19 21.898
0.866 0.5 -0.309 -0.951 17.2063 11.05 17.173
0.966 0.259 -0.375 -0.927 9.986 10.73 13.114
1 0 -0.438 -0.899 6.9144 10.34 10.691
0.966 -0.259 -0.469 -0.883 6.0482 9.97 0.40448
0.866 -0.5 -0.53 -0.848 11.8962 9.49 1.3612
0.707 -0.707 -0.588 -0.809 15.7139 9.15 8.3818
0.5 -0.866 -0.616 -0.788 18.2022 8.95 13.595
0.259 -0.966 -0.669 -0.743 17.159 8.63 13.079
0 -1 -0.719 -0.695 15.1201 8.38 12.496
-0.259 -0.966 -0.719 -0.695 13.4675 8.34 11.52
-0.5 -0.866 -0.695 -0.719 14.1008 8.21 10.884
-0.707 -0.707 -0.616 -0.788 14.2559 8.32 9.4785
-0.866 -0.5 -0.5 -0.866 14.5378 8.28 12.235
-0.966 -0.259 -0.276 -0.961 15.5136 7.94 17.018
-1 0 -0.07 -0.998 16.9735 7.71 16.303
-0.966 0.259 -0.035 -0.999 20.2834 8.69 20.638
-0.866 0.5 -0.104 -0.995 23.3016 12.47 23.356
-0.707 0.707 -0.208 -0.978 24.8576 14.65 26.987
-0.5 0.866 -0.174 -0.985 25.9692 15.00 28.895
-0.259 0.966 -0.208 -0.978 25.3225 15.11 27.902
0 1 -0.242 -0.97 23.721 12.41 28.076
0.259 0.966 -0.276 -0.961 22.6249 12.45 28.937
0.5 0.866 -0.342 -0.94 21.3543 12.11 27.212
0.707 0.707 -0.438 -0.899 20.207 11.65 25.147
0.866 0.5 -0.559 -0.829 17.2063 10.85 26.488
0.966 0.259 -0.643 -0.766 9.986 9.96 11.549
1 0 -0.719 -0.695 6.9144 9.32 7.2635
0.966 -0.259 -0.809 -0.588 6.0482 8.83 8.7533
0.866 -0.5 -0.866 -0.5 11.8962 8.48 17.56
0.707 -0.707 -0.961 -0.276 15.7139 7.97 19.828
0.5 -0.866 -0.995 -0.105 18.2022 7.88 17.944
0.259 -0.966 -0.998 0.07 17.159 7.86 16.882
0 -1 -0.995 0.104 15.1201 7.57 15.827
-0.259 -0.966 -0.999 0.035 13.4675 7.18 17.871
-0.5 -0.866 -0.99 -0.139 14.1008 6.78 14.999
-0.707 -0.707 -0.927 -0.375 14.2559 6.46 16.555
-0.866 -0.5 -0.695 -0.719 14.5378 5.96 14.508
-0.966 -0.259 -0.276 -0.961 15.5136 5.79 13.065
-1 0 0.139 -0.99 16.9735 6.60 16.689
-0.966 0.259 0.375 -0.927 20.2834 7.87 24.193
-0.866 0.5 0.375 -0.927 23.3016 9.39 30.452
-0.707 0.707 0.276 -0.961 24.8576 11.46 29.418
-0.5 0.866 0.174 -0.985 25.9692 12.69 29.642
-0.259 0.966 0.07 -0.998 25.3225 12.61 30.255