0 1 -0.375 -0.927 25.9357 13.06 19.669
0.259 0.966 -0.53 -0.848 24.0265 13.27 22.728
0.5 0.866 -0.669 -0.743 20.3908 12.93 21.474
0.707 0.707 -0.743 -0.669 16.3658 12.39 17.575
0.866 0.5 -0.766 -0.643 11.8155 11.98 7.4728
0.966 0.259 -0.788 -0.616 8.9619 12.04 2.104
1 0 -0.866 -0.5 6.965 12.38 2.2804
0.966 -0.259 -0.899 -0.438 5.0672 12.32 0.61643
0.866 -0.5 -0.914 -0.407 10.064 12.06 0.73416
-0.259 -0.966 -0.94 -0.342 15.9245 9.45 5.7299
-0.5 -0.866 -0.914 -0.407 15.7269 9.39 3.2796
-0.707 -0.707 -0.848 -0.53 16.6949 9.54 3.9304
-0.866 -0.5 -0.743 -0.669 19.1105 10.67 4.9435
-0.966 -0.259 -0.766 -0.643 19.1922 10.65 8.3446
-1 0 -0.766 -0.643 19.6392 10.72 6.8022
-0.966 0.259 -0.719 -0.695 21.3598 12.28 7.3399
-0.866 0.5 -0.695 -0.719 23.381 13.78 14.959
-0.707 0.707 -0.743 -0.669 25.7165 14.02 26.769
-0.5 0.866 -0.788 -0.616 26.5908 14.10 24.332
-0.259 0.966 -0.866 -0.5 26.5455 15.31 25.753
0 1 -0.899 -0.438 25.9357 14.91 16.447
0.259 0.966 -0.927 -0.375 24.0265 14.97 6.7146
0.5 0.866 -0.951 -0.309 20.3908 14.87 5.9813
0.707 0.707 -0.961 -0.276 16.3658 14.55 2.3045
0.866 0.5 -0.961 -0.276 11.8155 14.27 2.0123
0.966 0.259 -0.961 -0.276 8.9619 13.83 1.3811
1 0 -0.961 -0.276 6.965 13.15 4.7613
0.966 -0.259 -0.978 -0.208 5.0672 12.50 1.8991
0.866 -0.5 -0.99 -0.139 10.064 12.05 10.198
0.707 -0.707 -0.99 -0.139 14.7706 11.71 13.874
0.5 -0.866 -0.99 -0.139 16.1729 11.51 17.18
0.259 -0.966 -0.995 -0.105 16.8858 11.24 17.666
0 -1 -0.998 -0.07 16.5243 11.05 17.08
-0.259 -0.966 -0.985 -0.174 15.9245 11.01 15.715
-0.5 -0.866 -0.951 -0.309 15.7269 10.91 13.969
-0.707 -0.707 -0.899 -0.438 16.6949 10.55 15.855
-0.866 -0.5 -0.788 -0.616 19.1105 10.33 20.505
-0.966 -0.259 -0.588 -0.809 19.1922 10.31 19.616
-1 0 -0.375 -0.927 19.6392 10.70 18.522
-0.966 0.259 -0.242 -0.97 21.3598 11.62 14.897
-0.866 0.5 -0.208 -0.978 23.381 12.88 20.891
-0.707 0.707 -0.309 -0.951 25.7165 14.01 27.701
-0.5 0.866 -0.438 -0.899 26.5908 14.63 30.44
0 1 -0.848 -0.53 25.9357 13.65 29.103
0.259 0.966 -0.899 -0.438 24.0265 13.01 25.514
0.5 0.866 -0.927 -0.375 20.3908 12.50 26.564
0.707 0.707 -0.961 -0.276 16.3658 11.93 20.444
0.866 0.5 -0.985 -0.174 11.8155 11.67 7.7856
0.966 -0.259 -0.999 0.035 5.0672 11.94 0.43052
0.866 -0.5 -0.99 0.139 10.064 11.86 2.3544
0.707 -0.707 -0.978 0.208 14.7706 11.57 7.7281
0.5 -0.866 -0.99 0.139 16.1729 11.78 10.214
0.259 -0.966 -1 0 16.8858 11.93 9.3185
0 -1 -0.99 -0.139 16.5243 11.96 17.564
-0.259 -0.966 -0.99 -0.139 15.9245 11.12 19.896
-0.5 -0.866 -0.998 0.07 15.7269 9.81 18.125
-0.707 -0.707 -0.985 0.174 16.6949 9.31 21.602
-0.866 -0.5 -1 0 19.1105 9.06 28.883
-0.966 -0.259 -0.914 -0.407 19.1922 8.97 27.491
-1 0 -0.5 -0.866 19.6392 9.16 26.48
-0.966 0.259 0.035 -0.999 21.3598 9.01 25.609
-0.866 0.5 0.174 -0.985 23.381 10.35 24.131
-0.707 0.707 0 -1 25.7165 13.63 30.61
-0.5 0.866 -0.174 -0.985 26.5908 14.20 27.333
-0.259 0.966 -0.375 -0.927 26.5455 15.60 29.226
0 1 -0.743 -0.669 25.9357 12.81 29.211
0.259 0.966 -0.719 -0.695 24.0265 12.23 30.753
0.5 0.866 -0.695 -0.719 20.3908 12.37 26.353
0.707 0.707 -0.695 -0.719 16.3658 12.61 12.757
0.866 0.5 -0.695 -0.719 11.8155 12.63 6.7776
0.966 0.259 -0.766 -0.643 8.9619 12.06 7.8155
1 0 -0.829 -0.559 6.965 11.64 2.8304
0.966 -0.259 -0.866 -0.5 5.0672 11.45 4.0686
0.866 -0.5 -0.883 -0.47 10.064 11.38 11.094
0.707 -0.707 -0.883 -0.47 14.7706 11.15 23.702
0.5 -0.866 -0.927 -0.375 16.1729 10.72 24.797
0.259 -0.966 -0.985 -0.174 16.8858 10.47 21.17
0 -1 -0.995 -0.105 16.5243 10.23 22.245
-0.259 -0.966 -0.985 -0.174 15.9245 10.24 18.165
-0.5 -0.866 -0.899 -0.438 15.7269 10.42 16.611
-0.707 -0.707 -0.766 -0.643 16.6949 10.08 19.678
-0.866 -0.5 -0.643 -0.766 19.1105 9.41 12.608
-0.966 -0.259 -0.5 -0.866 19.1922 9.12 9.1149
-1 0 -0.342 -0.94 19.6392 9.11 13.927
-0.966 0.259 -0.242 -0.97 21.3598 9.19 20.559
-0.866 0.5 -0.242 -0.97 23.381 9.85 29.975
-0.707 0.707 -0.242 -0.97 25.7165 10.94 29.962
-0.5 0.866 -0.309 -0.951 26.5908 11.90 30.421
-0.259 0.966 -0.407 -0.914 26.5455 12.45 30.201
0 1 -0.719 -0.695 25.9357 13.33 27.575
0.259 0.966 -0.788 -0.616 24.0265 12.98 28.023
0.5 0.866 -0.848 -0.53 20.3908 12.51 24.036
0.707 0.707 -0.883 -0.47 16.3658 12.17 18.824
0.866 0.5 -0.914 -0.407 11.8155 12.06 5.481
0.966 0.259 -0.914 -0.407 8.9619 11.92 3.7003
1 0 -0.927 -0.375 6.965 11.78 2.6266
0.966 -0.259 -0.94 -0.342 5.0672 11.69 3.7737
0.866 -0.5 -0.951 -0.309 10.064 11.39 17.179
0.707 -0.707 -0.961 -0.276 14.7706 11.28 22.6
0.5 -0.866 -0.961 -0.276 16.1729 11.22 21.646
0.259 -0.966 -0.97 -0.242 16.8858 10.76 21.073
0 -1 -0.961 -0.276 16.5243 10.30 12.494
-0.259 -0.966 -0.94 -0.342 15.9245 10.06 11.449
-0.5 -0.866 -0.899 -0.438 15.7269 10.04 11.126
-0.707 -0.707 -0.809 -0.588 16.6949 10.40 11.976
-0.866 -0.5 -0.719 -0.695 19.1105 10.44 10.842
-0.966 -0.259 -0.559 -0.829 19.1922 10.29 12.042
-1 0 -0.469 -0.883 19.6392 10.35 11.383
-0.966 0.259 -0.407 -0.914 21.3598 10.55 12.107
-0.866 0.5 -0.407 -0.914 23.381 10.94 18.599
-0.707 0.707 -0.407 -0.914 25.7165 11.64 21.438
-0.5 0.866 -0.469 -0.883 26.5908 12.40 25.273
-0.259 0.966 -0.53 -0.848 26.5455 12.99 26.947
0 1 -0.208 -0.978 25.9357 12.57 22.204
0.259 0.966 -0.438 -0.899 24.0265 13.56 26.327
0.5 0.866 -0.5 -0.866 20.3908 13.13 19.486
0.707 0.707 -0.559 -0.829 16.3658 12.96 20.842
0.866 0.5 -0.616 -0.788 11.8155 12.65 17.664
0.966 0.259 -0.669 -0.743 8.9619 12.37 17.328
1 0 -0.695 -0.719 6.965 11.98 13.196
0.966 -0.259 -0.743 -0.669 5.0672 11.29 5.0296
0.866 -0.5 -0.788 -0.616 10.064 10.91 9.9998
0.707 -0.707 -0.766 -0.643 14.7706 10.80 11.875
0.5 -0.866 -0.766 -0.643 16.1729 10.68 17.692
0.259 -0.966 -0.788 -0.616 16.8858 10.35 23.198
0 -1 -0.743 -0.669 16.5243 10.00 16.093
-0.259 -0.966 -0.669 -0.743 15.9245 9.55 15.066
-0.5 -0.866 -0.53 -0.848 15.7269 9.30 14.597
-0.707 -0.707 -0.309 -0.951 16.6949 9.16 11.62
-0.866 -0.5 -0.139 -0.99 19.1105 9.46 9.7597
-0.966 -0.259 0 -1 19.1922 9.68 12.383
-1 0 0.105 -0.995 19.6392 10.06 17.076
-0.966 0.259 0.208 -0.978 21.3598 10.52 16.912
-0.866 0.5 0.208 -0.978 23.381 11.33 23.732
-0.707 0.707 0.174 -0.985 25.7165 11.93 26.825
-0.5 0.866 0.105 -0.995 26.5908 12.38 30.455
-0.259 0.966 0.035 -0.999 26.5455 12.58 30.061
0 1 -0.5 -0.866 25.9357 14.21 30.063
0.259 0.966 -0.695 -0.719 24.0265 14.52 28.973
0.5 0.866 -0.766 -0.643 20.3908 14.20 28.887
0.707 0.707 -0.829 -0.559 16.3658 13.79 29.392
0.866 0.5 -0.848 -0.53 11.8155 13.46 15.85
0.966 0.259 -0.788 -0.616 8.9619 13.03 8.7292
1 0 -0.743 -0.669 6.965 12.51 9.9429
0.966 -0.259 -0.719 -0.695 5.0672 12.26 4.1384
0.866 -0.5 -0.669 -0.743 10.064 11.41 12.854
0.707 -0.707 -0.616 -0.788 14.7706 10.31 24.37
0.5 -0.866 -0.559 -0.829 16.1729 9.62 26.339
0.259 -0.966 -0.588 -0.809 16.8858 9.02 22.067
0 -1 -0.643 -0.766 16.5243 8.56 18.239
-0.259 -0.966 -0.559 -0.829 15.9245 7.66 22.777
-0.5 -0.866 -0.276 -0.961 15.7269 7.31 20.748
-0.707 -0.707 0.105 -0.995 16.6949 7.56 22.131
-0.866 -0.5 0.309 -0.951 19.1105 8.02 22.553
-0.966 -0.259 0.407 -0.914 19.1922 8.71 22.671
-1 0 0.5 -0.866 19.6392 9.32 23.904
-0.966 0.259 0.616 -0.788 21.3598 9.55 29.074
-0.866 0.5 0.588 -0.809 23.381 9.72 28.92
-0.707 0.707 0.375 -0.927 25.7165 10.83 28.866
-0.5 0.866 0.208 -0.978 26.5908 12.01 28.727
-0.259 0.966 0.07 -0.998 26.5455 11.13 27.359
0 1 -0.276 -0.961 25.9357 13.47 28.746
0.259 0.966 -0.309 -0.951 24.0265 12.74 24.186
0.5 0.866 -0.469 -0.883 20.3908 12.19 20.822
0.707 0.707 -0.669 -0.743 16.3658 12.37 10.355
0.866 0.5 -0.788 -0.616 11.8155 12.89 4.2795
0.966 0.259 -0.883 -0.47 8.9619 12.61 4.5586
1 0 -0.961 -0.276 6.965 12.16 2.8721
0.966 -0.259 -0.978 -0.208 5.0672 12.65 1.9718
0.866 -0.5 -0.985 -0.174 10.064 12.90 0.62489
0.707 -0.707 -0.99 -0.139 14.7706 12.04 1.5755
0.5 -0.866 -0.999 -0.035 16.1729 12.38 2.9148
0.259 -0.966 -0.999 -0.035 16.8858 12.49 9.7007
0 -1 -0.985 -0.174 16.5243 12.00 18.346
-0.259 -0.966 -0.94 -0.342 15.9245 11.03 22.176
-0.5 -0.866 -0.866 -0.5 15.7269 10.20 21.965
-0.707 -0.707 -0.695 -0.719 16.6949 9.83 23.83
-0.866 -0.5 -0.469 -0.883 19.1105 9.95 26.493
-0.966 -0.259 -0.276 -0.961 19.1922 10.49 22.364
-1 0 -0.174 -0.985 19.6392 10.59 23.251
-0.966 0.259 -0.104 -0.995 21.3598 9.99 24.947
-0.866 0.5 -0.035 -0.999 23.381 9.17 27.985
0 1 -0.5 -0.866 25.9357 13.76 29.901
0.259 0.966 -0.588 -0.809 24.0265 13.58 26.279
0.5 0.866 -0.695 -0.719 20.3908 13.29 10.641
0.707 0.707 -0.809 -0.588 16.3658 13.07 7.6548
0.866 0.5 -0.883 -0.47 11.8155 12.76 5.2786
0.966 0.259 -0.951 -0.309 8.9619 12.16 1.6249
1 0 -0.99 -0.139 6.965 11.64 0.63539
0.966 -0.259 -0.998 -0.07 5.0672 11.60 3.1079
0.866 -0.5 -1 0 10.064 11.97 18.38
0.707 -0.707 -0.999 0.035 14.7706 11.39 17.048
0.5 -0.866 -0.999 0.035 16.1729 12.15 8.708
0.259 -0.966 -0.998 -0.07 16.8858 12.46 4.3245
0 -1 -0.995 -0.105 16.5243 11.21 6.7775
-0.259 -0.966 -0.94 -0.342 15.9245 10.80 5.451
-0.5 -0.866 -0.829 -0.559 15.7269 10.66 7.0831
-0.707 -0.707 -0.719 -0.695 16.6949 10.64 14.73
-0.866 -0.5 -0.643 -0.766 19.1105 10.60 29.448
-0.966 -0.259 -0.53 -0.848 19.1922 11.16 28.135
-1 0 -0.469 -0.883 19.6392 11.91 26.093
-0.966 0.259 -0.438 -0.899 21.3598 12.81 28.52
-0.866 0.5 -0.469 -0.883 23.381 13.43 29.982
-0.707 0.707 -0.469 -0.883 25.7165 13.35 24.588
-0.5 0.866 -0.53 -0.848 26.5908 13.78 24.034
-0.259 0.966 -0.695 -0.719 26.5455 14.77 29.43
0 1 -0.559 -0.829 25.9357 11.59 27.94
0.259 0.966 -0.616 -0.788 24.0265 12.57 28.188
0.5 0.866 -0.695 -0.719 20.3908 13.32 28.231
0.707 0.707 -0.766 -0.643 16.3658 12.19 23.549
0.866 0.5 -0.883 -0.47 11.8155 10.37 27.39
0.966 0.259 -0.978 -0.208 8.9619 10.34 24.991
1 0 -0.97 -0.242 6.965 12.71 17.2
0.966 -0.259 -0.978 -0.208 5.0672 14.05 11.919
0.866 -0.5 -0.985 -0.174 10.064 14.02 15.741
0.707 -0.707 -0.985 -0.174 14.7706 13.72 9.6167
0.5 -0.866 -0.978 -0.208 16.1729 13.29 11.358
0.259 -0.966 -0.99 -0.139 16.8858 12.64 9.9146
0 -1 -0.99 -0.139 16.5243 11.82 11.685
-0.259 -0.966 -0.97 -0.242 15.9245 11.03 16.321
-0.5 -0.866 -0.914 -0.407 15.7269 10.78 12.541
-0.707 -0.707 -0.829 -0.559 16.6949 10.75 21.838
-0.866 -0.5 -0.719 -0.695 19.1105 10.97 27.012
-0.966 -0.259 -0.616 -0.788 19.1922 11.34 24.315
-1 0 -0.53 -0.848 19.6392 11.76 25.527
-0.966 0.259 -0.469 -0.883 21.3598 12.27 27.419
-0.866 0.5 -0.469 -0.883 23.381 12.68 26.884
-0.707 0.707 -0.53 -0.848 25.7165 12.96 26.652
-0.5 0.866 -0.616 -0.788 26.5908 13.18 27.074
-0.259 0.966 -0.695 -0.719 26.5455 13.42 28.238
0 1 -0.407 -0.914 25.9357 12.65 28.361
0.259 0.966 -0.5 -0.866 24.0265 12.81 29.216
0.5 0.866 -0.616 -0.788 20.3908 12.67 29.33
0.707 0.707 -0.743 -0.669 16.3658 12.64 26.301
0.866 0.5 -0.809 -0.588 11.8155 12.43 20.684
0.966 0.259 -0.809 -0.588 8.9619 12.43 17.211
1 0 -0.848 -0.53 6.965 12.68 8.066
0.966 -0.259 -0.883 -0.47 5.0672 12.51 3.16
0.866 -0.5 -0.883 -0.47 10.064 11.84 7.633
0.707 -0.707 -0.848 -0.53 14.7706 11.09 15.071
0.5 -0.866 -0.829 -0.559 16.1729 10.63 18.908
0.259 -0.966 -0.829 -0.559 16.8858 10.28 19.077
0 -1 -0.809 -0.588 16.5243 10.24 21.851
-0.259 -0.966 -0.766 -0.643 15.9245 10.82 18.589
-0.5 -0.866 -0.695 -0.719 15.7269 10.70 15.798
-0.707 -0.707 -0.588 -0.809 16.6949 10.46 9.634
-0.866 -0.5 -0.438 -0.899 19.1105 10.57 18.831
-0.966 -0.259 -0.342 -0.94 19.1922 10.81 17.354
-1 0 -0.208 -0.978 19.6392 10.93 17.911
-0.966 0.259 -0.139 -0.99 21.3598 11.45 26.776
-0.866 0.5 -0.174 -0.985 23.381 11.80 29.308
-0.707 0.707 -0.242 -0.97 25.7165 12.56 29.615
-0.5 0.866 -0.309 -0.951 26.5908 13.08 28.942
-0.259 0.966 -0.438 -0.899 26.5455 13.52 28.131
0 1 -0.53 -0.848 25.9357 12.19 28.103
0.259 0.966 -0.588 -0.809 24.0265 12.48 20.966
0.5 0.866 -0.669 -0.743 20.3908 12.64 7.825
0.707 0.707 -0.766 -0.643 16.3658 12.45 11.138
0.866 0.5 -0.788 -0.616 11.8155 12.32 5.6963
0.966 0.259 -0.809 -0.588 8.9619 12.39 1.8627
1 0 -0.829 -0.559 6.965 12.54 0.46734
0.966 -0.259 -0.809 -0.588 5.0672 12.54 5.8951
0.866 -0.5 -0.809 -0.588 10.064 12.36 7.3852
0.707 -0.707 -0.809 -0.588 14.7706 12.21 13.288
0.5 -0.866 -0.809 -0.588 16.1729 11.87 13.823
0.259 -0.966 -0.866 -0.5 16.8858 11.29 17.324
0 -1 -0.899 -0.438 16.5243 10.84 21.027
-0.259 -0.966 -0.883 -0.47 15.9245 10.05 22.348
-0.5 -0.866 -0.848 -0.53 15.7269 9.38 19.568
-0.707 -0.707 -0.766 -0.643 16.6949 9.09 22.616
-0.866 -0.5 -0.669 -0.743 19.1105 8.95 21.993
-0.966 -0.259 -0.5 -0.866 19.1922 9.28 21.95
-1 0 -0.342 -0.94 19.6392 10.21 19.181
-0.966 0.259 -0.208 -0.978 21.3598 11.38 19.681
-0.866 0.5 -0.174 -0.985 23.381 12.01 21.96
-0.707 0.707 -0.174 -0.985 25.7165 12.57 22.896
-0.5 0.866 -0.242 -0.97 26.5908 13.05 24.964
-0.259 0.966 -0.407 -0.914 26.5455 13.29 26.884
0 1 -0.616 -0.788 25.9357 13.18 26.423
0.259 0.966 -0.719 -0.695 24.0265 12.84 25.563
0.5 0.866 -0.788 -0.616 20.3908 12.17 23.628
0.707 0.707 -0.848 -0.53 16.3658 11.64 14.695
0.866 0.5 -0.899 -0.438 11.8155 11.61 3.3803
0.966 0.259 -0.914 -0.407 8.9619 11.67 3.1479
1 0 -0.883 -0.47 6.965 11.60 4.3719
0.966 -0.259 -0.883 -0.47 5.0672 11.35 3.2078
0.866 -0.5 -0.899 -0.438 10.064 10.97 4.9967
0.707 -0.707 -0.927 -0.375 14.7706 10.36 14.561
0.5 -0.866 -0.97 -0.242 16.1729 10.00 21.236
0.259 -0.966 -0.99 -0.139 16.8858 10.12 26.751
0 -1 -0.94 -0.342 16.5243 10.71 18.761
-0.259 -0.966 -0.766 -0.643 15.9245 11.02 10.315
-0.5 -0.866 -0.669 -0.743 15.7269 11.21 10.674
-0.707 -0.707 -0.588 -0.809 16.6949 11.51 9.3187
-0.866 -0.5 -0.469 -0.883 19.1105 11.65 10.896
-0.966 -0.259 -0.375 -0.927 19.1922 11.62 8.5108
-1 0 -0.242 -0.97 19.6392 11.78 9.3163
-0.966 0.259 -0.104 -0.995 21.3598 11.97 10.47
-0.866 0.5 -0.035 -0.999 23.381 12.18 11.125
-0.707 0.707 -0.035 -0.999 25.7165 12.58 19.496
-0.5 0.866 -0.104 -0.995 26.5908 12.83 22.923
-0.259 0.966 -0.208 -0.978 26.5455 12.88 24.171
0 1 -0.559 -0.829 25.9357 13.06 23.796
0.259 0.966 -0.616 -0.788 24.0265 12.50 26.471
0.5 0.866 -0.669 -0.743 20.3908 11.68 24.135
0.707 0.707 -0.719 -0.695 16.3658 11.14 25.326
0.866 0.5 -0.766 -0.643 11.8155 10.78 23.854
0.966 0.259 -0.809 -0.588 8.9619 10.11 22.536
1 0 -0.788 -0.616 6.965 9.62 18.867
0.966 -0.259 -0.743 -0.669 5.0672 9.12 18.488
0.866 -0.5 -0.695 -0.719 10.064 8.86 18.565
0.707 -0.707 -0.695 -0.719 14.7706 8.70 18.282
0.5 -0.866 -0.766 -0.643 16.1729 9.23 14.02
0.259 -0.966 -0.743 -0.669 16.8858 10.44 21.103
0 -1 -0.669 -0.743 16.5243 10.35 18.458
-0.259 -0.966 -0.616 -0.788 15.9245 10.13 12.434
-0.5 -0.866 -0.5 -0.866 15.7269 9.76 15.841
-0.707 -0.707 -0.342 -0.94 16.6949 9.34 14.118
-0.866 -0.5 -0.208 -0.978 19.1105 10.45 17.588
-0.966 -0.259 -0.139 -0.99 19.1922 10.76 14.59
-1 0 -0.035 -0.999 19.6392 10.38 17.34
-0.966 0.259 0.07 -0.998 21.3598 10.28 24.402
-0.866 0.5 0.105 -0.995 23.381 10.49 27.997
-0.707 0.707 0.174 -0.985 25.7165 10.45 29.273
-0.5 0.866 0.07 -0.998 26.5908 10.43 29.69
-0.259 0.966 -0.139 -0.99 26.5455 10.84 28.203
0 1 -0.342 -0.94 25.9357 11.98 27.467
0.259 0.966 -0.469 -0.883 24.0265 11.91 27.593
0.5 0.866 -0.5 -0.866 20.3908 11.88 27.715
0.707 0.707 -0.5 -0.866 16.3658 11.74 26.87
0.866 0.5 -0.5 -0.866 11.8155 12.19 23.647
0.966 0.259 -0.469 -0.883 8.9619 13.01 18.284
1 0 -0.5 -0.866 6.965 13.06 11.551
0.966 -0.259 -0.559 -0.829 5.0672 12.87 7.1869
0.866 -0.5 -0.643 -0.766 10.064 12.64 12.796
0.707 -0.707 -0.695 -0.719 14.7706 12.34 19.391
0.5 -0.866 -0.766 -0.643 16.1729 11.99 24.813
0.259 -0.966 -0.809 -0.588 16.8858 11.55 20.251
0 -1 -0.848 -0.53 16.5243 11.08 16.988
-0.259 -0.966 -0.829 -0.559 15.9245 10.64 16.441
-0.5 -0.866 -0.766 -0.643 15.7269 10.10 12.156
-0.707 -0.707 -0.719 -0.695 16.6949 9.47 11.087
-0.866 -0.5 -0.616 -0.788 19.1105 9.63 10.223
-0.966 -0.259 -0.5 -0.866 19.1922 10.03 6.9707
-1 0 -0.342 -0.94 19.6392 10.65 7.7065
-0.966 0.259 -0.208 -0.978 21.3598 11.66 12.068
-0.866 0.5 -0.104 -0.995 23.381 12.04 18.433
-0.707 0.707 -0.035 -0.999 25.7165 12.11 20.92
-0.5 0.866 0 -1 26.5908 11.98 24.298
-0.259 0.966 0.035 -0.999 26.5455 11.13 27.587
0 1 -0.276 -0.961 25.9357 12.47 27.615
0.259 0.966 -0.407 -0.914 24.0265 12.37 28.014
0.5 0.866 -0.53 -0.848 20.3908 11.59 28.089
0.707 0.707 -0.669 -0.743 16.3658 11.70 25.153
0.866 0.5 -0.743 -0.669 11.8155 12.23 14.382
0.966 0.259 -0.719 -0.695 8.9619 12.22 5.6902
1 0 -0.766 -0.643 6.965 11.52 1.6649
0.966 -0.259 -0.866 -0.5 5.0672 10.82 4.2119
0.866 -0.5 -0.951 -0.309 10.064 10.46 14.269
0.707 -0.707 -0.978 -0.208 14.7706 10.57 11.976
0.5 -0.866 -0.899 -0.438 16.1729 12.16 24.909
0.259 -0.966 -0.809 -0.588 16.8858 12.14 20.061
0 -1 -0.788 -0.616 16.5243 11.45 21.146
-0.259 -0.966 -0.743 -0.669 15.9245 11.35 15.839
-0.5 -0.866 -0.719 -0.695 15.7269 10.76 20.156
-0.707 -0.707 -0.695 -0.719 16.6949 9.02 16.703
-0.866 -0.5 -0.669 -0.743 19.1105 7.12 19.156
-0.966 -0.259 -0.53 -0.848 19.1922 7.15 22.375
-1 0 -0.342 -0.94 19.6392 8.66 25.534
-0.966 0.259 -0.276 -0.961 21.3598 9.54 28.291
-0.866 0.5 -0.309 -0.951 23.381 10.44 29.441
-0.5 0.866 -0.588 -0.809 26.5908 13.32 29.246
0 1 -0.469 -0.883 25.9357 14.27 29.253
0.259 0.966 -0.5 -0.866 24.0265 14.00 26.923
0.5 0.866 -0.53 -0.848 20.3908 13.63 12.023
0.707 0.707 -0.588 -0.809 16.3658 13.15 8.1579
0.866 0.5 -0.643 -0.766 11.8155 12.79 6.2287
0.966 0.259 -0.669 -0.743 8.9619 12.73 4.9684
1 0 -0.695 -0.719 6.965 12.81 4.517
0.966 -0.259 -0.719 -0.695 5.0672 13.24 2.3265
0.866 -0.5 -0.766 -0.643 10.064 13.44 11.894
0.707 -0.707 -0.788 -0.616 14.7706 13.22 21.16
0.5 -0.866 -0.788 -0.616 16.1729 12.89 18.125
0.259 -0.966 -0.788 -0.616 16.8858 12.01 20.535
0 -1 -0.743 -0.669 16.5243 11.06 21.562
-0.259 -0.966 -0.643 -0.766 15.9245 10.22 19.642
-0.5 -0.866 -0.469 -0.883 15.7269 9.68 22.662
-0.707 -0.707 -0.276 -0.961 16.6949 9.38 26.095
-0.866 -0.5 -0.139 -0.99 19.1105 10.16 26.983
-0.966 -0.259 -0.208 -0.978 19.1922 11.79 26.636
-1 0 -0.309 -0.951 19.6392 12.58 27.765
-0.966 0.259 -0.276 -0.961 21.3598 12.79 26.612
-0.707 0.707 -0.208 -0.978 25.7165 13.75 29.693
-0.5 0.866 -0.242 -0.97 26.5908 14.03 29.471
0 1 -0.766 -0.643 25.9357 14.32 27.195
0.259 0.966 -0.809 -0.588 24.0265 13.83 24.622
0.5 0.866 -0.866 -0.5 20.3908 13.29 23.849
0.707 0.707 -0.883 -0.47 16.3658 12.82 16.455
0.866 0.5 -0.899 -0.438 11.8155 12.58 6.554
0.966 0.259 -0.927 -0.375 8.9619 12.34 3.6767
1 0 -0.97 -0.242 6.965 12.07 6.4599
0.966 -0.259 -0.99 -0.139 5.0672 11.71 2.5275
0.866 -0.5 -0.999 -0.035 10.064 11.29 14.442
0.707 -0.707 -0.999 0.035 14.7706 10.84 17.301
0.5 -0.866 -0.995 0.104 16.1729 10.44 19.433
0.259 -0.966 -0.99 0.139 16.8858 10.28 15.83
0 -1 -0.998 0.07 16.5243 10.35 11.401
-0.259 -0.966 -0.998 -0.07 15.9245 10.28 8.0304
-0.5 -0.866 -0.961 -0.276 15.7269 10.03 9.1436
-0.707 -0.707 -0.883 -0.47 16.6949 9.79 10.461
-0.866 -0.5 -0.766 -0.643 19.1105 9.52 12.525
-0.966 -0.259 -0.559 -0.829 19.1922 9.40 15.198
-1 0 -0.342 -0.94 19.6392 9.34 17.162
-0.966 0.259 -0.174 -0.985 21.3598 9.30 21.459
-0.866 0.5 -0.104 -0.995 23.381 9.49 21.639
-0.707 0.707 -0.035 -0.999 25.7165 10.00 23.156
-0.5 0.866 -0.035 -0.999 26.5908 10.22 24.501
-0.259 0.966 -0.139 -0.99 26.5455 10.41 25.124
0 1 -0.719 -0.695 25.9357 10.90 24.699
0.259 0.966 -0.788 -0.616 24.0265 11.34 21.086
0.5 0.866 -0.829 -0.559 20.3908 11.23 17.402
0.707 0.707 -0.866 -0.5 16.3658 11.05 12.694
0.866 0.5 -0.883 -0.47 11.8155 10.91 2.0864
0.966 0.259 -0.883 -0.47 8.9619 11.05 1.1595
1 0 -0.883 -0.47 6.965 11.47 3.2944
0.966 -0.259 -0.866 -0.5 5.0672 11.88 1.6338
0.866 -0.5 -0.866 -0.5 10.064 11.93 17.108
0.707 -0.707 -0.866 -0.5 14.7706 11.68 16.893
0.5 -0.866 -0.883 -0.47 16.1729 11.44 17.411
0.259 -0.966 -0.914 -0.407 16.8858 11.00 16.053
0 -1 -0.914 -0.407 16.5243 10.53 13.818
-0.259 -0.966 -0.866 -0.5 15.9245 10.03 16.187
-0.5 -0.866 -0.788 -0.616 15.7269 9.69 12.108
-0.707 -0.707 -0.669 -0.743 16.6949 9.50 14.71
-0.866 -0.5 -0.53 -0.848 19.1105 9.39 14.415
-0.966 -0.259 -0.342 -0.94 19.1922 9.27 15.293
-1 0 -0.174 -0.985 19.6392 9.30 16.173
-0.966 0.259 0 -1 21.3598 9.66 17.009
-0.866 0.5 0.035 -0.999 23.381 10.16 17.239
-0.707 0.707 0 -1 25.7165 10.65 21.06
-0.5 0.866 -0.104 -0.995 26.5908 11.12 24.269
-0.259 0.966 -0.242 -0.97 26.5455 11.27 24.67
0 1 -0.342 -0.94 25.9357 12.15 23.982
0.259 0.966 -0.469 -0.883 24.0265 11.84 19.31
0.5 0.866 -0.559 -0.829 20.3908 11.72 23.777
0.707 0.707 -0.669 -0.743 16.3658 11.73 23.124
0.866 0.5 -0.743 -0.669 11.8155 11.77 20.332
0.966 0.259 -0.809 -0.588 8.9619 11.90 14.577
1 0 -0.829 -0.559 6.965 11.87 11.227
0.966 -0.259 -0.829 -0.559 5.0672 11.71 20.279
0.866 -0.5 -0.829 -0.559 10.064 11.52 21.515
0.707 -0.707 -0.829 -0.559 14.7706 11.41 23.746
0.5 -0.866 -0.829 -0.559 16.1729 11.40 22.506
0.259 -0.966 -0.809 -0.588 16.8858 11.25 21.029
0 -1 -0.788 -0.616 16.5243 11.19 21.381
-0.259 -0.966 -0.743 -0.669 15.9245 11.14 20.716
-0.5 -0.866 -0.695 -0.719 15.7269 10.96 16.713
-0.707 -0.707 -0.643 -0.766 16.6949 11.01 18.823
-0.866 -0.5 -0.559 -0.829 19.1105 10.92 22.45
-0.966 -0.259 -0.375 -0.927 19.1922 11.10 22.531
-1 0 -0.208 -0.978 19.6392 11.49 17.889
-0.966 0.259 -0.104 -0.995 21.3598 12.07 21.255
-0.866 0.5 -0.139 -0.99 23.381 12.67 27.229
-0.707 0.707 -0.174 -0.985 25.7165 13.43 30.454
-0.5 0.866 -0.276 -0.961 26.5908 13.97 29.511
-0.259 0.966 -0.375 -0.927 26.5455 14.18 27.828
0 1 -0.342 -0.94 25.9357 13.43 29.276
0.259 0.966 -0.438 -0.899 24.0265 13.34 28.86
0.5 0.866 -0.5 -0.866 20.3908 13.04 28.047
0.707 0.707 -0.588 -0.809 16.3658 12.56 14.017
0.866 0.5 -0.669 -0.743 11.8155 11.93 16.016
0.966 0.259 -0.743 -0.669 8.9619 11.55 11.398
1 0 -0.809 -0.588 6.965 11.36 6.4185
0.966 -0.259 -0.829 -0.559 5.0672 11.39 8.4518
0.866 -0.5 -0.848 -0.53 10.064 11.30 14.322
0.707 -0.707 -0.848 -0.53 14.7706 11.48 15.886
0.5 -0.866 -0.848 -0.53 16.1729 11.70 16.236
0.259 -0.966 -0.883 -0.47 16.8858 11.72 20.148
0 -1 -0.883 -0.47 16.5243 11.57 24.503
-0.259 -0.966 -0.866 -0.5 15.9245 11.17 21.34
-0.5 -0.866 -0.809 -0.588 15.7269 10.63 26.176
-0.707 -0.707 -0.695 -0.719 16.6949 10.12 27.619
-0.866 -0.5 -0.53 -0.848 19.1105 9.86 29.492
-0.966 -0.259 -0.342 -0.94 19.1922 9.90 29.098
-1 0 -0.174 -0.985 19.6392 10.28 29.51
-0.966 0.259 -0.07 -0.998 21.3598 10.91 26.373
-0.866 0.5 -0.035 -0.999 23.381 11.62 28.629
-0.707 0.707 -0.07 -0.998 25.7165 12.29 29.915
-0.5 0.866 -0.139 -0.99 26.5908 12.81 28.864
0 1 -0.469 -0.883 25.9357 13.44 30.476
0.259 0.966 -0.616 -0.788 24.0265 13.82 30.209
0.5 0.866 -0.669 -0.743 20.3908 13.60 29.458
0.707 0.707 -0.719 -0.695 16.3658 13.04 29.367
0.866 0.5 -0.766 -0.643 11.8155 12.54 24.643
0.966 0.259 -0.809 -0.588 8.9619 11.91 21.648
1 0 -0.883 -0.47 6.965 11.31 16.066
0.966 -0.259 -0.94 -0.342 5.0672 10.60 12.141
0.866 -0.5 -0.97 -0.242 10.064 10.15 13.566
0.707 -0.707 -0.99 -0.139 14.7706 10.04 9.0951
0.5 -0.866 -0.99 -0.139 16.1729 10.16 11.969
0.259 -0.966 -0.97 -0.242 16.8858 10.30 15.566
0 -1 -0.866 -0.5 16.5243 10.36 14.365
-0.259 -0.966 -0.743 -0.669 15.9245 10.15 13.241
-0.5 -0.866 -0.643 -0.766 15.7269 9.62 11.664
-0.707 -0.707 -0.53 -0.848 16.6949 9.15 7.69
-0.866 -0.5 -0.375 -0.927 19.1105 8.83 11.179
-0.966 -0.259 -0.174 -0.985 19.1922 9.00 14.418
-1 0 -0.035 -0.999 19.6392 9.72 17.011
-0.966 0.259 0.035 -0.999 21.3598 10.72 17.558
-0.866 0.5 -0.035 -0.999 23.381 11.83 21.48
-0.707 0.707 -0.104 -0.995 25.7165 13.01 25.235
-0.5 0.866 -0.174 -0.985 26.5908 13.92 29.909
-0.259 0.966 -0.309 -0.951 26.5455 14.54 30.079
0 1 -0.695 -0.719 25.9357 14.17 29.504
0.259 0.966 -0.788 -0.616 24.0265 13.83 29.388
0.5 0.866 -0.848 -0.53 20.3908 13.51 28.878
0.707 0.707 -0.899 -0.438 16.3658 13.17 28.638
0.866 0.5 -0.927 -0.375 11.8155 13.03 24.874
0.966 0.259 -0.951 -0.309 8.9619 12.94 20.647
1 0 -0.97 -0.242 6.965 13.01 17.916
0.966 -0.259 -0.978 -0.208 5.0672 13.03 13.007
0.866 -0.5 -0.99 -0.139 10.064 12.87 13.115
0.707 -0.707 -0.998 -0.07 14.7706 12.54 14.312
0.5 -0.866 -0.999 -0.035 16.1729 12.22 9.9387
0.259 -0.966 -1 0 16.8858 11.92 10.189
0 -1 -0.999 -0.035 16.5243 11.54 14.057
-0.259 -0.966 -0.995 -0.105 15.9245 10.96 11.176
-0.5 -0.866 -0.978 -0.208 15.7269 10.51 9.4062
-0.707 -0.707 -0.94 -0.342 16.6949 10.24 13.275
-0.866 -0.5 -0.848 -0.53 19.1105 10.10 15.91
-0.966 -0.259 -0.695 -0.719 19.1922 9.90 20.647
-1 0 -0.53 -0.848 19.6392 10.02 24.393
-0.966 0.259 -0.407 -0.914 21.3598 10.14 22.635
-0.866 0.5 -0.342 -0.94 23.381 10.84 26.531
-0.707 0.707 -0.342 -0.94 25.7165 11.46 28.885
-0.5 0.866 -0.438 -0.899 26.5908 12.21 29.679
-0.259 0.966 -0.616 -0.788 26.5455 13.20 30.377
0 1 -0.559 -0.829 27.4313 13.99 30.053
0.259 0.966 -0.643 -0.766 24.79 13.59 28.343
0.5 0.866 -0.695 -0.719 23.2722 13.18 28.774
0.707 0.707 -0.766 -0.643 18.6777 12.94 25.596
0.866 0.5 -0.829 -0.559 13.2702 12.72 15.736
0.966 0.259 -0.899 -0.438 7.618 12.36 6.7873
1 0 -0.951 -0.309 5.876 12.06 8.7572
0.966 -0.259 -0.97 -0.242 7.4231 11.86 7.0959
0.866 -0.5 -0.978 -0.208 15.3413 11.50 15.651
0.707 -0.707 -0.985 -0.174 16.714 10.99 16.301
0.5 -0.866 -0.99 -0.139 19.4956 10.64 17.426
0.259 -0.966 -0.995 -0.105 19.5266 10.46 19.787
0 -1 -0.985 -0.174 19.4938 10.27 19.945
-0.259 -0.966 -0.94 -0.342 18.8266 10.12 17.715
-0.5 -0.866 -0.788 -0.616 19.3992 10.36 14.913
-0.707 -0.707 -0.616 -0.788 20.7518 10.77 13.26
-0.866 -0.5 -0.438 -0.899 20.2217 10.81 11.149
-0.966 -0.259 -0.276 -0.961 20.7863 10.80 21.895
-1 0 -0.174 -0.985 22.263 10.44 24.099
-0.966 0.259 -0.174 -0.985 23.3493 10.19 23.404
-0.866 0.5 -0.276 -0.961 26.0638 11.04 26.995
-0.707 0.707 -0.309 -0.951 26.4458 12.67 28.655
-0.5 0.866 -0.375 -0.927 27.4167 13.90 28.619
-0.259 0.966 -0.5 -0.866 27.3834 14.30 30.132
0 1 -0.809 -0.588 27.4313 12.77 30.14
0.259 0.966 -0.883 -0.47 24.79 12.57 30.497
0.5 0.866 -0.899 -0.438 23.2722 12.34 30.2
0.707 0.707 -0.899 -0.438 18.6777 12.00 25.741
0.866 0.5 -0.883 -0.47 13.2702 11.71 15.915
0.966 0.259 -0.899 -0.438 7.618 11.63 8.9653
1 0 -0.866 -0.5 5.876 12.05 1.2729
0.966 -0.259 -0.883 -0.47 7.4231 12.18 1.4904
0.866 -0.5 -0.883 -0.47 15.3413 12.27 12.06
0.707 -0.707 -0.848 -0.53 16.714 11.73 11.032
0.5 -0.866 -0.829 -0.559 19.4956 11.49 26.863
0.259 -0.966 -0.848 -0.53 19.5266 11.21 22.34
0 -1 -0.848 -0.53 19.4938 10.97 23.248
-0.259 -0.966 -0.809 -0.588 18.8266 10.63 27.633
-0.5 -0.866 -0.719 -0.695 19.3992 10.20 21.49
-0.707 -0.707 -0.588 -0.809 20.7518 9.98 22.764
-0.866 -0.5 -0.438 -0.899 20.2217 10.04 27.167
-0.966 -0.259 -0.342 -0.94 20.7863 10.33 28.682
-1 0 -0.208 -0.978 22.263 10.93 30.339
-0.966 0.259 -0.139 -0.99 23.3493 11.68 30.105
-0.866 0.5 -0.174 -0.985 26.0638 12.40 30.883
-0.5 0.866 -0.342 -0.94 27.4167 13.31 29.947
-0.259 0.966 -0.5 -0.866 27.3834 13.26 29.031
0 1 -0.616 -0.788 27.4313 13.20 28.732
0.259 0.966 -0.695 -0.719 24.79 14.04 28.84
0.5 0.866 -0.766 -0.643 23.2722 14.57 28.426
0.707 0.707 -0.788 -0.616 18.6777 13.53 13.383
0.866 0.5 -0.829 -0.559 13.2702 12.58 7.2059
0.966 0.259 -0.899 -0.438 7.618 11.60 3.4442
1 0 -0.951 -0.309 5.876 10.83 3.7549
0.966 -0.259 -0.978 -0.208 7.4231 9.85 12.493
0.866 -0.5 -1 0 15.3413 9.20 18.776
0.707 -0.707 -0.985 0.174 16.714 9.06 15.155
0.5 -0.866 -0.97 0.242 19.4956 9.31 14.752
0.259 -0.966 -0.978 0.208 19.5266 9.72 17.309
0 -1 -0.985 0.174 19.4938 10.00 19.735
-0.259 -0.966 -0.995 0.104 18.8266 10.01 21.192
-0.5 -0.866 -0.998 -0.07 19.3992 10.17 19.08
-0.707 -0.707 -0.914 -0.407 20.7518 10.63 17.216
-0.866 -0.5 -0.766 -0.643 20.2217 10.63 17.454
-0.966 -0.259 -0.588 -0.809 20.7863 10.28 20.811
-1 0 -0.469 -0.883 22.263 10.49 22.826
-0.966 0.259 -0.375 -0.927 23.3493 10.99 29.672
-0.866 0.5 -0.375 -0.927 26.0638 11.73 30.674
0 1 -0.588 -0.809 27.4313 12.31 30.332
0.259 0.966 -0.788 -0.616 24.79 12.77 29.38
0.5 0.866 -0.927 -0.375 23.2722 13.13 26.984
0.707 0.707 -0.99 -0.139 18.6777 13.50 16.137
0.866 0.5 -0.999 -0.035 13.2702 13.77 6.0645
0.966 0.259 -1 0 7.618 13.66 5.402
1 0 -0.998 0.07 5.876 13.30 5.0253
0.966 -0.259 -0.995 0.104 7.4231 12.92 5.5923
0.866 -0.5 -0.99 0.139 15.3413 12.71 18.188
0.707 -0.707 -0.985 0.174 16.714 12.42 14.711
0.5 -0.866 -0.978 0.208 19.4956 12.04 18.581
0.259 -0.966 -0.97 0.242 19.5266 11.81 19.507
0 -1 -0.978 0.208 19.4938 11.65 20.434
-0.259 -0.966 -0.99 0.139 18.8266 11.37 18.956
-0.5 -0.866 -1 0 19.3992 10.87 20.271
-0.707 -0.707 -0.97 -0.242 20.7518 10.24 19.966
-0.866 -0.5 -0.848 -0.53 20.2217 9.64 20.368
-0.966 -0.259 -0.559 -0.829 20.7863 9.46 22.768
-1 0 -0.242 -0.97 22.263 10.15 22.65
-0.966 0.259 -0.174 -0.985 23.3493 11.34 26.879
-0.866 0.5 -0.309 -0.951 26.0638 12.47 29.763
-0.5 0.866 -0.616 -0.788 27.4167 13.46 29.737
0 1 -0.616 -0.788 27.4313 13.06 27.996
0.259 0.966 -0.766 -0.643 24.79 13.09 25.674
0.5 0.866 -0.866 -0.5 23.2722 12.88 22.835
0.707 0.707 -0.927 -0.375 18.6777 12.54 14.568
0.866 0.5 -0.961 -0.276 13.2702 12.28 11.118
0.966 0.259 -0.97 -0.242 7.618 12.14 14.809
1 0 -0.961 -0.276 5.876 12.02 10.992
0.966 -0.259 -0.961 -0.276 7.4231 11.75 7.9193
0.866 -0.5 -0.94 -0.342 15.3413 11.41 14.596
0.707 -0.707 -0.94 -0.342 16.714 11.43 21.679
0.5 -0.866 -0.927 -0.375 19.4956 11.70 16.145
0.259 -0.966 -0.94 -0.342 19.5266 11.79 22.597
0 -1 -0.97 -0.242 19.4938 11.74 23.678
-0.259 -0.966 -0.978 -0.208 18.8266 11.50 21.229
-0.5 -0.866 -0.961 -0.276 19.3992 10.98 24.815
-0.707 -0.707 -0.914 -0.407 20.7518 10.02 26.645
-0.866 -0.5 -0.766 -0.643 20.2217 9.70 29.829
-0.966 -0.259 -0.469 -0.883 20.7863 10.28 30.687
-1 0 -0.208 -0.978 22.263 10.76 30.685
-0.866 0.5 0.035 -0.999 26.0638 10.73 29.582
0 1 -0.174 -0.985 27.4313 14.68 29.851
0.259 0.966 -0.309 -0.951 24.79 13.24 29.227
0.5 0.866 -0.469 -0.883 23.2722 12.86 22.026
0.707 0.707 -0.616 -0.788 18.6777 12.88 10.162
0.866 0.5 -0.695 -0.719 13.2702 12.77 2.4904
0.966 0.259 -0.719 -0.695 7.618 12.63 1.9301
1 0 -0.695 -0.719 5.876 12.36 6.1759
0.966 -0.259 -0.743 -0.669 7.4231 12.38 10.643
0.866 -0.5 -0.829 -0.559 15.3413 12.84 12.791
0.707 -0.707 -0.883 -0.47 16.714 12.67 9.8715
0.5 -0.866 -0.883 -0.47 19.4956 12.29 12.701
0.259 -0.966 -0.899 -0.438 19.5266 10.91 11.962
0 -1 -0.961 -0.276 19.4938 9.77 18.471
-0.259 -0.966 -0.97 -0.242 18.8266 9.29 19.552
-0.5 -0.866 -0.883 -0.47 19.3992 8.62 17.403
-0.707 -0.707 -0.719 -0.695 20.7518 8.06 25.387
-0.866 -0.5 -0.469 -0.883 20.2217 8.09 26.457
-0.966 -0.259 -0.208 -0.978 20.7863 8.82 22.526
-1 0 -0.035 -0.999 22.263 9.80 28.252
-0.966 0.259 -0.035 -0.999 23.3493 10.37 29.616
-0.5 0.866 -0.276 -0.961 27.4167 11.69 30.399
-0.259 0.966 -0.438 -0.899 27.3834 12.08 29.746
0 1 -0.616 -0.788 27.4313 11.47 28.976
0.259 0.966 -0.669 -0.743 24.79 11.53 21.605
0.5 0.866 -0.719 -0.695 23.2722 11.32 12.113
0.707 0.707 -0.743 -0.669 18.6777 11.04 6.9
0.866 0.5 -0.766 -0.643 13.2702 10.87 4.8565
0.966 0.259 -0.809 -0.588 7.618 10.88 6.4753
1 0 -0.866 -0.5 5.876 10.86 9.2204
0.966 -0.259 -0.899 -0.438 7.4231 10.75 2.4447
0.866 -0.5 -0.914 -0.407 15.3413 10.52 15.093
0.707 -0.707 -0.927 -0.375 16.714 10.31 14.227
0.5 -0.866 -0.951 -0.309 19.4956 9.98 11.052
0.259 -0.966 -0.985 -0.174 19.5266 9.69 14.675
0 -1 -0.998 -0.07 19.4938 9.41 18.706
-0.259 -0.966 -0.998 -0.07 18.8266 9.04 20.26
-0.5 -0.866 -0.978 -0.208 19.3992 8.58 17.663
-0.707 -0.707 -0.883 -0.47 20.7518 7.93 19.976
-0.866 -0.5 -0.669 -0.743 20.2217 7.96 19.956
-0.966 -0.259 -0.375 -0.927 20.7863 8.42 20.811
-1 0 -0.139 -0.99 22.263 9.38 22.31
-0.966 0.259 -0.035 -0.999 23.3493 10.36 22.998
-0.866 0.5 0 -1 26.0638 11.55 27.631
-0.707 0.707 0 -1 26.4458 12.60 27.26
0 1 -0.616 -0.788 27.4313 15.01 28.179
0.259 0.966 -0.669 -0.743 24.79 15.36 24.734
0.5 0.866 -0.743 -0.669 23.2722 15.53 11.265
0.707 0.707 -0.809 -0.588 18.6777 14.95 6.4438
0.866 0.5 -0.866 -0.5 13.2702 13.92 4.9845
0.966 0.259 -0.94 -0.342 7.618 13.17 3.2771
1 0 -0.985 -0.174 5.876 12.97 2.9865
0.966 -0.259 -1 0 7.4231 13.05 0.71578
0.866 -0.5 -0.998 0.07 15.3413 12.73 6.6379
0.707 -0.707 -0.99 0.139 16.714 12.18 4.2975
0.5 -0.866 -0.998 0.07 19.4956 12.11 9.1208
0.259 -0.966 -0.998 -0.07 19.5266 12.96 15.11
0 -1 -0.927 -0.375 19.4938 13.88 20.134
-0.259 -0.966 -0.848 -0.53 18.8266 13.29 18.304
-0.5 -0.866 -0.788 -0.616 19.3992 12.54 20.754
-0.707 -0.707 -0.643 -0.766 20.7518 12.02 23.336
-0.866 -0.5 -0.469 -0.883 20.2217 11.79 23.683
-0.966 -0.259 -0.276 -0.961 20.7863 11.99 27.871
-1 0 -0.208 -0.978 22.263 12.62 30.723
-0.966 0.259 -0.174 -0.985 23.3493 13.29 30.57
-0.866 0.5 -0.174 -0.985 26.0638 14.04 30.812
-0.707 0.707 -0.208 -0.978 26.4458 14.75 30.821
-0.5 0.866 -0.276 -0.961 27.4167 15.34 30.52
-0.259 0.966 -0.438 -0.899 27.3834 15.49 28.278
0 1 -0.469 -0.883 27.4313 13.48 21.747
0.259 0.966 -0.616 -0.788 24.79 13.53 14.169
0.5 0.866 -0.669 -0.743 23.2722 12.99 11.207
0.707 0.707 -0.695 -0.719 18.6777 12.36 13.038
0.866 0.5 -0.788 -0.616 13.2702 11.86 8.621
0.966 0.259 -0.866 -0.5 7.618 11.55 4.3581
1 0 -0.94 -0.342 5.876 11.40 3.1912
0.966 -0.259 -0.961 -0.276 7.4231 11.41 0.44684
0.866 -0.5 -0.97 -0.242 15.3413 11.26 11.915
0.707 -0.707 -0.97 -0.242 16.714 10.94 19.689
0.5 -0.866 -0.97 -0.242 19.4956 11.02 21.929
0.259 -0.966 -0.97 -0.242 19.5266 10.97 23.126
0 -1 -0.961 -0.276 19.4938 10.55 22.772
-0.259 -0.966 -0.927 -0.375 18.8266 9.98 20.832
-0.5 -0.866 -0.848 -0.53 19.3992 9.41 24.045
-0.707 -0.707 -0.695 -0.719 20.7518 8.98 25.273
-0.866 -0.5 -0.5 -0.866 20.2217 9.31 23.767
-0.966 -0.259 -0.342 -0.94 20.7863 10.39 27.538
-1 0 -0.174 -0.985 22.263 12.32 30.171
-0.966 0.259 -0.035 -0.999 23.3493 12.99 29.921
-0.866 0.5 0 -1 26.0638 13.28 30.952
-0.5 0.866 0 -1 27.4167 13.53 30.981
-0.259 0.966 -0.07 -0.998 27.3834 13.44 30.327
0 1 -0.5 -0.866 27.4313 11.76 28.694
0.259 0.966 -0.643 -0.766 24.79 10.57 27.292
0.5 0.866 -0.809 -0.588 23.2722 10.78 24.439
0.707 0.707 -0.883 -0.47 18.6777 11.70 10.365
0.866 0.5 -0.848 -0.53 13.2702 12.37 3.4658
0.966 0.259 -0.788 -0.616 7.618 12.29 4.4455
1 0 -0.743 -0.669 5.876 12.08 4.3145
0.966 -0.259 -0.695 -0.719 7.4231 11.42 0.72836
0.866 -0.5 -0.643 -0.766 15.3413 10.45 12.482
0.707 -0.707 -0.669 -0.743 16.714 9.27 17.627
0.5 -0.866 -0.848 -0.53 19.4956 8.49 20.394
0.259 -0.966 -0.961 -0.276 19.5266 8.46 20.776
0 -1 -0.978 -0.208 19.4938 8.55 12.852
-0.259 -0.966 -0.94 -0.342 18.8266 8.47 14.346
-0.5 -0.866 -0.743 -0.669 19.3992 8.39 21.487
-0.707 -0.707 -0.438 -0.899 20.7518 8.43 20.487
-0.866 -0.5 -0.208 -0.978 20.2217 8.93 21.974
-0.966 -0.259 -0.104 -0.995 20.7863 9.72 23.755
-1 0 -0.104 -0.995 22.263 10.30 19.86
-0.966 0.259 -0.104 -0.995 23.3493 10.41 28.035
-0.866 0.5 -0.139 -0.99 26.0638 11.61 28.116
-0.707 0.707 -0.208 -0.978 26.4458 13.91 24.187
-0.5 0.866 -0.242 -0.97 27.4167 14.77 27.67
-0.259 0.966 -0.276 -0.961 27.3834 14.83 24.831
0 1 -0.559 -0.829 27.4313 12.56 23.105
0.259 0.966 -0.669 -0.743 24.79 12.27 17.704
0.5 0.866 -0.766 -0.643 23.2722 12.06 18.957
0.707 0.707 -0.809 -0.588 18.6777 11.89 14.258
0.866 0.5 -0.848 -0.53 13.2702 11.77 13.347
0.966 0.259 -0.866 -0.5 7.618 11.64 8.2604
1 0 -0.927 -0.375 5.876 11.37 1.1307
0.966 -0.259 -0.978 -0.208 7.4231 11.21 7.6511
0.866 -0.5 -0.999 -0.035 15.3413 11.22 13.712
0.707 -0.707 -1 0 16.714 11.42 12.855
0.5 -0.866 -0.999 -0.035 19.4956 11.57 16.822
0.259 -0.966 -0.999 -0.035 19.5266 11.59 13.773
0 -1 -0.998 -0.07 19.4938 11.37 12.305
-0.259 -0.966 -0.99 -0.139 18.8266 11.01 11.28
-0.5 -0.866 -0.961 -0.276 19.3992 10.69 10.992
-0.707 -0.707 -0.883 -0.47 20.7518 10.43 9.8449
-0.866 -0.5 -0.669 -0.743 20.2217 10.44 11.472
-0.966 -0.259 -0.407 -0.914 20.7863 11.14 7.8188
-1 0 -0.208 -0.978 22.263 11.67 5.1539
-0.966 0.259 -0.139 -0.99 23.3493 12.49 12.96
-0.866 0.5 -0.208 -0.978 26.0638 12.76 16.219
-0.707 0.707 -0.208 -0.978 26.4458 12.86 16.84
-0.5 0.866 -0.242 -0.97 27.4167 13.00 13.919
-0.259 0.966 -0.276 -0.961 27.3834 12.40 19.539
0 1 -0.559 -0.829 27.4313 14.03 24.641
0.259 0.966 -0.643 -0.766 24.79 13.93 26.211
0.5 0.866 -0.695 -0.719 23.2722 13.61 24.478
0.707 0.707 -0.788 -0.616 18.6777 13.14 22.498
0.866 0.5 -0.829 -0.559 13.2702 12.60 20.565
0.966 0.259 -0.883 -0.47 7.618 11.90 3.0413
1 0 -0.961 -0.276 5.876 11.21 3.3222
0.966 -0.259 -0.961 -0.276 7.4231 11.59 3.172
0.866 -0.5 -0.951 -0.309 15.3413 11.78 19.779
0.707 -0.707 -0.94 -0.342 16.714 11.51 24.751
0.5 -0.866 -0.914 -0.407 19.4956 11.38 26.739
0.259 -0.966 -0.866 -0.5 19.5266 11.10 24.221
0 -1 -0.829 -0.559 19.4938 11.01 23.19
-0.259 -0.966 -0.743 -0.669 18.8266 10.68 17.874
-0.5 -0.866 -0.616 -0.788 19.3992 10.34 20.683
-0.707 -0.707 -0.407 -0.914 20.7518 10.60 20.107
-0.866 -0.5 -0.208 -0.978 20.2217 11.70 20.787
-0.966 -0.259 -0.07 -0.998 20.7863 11.79 15.457
-1 0 0.105 -0.995 22.263 11.49 17.058
-0.966 0.259 0.208 -0.978 23.3493 11.03 19.745
-0.866 0.5 0.242 -0.97 26.0638 11.02 25.384
-0.707 0.707 0.242 -0.97 26.4458 11.39 27.573
-0.5 0.866 0.174 -0.985 27.4167 11.38 30.292
-0.259 0.966 -0.07 -0.998 27.3834 11.64 29.282
0 1 -0.242 -0.97 27.4313 14.03 29.478
0.259 0.966 -0.309 -0.951 24.79 14.02 28.837
0.5 0.866 -0.342 -0.94 23.2722 13.99 27.649
0.707 0.707 -0.407 -0.914 18.6777 13.79 27.007
0.866 0.5 -0.438 -0.899 13.2702 13.18 10.423
0.966 0.259 -0.438 -0.899 7.618 12.88 5.9543
1 0 -0.438 -0.899 5.876 12.58 5.8389
0.966 -0.259 -0.469 -0.883 7.4231 12.47 9.3561
0.866 -0.5 -0.53 -0.848 15.3413 12.00 25.959
0.707 -0.707 -0.53 -0.848 16.714 11.65 25.893
0.5 -0.866 -0.53 -0.848 19.4956 11.19 27.567
0.259 -0.966 -0.559 -0.829 19.5266 10.68 27.244
0 -1 -0.559 -0.829 19.4938 10.16 24.937
0.259 0.966 -0.559 -0.829 24.79 13.87 23.315
0.5 0.866 -0.588 -0.809 23.2722 13.63 24.445
0.707 0.707 -0.616 -0.788 18.6777 13.19 22.495
0.866 0.5 -0.643 -0.766 13.2702 12.88 9.9042
0.966 0.259 -0.669 -0.743 7.618 12.74 5.8566
1 0 -0.719 -0.695 5.876 12.41 2.918
0.966 -0.259 -0.743 -0.669 7.4231 11.98 8.8723
0.866 -0.5 -0.743 -0.669 15.3413 11.49 19.259
0.707 -0.707 -0.719 -0.695 16.714 9.78 21.584
0.5 -0.866 -0.743 -0.669 19.4956 9.47 20.442
0.259 -0.966 -0.809 -0.588 19.5266 9.81 23.571
0 -1 -0.848 -0.53 19.4938 9.60 23.124
-0.259 -0.966 -0.848 -0.53 18.8266 8.93 24.055
-0.5 -0.866 -0.766 -0.643 19.3992 8.78 26.26
-0.707 -0.707 -0.588 -0.809 20.7518 8.88 22.545
-0.866 -0.5 -0.5 -0.866 20.2217 9.47 21.599
-0.966 -0.259 -0.438 -0.899 20.7863 9.69 22.08
-1 0 -0.5 -0.866 22.263 9.65 26.135
-0.5 0.866 -0.53 -0.848 27.4167 11.32 24.726
-0.259 0.966 -0.559 -0.829 27.3834 11.29 21.185
0 1 -0.559 -0.829 27.4313 13.56 25.289
0.259 0.966 -0.643 -0.766 24.79 13.91 6.9297
0.5 0.866 -0.695 -0.719 23.2722 13.73 9.2626
0.707 0.707 -0.719 -0.695 18.6777 13.50 8.595
0.866 0.5 -0.788 -0.616 13.2702 13.36 6.5739
0.966 0.259 -0.829 -0.559 7.618 13.06 4.9311
1 0 -0.866 -0.5 5.876 12.66 9.129
0.966 -0.259 -0.899 -0.438 7.4231 12.24 7.4867
0.866 -0.5 -0.927 -0.375 15.3413 11.40 16.022
0.707 -0.707 -0.951 -0.309 16.714 11.05 16.523
0.5 -0.866 -0.94 -0.342 19.4956 10.96 26.369
0.259 -0.966 -0.951 -0.309 19.5266 10.53 28.104
0 -1 -0.951 -0.309 19.4938 10.34 26.361
-0.259 -0.966 -0.899 -0.438 18.8266 10.35 22.106
-0.5 -0.866 -0.848 -0.53 19.3992 10.24 20.759
-0.707 -0.707 -0.788 -0.616 20.7518 10.09 25.321
-0.866 -0.5 -0.695 -0.719 20.2217 10.29 23.626
-0.966 -0.259 -0.616 -0.788 20.7863 10.91 25.002
-1 0 -0.588 -0.809 22.263 11.33 25.201
-0.966 0.259 -0.53 -0.848 23.3493 11.56 24.497
-0.866 0.5 -0.559 -0.829 26.0638 11.93 29.98
-0.707 0.707 -0.559 -0.829 26.4458 12.41 30.85
-0.5 0.866 -0.616 -0.788 27.4167 12.93 30.939
-0.259 0.966 -0.695 -0.719 27.3834 13.31 30.354
0 1 -0.669 -0.743 27.4313 13.38 29.802
0.259 0.966 -0.743 -0.669 24.79 13.28 29.46
0.5 0.866 -0.788 -0.616 23.2722 13.36 26.888
0.707 0.707 -0.829 -0.559 18.6777 13.26 24.29
0.866 0.5 -0.848 -0.53 13.2702 13.06 19.754
0.966 0.259 -0.866 -0.5 7.618 12.82 7.3234
1 0 -0.883 -0.47 5.876 12.59 9.7286
0.966 -0.259 -0.899 -0.438 7.4231 12.39 16.898
0.866 -0.5 -0.94 -0.342 15.3413 12.24 14.442
0.707 -0.707 -0.951 -0.309 16.714 12.12 9.1233
0.5 -0.866 -0.961 -0.276 19.4956 12.04 22.113
0.259 -0.966 -0.978 -0.208 19.5266 11.67 17.51
0 -1 -0.99 -0.139 19.4938 11.12 18.059
-0.259 -0.966 -0.985 -0.174 18.8266 10.68 14.248
-0.5 -0.866 -0.94 -0.342 19.3992 10.58 20.738
-0.707 -0.707 -0.809 -0.588 20.7518 11.01 27.822
-0.866 -0.5 -0.669 -0.743 20.2217 11.26 28.716
-0.966 -0.259 -0.5 -0.866 20.7863 11.68 28.731
-1 0 -0.342 -0.94 22.263 12.78 28.831
-0.966 0.259 -0.208 -0.978 23.3493 13.18 23.11
-0.866 0.5 -0.174 -0.985 26.0638 12.94 25.87
-0.707 0.707 -0.174 -0.985 26.4458 12.51 27.03
-0.5 0.866 -0.242 -0.97 27.4167 11.81 25.602
-0.259 0.966 -0.407 -0.914 27.3834 11.21 28.542
0 1 -0.616 -0.788 27.4313 15.10 27.298
0.259 0.966 -0.669 -0.743 24.79 14.96 29.132
0.5 0.866 -0.766 -0.643 23.2722 14.60 28.217
0.707 0.707 -0.848 -0.53 18.6777 14.15 26.486
0.866 0.5 -0.899 -0.438 13.2702 13.74 25.212
0.966 0.259 -0.914 -0.407 7.618 13.14 10.277
1 0 -0.94 -0.342 5.876 12.46 4.6234
0.966 -0.259 -0.97 -0.242 7.4231 11.81 8.7009
0.866 -0.5 -0.99 -0.139 15.3413 11.37 18.492
0.707 -0.707 -0.999 -0.035 16.714 11.13 12.341
0.5 -0.866 -0.998 0.07 19.4956 10.80 12.723
0.259 -0.966 -0.995 0.104 19.5266 10.45 11.816
0 -1 -0.999 0.035 19.4938 10.37 12.82
-0.259 -0.966 -0.985 -0.174 18.8266 10.38 10.567
-0.5 -0.866 -0.914 -0.407 19.3992 10.19 10.495
-0.707 -0.707 -0.809 -0.588 20.7518 9.77 17.322
-0.866 -0.5 -0.695 -0.719 20.2217 9.19 17.252
-0.966 -0.259 -0.53 -0.848 20.7863 9.39 13.635
-1 0 -0.407 -0.914 22.263 10.39 16.516
-0.966 0.259 -0.309 -0.951 23.3493 11.93 17.517
-0.866 0.5 -0.174 -0.985 26.0638 12.53 18.199
-0.707 0.707 -0.104 -0.995 26.4458 12.51 23.824
-0.5 0.866 -0.174 -0.985 27.4167 12.37 28.014
-0.259 0.966 -0.276 -0.961 27.3834 12.19 29.578
0 1 -0.766 -0.643 27.4313 12.80 28.849
0.259 0.966 -0.829 -0.559 24.79 13.29 26.381
0.5 0.866 -0.809 -0.588 23.2722 13.20 24.845
0.707 0.707 -0.829 -0.559 18.6777 12.34 19.188
0.866 0.5 -0.899 -0.438 13.2702 11.44 11.036
0.966 0.259 -0.951 -0.309 7.618 10.95 6.5387
1 0 -0.978 -0.208 5.876 10.85 10.318
0.966 -0.259 -0.998 -0.07 7.4231 10.72 1.9818
0.866 -0.5 -0.998 0.07 15.3413 10.46 11.357
0.707 -0.707 -0.978 0.208 16.714 10.10 12.442
0.5 -0.866 -0.94 0.342 19.4956 9.82 8.6312
0.259 -0.966 -0.927 0.374 19.5266 9.34 11.927
0 -1 -0.99 0.139 19.4938 8.96 13.093
-0.259 -0.966 -0.99 -0.139 18.8266 9.11 17.106
-0.5 -0.866 -0.927 -0.375 19.3992 9.96 18.087
-0.707 -0.707 -0.766 -0.643 20.7518 11.35 24.18
-0.866 -0.5 -0.5 -0.866 20.2217 11.59 22.322
-0.966 -0.259 -0.342 -0.94 20.7863 11.23 19.99
-1 0 -0.174 -0.985 22.263 11.31 15.656
-0.966 0.259 -0.104 -0.995 23.3493 11.76 16.016
-0.866 0.5 -0.139 -0.99 26.0638 12.15 25.992
-0.707 0.707 -0.174 -0.985 26.4458 12.23 27.879
-0.5 0.866 -0.208 -0.978 27.4167 11.82 29.834
-0.259 0.966 -0.309 -0.951 27.3834 11.25 30.487
0 1 -0.588 -0.809 27.4313 12.51 30.069
0.5 0.866 -0.743 -0.669 23.2722 12.44 29.722
0.707 0.707 -0.788 -0.616 18.6777 12.20 26.934
0.866 0.5 -0.829 -0.559 13.2702 12.05 22.987
0.966 0.259 -0.883 -0.47 7.618 11.84 15.339
1 0 -0.951 -0.309 5.876 11.63 2.749
0.966 -0.259 -0.99 -0.139 7.4231 11.41 11.83
0.866 -0.5 -1 0 15.3413 11.35 12.246
0.707 -0.707 -0.998 0.07 16.714 11.13 15.977
0.5 -0.866 -0.995 0.104 19.4956 10.91 18.54
0.259 -0.966 -0.985 0.174 19.5266 10.66 17.675
0 -1 -0.99 0.139 19.4938 10.35 13.345
-0.259 -0.966 -0.999 0.035 18.8266 10.09 14.758
-0.5 -0.866 -0.985 -0.174 19.3992 9.63 20.019
-0.707 -0.707 -0.94 -0.342 20.7518 9.14 22.006
-0.866 -0.5 -0.809 -0.588 20.2217 8.65 16.813
-0.966 -0.259 -0.616 -0.788 20.7863 8.69 23.067
-1 0 -0.407 -0.914 22.263 9.25 20.578
-0.966 0.259 -0.309 -0.951 23.3493 10.00 20.312
-0.866 0.5 -0.242 -0.97 26.0638 10.81 15.878
-0.707 0.707 -0.276 -0.961 26.4458 11.61 20.185
-0.5 0.866 -0.342 -0.94 27.4167 12.45 26.541
-0.259 0.966 -0.5 -0.866 27.3834 13.21 29.624
0 1 -0.407 -0.914 27.4313 12.86 29.921
0.259 0.966 -0.559 -0.829 24.79 12.80 28.471
0.5 0.866 -0.643 -0.766 23.2722 12.68 27.533
0.707 0.707 -0.719 -0.695 18.6777 12.40 26.71
0.866 0.5 -0.743 -0.669 13.2702 12.11 25.779
0.966 0.259 -0.788 -0.616 7.618 11.96 5.6458
1 0 -0.829 -0.559 5.876 11.95 1.8443
0.966 -0.259 -0.883 -0.47 7.4231 11.85 2.0486
0.866 -0.5 -0.927 -0.375 15.3413 11.65 22.735
0.707 -0.707 -0.951 -0.309 16.714 11.57 23.517
0.5 -0.866 -0.97 -0.242 19.4956 11.54 25.195
0.259 -0.966 -0.978 -0.208 19.5266 11.58 17.55
0 -1 -0.97 -0.242 19.4938 11.50 9.2952
-0.259 -0.966 -0.951 -0.309 18.8266 11.50 13.378
-0.5 -0.866 -0.883 -0.47 19.3992 11.04 15.847
-0.707 -0.707 -0.788 -0.616 20.7518 10.90 19.39
-0.866 -0.5 -0.669 -0.743 20.2217 11.02 12.604
-0.966 -0.259 -0.469 -0.883 20.7863 11.34 12.162
-1 0 -0.309 -0.951 22.263 11.92 13.649
-0.966 0.259 -0.242 -0.97 23.3493 12.42 20.538
-0.866 0.5 -0.276 -0.961 26.0638 13.03 22.534
-0.707 0.707 -0.342 -0.94 26.4458 13.63 27.596
-0.5 0.866 -0.407 -0.914 27.4167 13.98 28.679
-0.259 0.966 -0.53 -0.848 27.3834 14.09 28.665
0 1 -0.588 -0.809 27.4313 13.74 25.865
0.259 0.966 -0.695 -0.719 24.79 13.67 24.749
0.5 0.866 -0.766 -0.643 23.2722 13.53 25.201
0.707 0.707 -0.809 -0.588 18.6777 13.21 21.829
0.866 0.5 -0.829 -0.559 13.2702 12.85 21.899
0.966 0.259 -0.866 -0.5 7.618 12.59 21.434
1 0 -0.883 -0.47 5.876 12.35 11.935
0.966 -0.259 -0.899 -0.438 7.4231 12.22 14.846
0.866 -0.5 -0.94 -0.342 15.3413 11.75 26.46
0.707 -0.707 -0.951 -0.309 16.714 11.27 25.993
0.5 -0.866 -0.951 -0.309 19.4956 10.79 26.853
0.259 -0.966 -0.961 -0.276 19.5266 10.34 27.381
0 -1 -0.94 -0.342 19.4938 10.17 23.156
-0.259 -0.966 -0.883 -0.47 18.8266 10.21 22.872
-0.5 -0.866 -0.766 -0.643 19.3992 10.30 23.851
-0.707 -0.707 -0.616 -0.788 20.7518 10.40 24.072
-0.866 -0.5 -0.438 -0.899 20.2217 10.48 20.727
-0.966 -0.259 -0.242 -0.97 20.7863 10.96 23.757
-1 0 -0.139 -0.99 22.263 12.00 28.208
-0.866 0.5 -0.139 -0.99 26.0638 13.52 28.875
-0.707 0.707 -0.174 -0.985 26.4458 13.80 31.033
0 1 -0.53 -0.848 27.4313 12.85 29.835
0.259 0.966 -0.559 -0.829 24.79 12.78 29.448
0.5 0.866 -0.559 -0.829 23.2722 12.48 26.099
0.707 0.707 -0.588 -0.809 18.6777 12.08 24.531
0.866 0.5 -0.588 -0.809 13.2702 11.63 24.168
0.966 0.259 -0.643 -0.766 7.618 11.39 8.952
1 0 -0.719 -0.695 5.876 11.36 3.8049
0.966 -0.259 -0.788 -0.616 7.4231 11.03 11.728
0.866 -0.5 -0.848 -0.53 15.3413 10.63 16.169
0.707 -0.707 -0.899 -0.438 16.714 10.38 20.412
0.5 -0.866 -0.927 -0.375 19.4956 10.28 22.571
0.259 -0.966 -0.927 -0.375 19.5266 10.14 19.819
0 -1 -0.883 -0.47 19.4938 10.12 22.192
-0.259 -0.966 -0.788 -0.616 18.8266 10.13 22.083
-0.5 -0.866 -0.643 -0.766 19.3992 10.10 23.973
-0.707 -0.707 -0.469 -0.883 20.7518 9.94 21.85
-0.866 -0.5 -0.276 -0.961 20.2217 9.39 21.189
-0.966 -0.259 -0.104 -0.995 20.7863 8.83 25.457
-1 0 0.035 -0.999 22.263 8.47 29.668
-0.966 0.259 0.139 -0.99 23.3493 8.78 29.726
-0.866 0.5 0.139 -0.99 26.0638 9.84 30.136
-0.707 0.707 0.035 -0.999 26.4458 10.91 30.484
-0.5 0.866 -0.035 -0.999 27.4167 11.67 30.766
-0.259 0.966 -0.104 -0.995 27.3834 12.52 30.63
1 0 -0.719 -0.695 5.876 10.66 0.90435
0.966 -0.259 -0.743 -0.669 7.4231 10.51 4.587
0.866 -0.5 -0.788 -0.616 15.3413 10.40 10.846
0.707 -0.707 -0.809 -0.588 16.714 10.39 18.143
0.5 -0.866 -0.809 -0.588 19.4956 10.14 22.077
0.259 -0.966 -0.848 -0.53 19.5266 9.42 21.48
0 -1 -0.899 -0.438 19.4938 9.03 17.987
-0.259 -0.966 -0.848 -0.53 18.8266 8.96 18.637
-0.5 -0.866 -0.695 -0.719 19.3992 9.01 16.761
-0.707 -0.707 -0.53 -0.848 20.7518 8.86 23.346
-0.866 -0.5 -0.309 -0.951 20.2217 8.83 21.945
-0.966 -0.259 -0.208 -0.978 20.7863 9.40 19.566
-1 0 -0.242 -0.97 22.263 10.21 24.117
-0.966 0.259 -0.309 -0.951 23.3493 10.79 24.491
-0.866 0.5 -0.407 -0.914 26.0638 11.51 26.506
-0.707 0.707 -0.407 -0.914 26.4458 13.24 28.761
-0.5 0.866 -0.375 -0.927 27.4167 14.20 29.604
-0.259 0.966 -0.438 -0.899 27.3834 13.76 30.296
0 1 -0.559 -0.829 27.4313 11.86 29.827
0.259 0.966 -0.695 -0.719 24.79 12.30 26.551
0.5 0.866 -0.766 -0.643 23.2722 12.40 27.04
0.707 0.707 -0.809 -0.588 18.6777 12.38 20.843
0.866 0.5 -0.848 -0.53 13.2702 12.38 5.1354
0.966 0.259 -0.848 -0.53 7.618 12.40 5.7959
1 0 -0.829 -0.559 5.876 12.29 4.1717
0.966 -0.259 -0.829 -0.559 7.4231 11.82 6.001
0.866 -0.5 -0.848 -0.53 15.3413 11.35 13.766
0.707 -0.707 -0.848 -0.53 16.714 11.23 20.366
0.5 -0.866 -0.848 -0.53 19.4956 11.24 22.61
0.259 -0.966 -0.866 -0.5 19.5266 11.18 20.972
0 -1 -0.848 -0.53 19.4938 11.05 25.112
-0.259 -0.966 -0.829 -0.559 18.8266 10.88 22.11
-0.5 -0.866 -0.743 -0.669 19.3992 10.68 20.358
-0.707 -0.707 -0.616 -0.788 20.7518 10.70 22.142
-0.866 -0.5 -0.5 -0.866 20.2217 10.67 20.33
-0.966 -0.259 -0.342 -0.94 20.7863 10.61 14.636
-1 0 -0.242 -0.97 22.263 10.60 18.227
-0.966 0.259 -0.139 -0.99 23.3493 10.75 24.047
-0.866 0.5 -0.104 -0.995 26.0638 11.02 27.403
-0.707 0.707 -0.104 -0.995 26.4458 11.33 28.511
-0.5 0.866 -0.174 -0.985 27.4167 11.44 29.133
-0.259 0.966 -0.276 -0.961 27.3834 11.26 29.688
0 1 -0.616 -0.788 27.4313 13.59 29.558
0.259 0.966 -0.669 -0.743 24.79 13.50 29.613
0.5 0.866 -0.643 -0.766 23.2722 13.30 28.505
0.707 0.707 -0.616 -0.788 18.6777 13.08 22.053
0.866 0.5 -0.643 -0.766 13.2702 12.98 20.468
0.966 0.259 -0.643 -0.766 7.618 12.34 13.405
1 0 -0.643 -0.766 5.876 11.74 8.7421
0.966 -0.259 -0.669 -0.743 7.4231 11.28 14.372
0.866 -0.5 -0.695 -0.719 15.3413 10.84 16.044
0.707 -0.707 -0.669 -0.743 16.714 10.41 17.478
0.5 -0.866 -0.643 -0.766 19.4956 9.97 17.234
0.259 -0.966 -0.643 -0.766 19.5266 9.64 19.234
0 -1 -0.643 -0.766 19.4938 9.54 21.11
-0.259 -0.966 -0.616 -0.788 18.8266 9.50 18.581
-0.5 -0.866 -0.559 -0.829 19.3992 9.39 17.727
-0.707 -0.707 -0.53 -0.848 20.7518 9.48 21.455
-0.866 -0.5 -0.469 -0.883 20.2217 9.36 19.236
-0.966 -0.259 -0.375 -0.927 20.7863 9.70 24.423
-1 0 -0.242 -0.97 22.263 10.27 24.145
-0.966 0.259 -0.174 -0.985 23.3493 10.70 25.977
-0.866 0.5 -0.208 -0.978 26.0638 11.46 27.15
-0.707 0.707 -0.242 -0.97 26.4458 12.11 27.678
-0.5 0.866 -0.309 -0.951 27.4167 12.59 27.065
-0.259 0.966 -0.407 -0.914 27.3834 12.77 27.226
0 1 -0.5 -0.866 27.4313 12.21 27.459
0.259 0.966 -0.669 -0.743 24.79 11.56 21.626
0.5 0.866 -0.788 -0.616 23.2722 10.97 26.661
0.707 0.707 -0.866 -0.5 18.6777 10.63 25.142
0.866 0.5 -0.914 -0.407 13.2702 10.54 11.172
0.966 0.259 -0.899 -0.438 7.618 10.41 8.2101
1 0 -0.766 -0.643 5.876 10.84 14.956
0.966 -0.259 -0.616 -0.788 7.4231 11.65 16.072
0.866 -0.5 -0.695 -0.719 15.3413 10.96 27.214
0.707 -0.707 -0.743 -0.669 16.714 9.57 26.617
0.5 -0.866 -0.743 -0.669 19.4956 9.21 28.693
0.259 -0.966 -0.695 -0.719 19.5266 9.13 23.437
0 -1 -0.669 -0.743 19.4938 8.97 24.318
-0.259 -0.966 -0.669 -0.743 18.8266 8.86 23.6
-0.5 -0.866 -0.616 -0.788 19.3992 9.01 23.036
-0.707 -0.707 -0.588 -0.809 20.7518 9.02 20.484
-0.866 -0.5 -0.5 -0.866 20.2217 8.94 17.569
-0.966 -0.259 -0.375 -0.927 20.7863 8.95 17.457
-1 0 -0.242 -0.97 22.263 8.95 20.528
-0.966 0.259 -0.104 -0.995 23.3493 9.23 21.135
-0.866 0.5 -0.035 -0.999 26.0638 9.80 22.368
-0.707 0.707 -0.035 -0.999 26.4458 10.43 26.529
-0.5 0.866 -0.07 -0.998 27.4167 10.89 26.75
-0.259 0.966 -0.139 -0.99 27.3834 11.07 23.681
0 1 0.139 -0.99 27.4313 9.55 13.904
0.259 0.966 0.035 -0.999 24.79 9.64 15.688
0.5 0.866 0 -1 23.2722 9.25 13.559
0.707 0.707 0.035 -0.999 18.6777 8.72 13.116
0.866 0.5 0.035 -0.999 13.2702 8.34 11.917
0.966 0.259 0.035 -0.999 7.618 8.26 2.8808
1 0 0.035 -0.999 5.876 8.61 2.0936
0.966 -0.259 -0.104 -0.995 7.4231 9.24 1.921
0.866 -0.5 -0.309 -0.951 15.3413 9.70 5.8603
0.707 -0.707 -0.469 -0.883 16.714 9.77 11.5
0.5 -0.866 -0.559 -0.829 19.4956 9.55 18.523
0.259 -0.966 -0.643 -0.766 19.5266 9.07 19.472
0 -1 -0.695 -0.719 19.4938 8.30 19.44
-0.259 -0.966 -0.695 -0.719 18.8266 7.74 19.308
-0.5 -0.866 -0.616 -0.788 19.3992 7.17 18.065
-0.707 -0.707 -0.469 -0.883 20.7518 7.07 12.497
-0.866 -0.5 -0.276 -0.961 20.2217 7.12 14.595
-0.966 -0.259 0 -1 20.7863 7.31 20.229
-1 0 0.174 -0.985 22.263 7.74 22.088
-0.966 0.259 0.276 -0.961 23.3493 8.09 23.272
-0.866 0.5 0.342 -0.94 26.0638 8.72 24.924
-0.707 0.707 0.309 -0.951 26.4458 9.50 21.318
-0.5 0.866 0.276 -0.961 27.4167 10.11 23.092
-0.259 0.966 0.208 -0.978 27.3834 10.53 22.011
0 1 0.174 -0.985 19.7396 10.07 18.491
0.259 0.966 0.07 -0.998 17.9857 10.18 20.977
0.5 0.866 -0.035 -0.999 18.1181 10.11 18.79
0.707 0.707 -0.174 -0.985 16.5957 9.78 19.594
0.866 0.5 -0.276 -0.961 15.768 9.46 15.448
0.966 0.259 -0.375 -0.927 12.9072 8.98 2.9154
1 0 -0.469 -0.883 8.5226 8.54 0.80758
0.966 -0.259 -0.53 -0.848 8.7711 7.93 1.6103
0.866 -0.5 -0.559 -0.829 11.1511 7.34 4.9399
0.707 -0.707 -0.559 -0.829 12.5576 6.92 6.4473
0.5 -0.866 -0.588 -0.809 12.9776 6.31 14.536
0.259 -0.966 -0.695 -0.719 13.9173 5.29 10.221
0 -1 -0.788 -0.616 13.6226 4.34 9.2983
-0.259 -0.966 -0.743 -0.669 13.2512 3.77 6.7146
-0.5 -0.866 -0.375 -0.927 13.2667 4.45 7.4548
-0.707 -0.707 -0.104 -0.995 12.3668 6.47 3.899
-0.866 -0.5 0 -1 11.9648 8.56 6.3184
-0.966 -0.259 0.174 -0.985 13.0858 9.09 8.5718
-1 0 0.309 -0.951 15.3019 9.39 7.8833
-0.966 0.259 0.407 -0.914 17.4982 9.60 10.482
-0.866 0.5 0.47 -0.883 19.2954 9.81 12.329
-0.707 0.707 0.5 -0.866 20.994 10.16 9.7573
-0.5 0.866 0.53 -0.848 21.2983 10.27 10.161
-0.259 0.966 0.53 -0.848 20.9745 10.15 8.6461
0 1 0.53 -0.848 19.7396 8.41 5.4715
0.259 0.966 0.53 -0.848 17.9857 7.98 0.53921
0.5 0.866 0.5 -0.866 18.1181 7.67 3.6836
0.707 0.707 0.559 -0.829 16.5957 7.28 4.1722
0.866 0.5 0.616 -0.788 15.768 6.85 6.8385
0.966 0.259 0.616 -0.788 12.9072 6.71 6.3552
1 0 0.53 -0.848 8.5226 6.96 1.3328
0.966 -0.259 0.47 -0.883 8.7711 7.35 2.958
0.866 -0.5 0.375 -0.927 11.1511 7.64 2.7005
0.707 -0.707 0.342 -0.94 12.5576 7.80 1.8668
0.5 -0.866 0.342 -0.94 12.9776 7.73 4.0645
0.259 -0.966 0.276 -0.961 13.9173 7.17 6.8227
0 -1 0.139 -0.99 13.6226 6.29 9.554
-0.259 -0.966 0.139 -0.99 13.2512 5.91 14.178
-0.5 -0.866 0.105 -0.995 13.2667 5.59 14.083
-0.707 -0.707 0.208 -0.978 12.3668 5.83 9.9303
-0.866 -0.5 0.309 -0.951 11.9648 6.01 6.8731
-0.966 -0.259 0.588 -0.809 13.0858 5.52 8.3093
-1 0 0.766 -0.643 15.3019 5.84 7.329
-0.966 0.259 0.809 -0.588 17.4982 6.17 6.3726
-0.866 0.5 0.809 -0.588 19.2954 6.60 9.0913
-0.707 0.707 0.848 -0.53 20.994 7.33 17.832
-0.5 0.866 0.848 -0.53 21.2983 8.10 13.035
-0.259 0.966 0.809 -0.588 20.9745 8.56 11.94
0 1 0.961 -0.276 19.7396 8.00 5.4704
0.259 0.966 0.961 -0.276 17.9857 7.44 2.8431
0.707 0.707 0.97 -0.242 16.5957 6.56 1.144
1 0 0.848 -0.53 8.5226 4.73 2.6727
0.966 -0.259 0.766 -0.643 8.7711 4.41 0.45228
0.866 -0.5 0.643 -0.766 11.1511 4.28 3.1151
0.707 -0.707 0.53 -0.848 12.5576 4.44 1.7757
0.5 -0.866 0.438 -0.899 12.9776 4.63 2.9949
0.259 -0.966 0.375 -0.927 13.9173 4.58 3.4708
0 -1 0.309 -0.951 13.6226 4.42 2.9045
-0.259 -0.966 0.276 -0.961 13.2512 4.43 4.539
-0.5 -0.866 0.342 -0.94 13.2667 4.64 5.342
-0.707 -0.707 0.438 -0.899 12.3668 4.86 6.3487
-0.866 -0.5 0.5 -0.866 11.9648 5.15 5.1222
-0.966 -0.259 0.559 -0.829 13.0858 5.91 2.9601
-1 0 0.559 -0.829 15.3019 6.63 6.5182
-0.966 0.259 0.53 -0.848 17.4982 6.97 13.875
-0.866 0.5 0.5 -0.866 19.2954 7.47 9.9316
-0.707 0.707 0.438 -0.899 20.994 7.97 9.06
-0.5 0.866 0.276 -0.961 21.2983 8.24 10.456
-0.259 0.966 0.139 -0.99 20.9745 8.44 11.081
0 1 0.669 -0.743 19.7396 7.28 10.685
0.259 0.966 0.47 -0.883 17.9857 7.18 5.7146
0.5 0.866 0.309 -0.951 18.1181 7.42 3.3147
0.707 0.707 0.174 -0.985 16.5957 7.86 3.2436
0.866 0.5 0.035 -0.999 15.768 9.04 3.584
0.966 0.259 0.035 -0.999 12.9072 9.32 0.81586
0.866 -0.5 -0.035 -0.999 11.1511 7.50 4.5828
0.707 -0.707 -0.139 -0.99 12.5576 6.72 4.9168
0.5 -0.866 -0.276 -0.961 12.9776 6.17 7.3218
0.259 -0.966 -0.407 -0.914 13.9173 5.79 9.3432
0 -1 -0.5 -0.866 13.6226 5.09 9.5967
-0.259 -0.966 -0.588 -0.809 13.2512 4.31 9.1577
-0.5 -0.866 -0.469 -0.883 13.2667 3.66 10.545
-0.707 -0.707 -0.208 -0.978 12.3668 3.14 11.957
-0.866 -0.5 0.208 -0.978 11.9648 3.42 8.5008
-0.966 -0.259 0.309 -0.951 13.0858 4.28 7.844
-1 0 0.242 -0.97 15.3019 5.42 9.0325
-0.966 0.259 0.174 -0.985 17.4982 6.68 9.8098
-0.866 0.5 0.035 -0.999 19.2954 7.80 11.131
-0.707 0.707 0 -1 20.994 8.70 15.243
-0.5 0.866 0.035 -0.999 21.2983 9.34 16.322
-0.259 0.966 0.035 -0.999 20.9745 9.92 13.601
0 1 0.407 -0.914 19.7396 7.74 12.373
0.259 0.966 0.309 -0.951 17.9857 7.58 10.729
0.5 0.866 0.174 -0.985 18.1181 7.29 12.573
0.707 0.707 0.035 -0.999 16.5957 7.00 12.528
0.866 0.5 0 -1 15.768 6.92 15.376
0.966 0.259 -0.104 -0.995 12.9072 6.88 13.447
1 0 -0.208 -0.978 8.5226 6.94 6.9384
0.966 -0.259 -0.139 -0.99 8.7711 7.42 10.64
0.866 -0.5 -0.174 -0.985 11.1511 8.30 8.2016
0.707 -0.707 -0.139 -0.99 12.5576 9.31 10.862
0.5 -0.866 -0.104 -0.995 12.9776 9.20 10.432
0.259 -0.966 -0.139 -0.99 13.9173 8.45 10.482
0 -1 -0.208 -0.978 13.6226 7.90 12.825
-0.259 -0.966 -0.276 -0.961 13.2512 7.48 12.676
-0.5 -0.866 -0.309 -0.951 13.2667 7.04 14.383
-0.707 -0.707 -0.309 -0.951 12.3668 6.62 10.996
-0.866 -0.5 -0.208 -0.978 11.9648 6.35 12.224
-0.966 -0.259 0.07 -0.998 13.0858 6.31 14.143
-1 0 0.342 -0.94 15.3019 6.73 12.157
-0.966 0.259 0.53 -0.848 17.4982 7.16 16.65
-0.866 0.5 0.616 -0.788 19.2954 7.23 18.043
-0.707 0.707 0.695 -0.719 20.994 7.44 23.516
-0.5 0.866 0.719 -0.695 21.2983 7.49 21.72
-0.259 0.966 0.743 -0.669 20.9745 7.11 18.838
0 1 0.276 -0.961 19.7396 8.26 17.322
0.259 0.966 0.105 -0.995 17.9857 7.86 16.537
0.5 0.866 -0.035 -0.999 18.1181 7.26 17.274
0.707 0.707 -0.208 -0.978 16.5957 6.61 13.277
0.866 0.5 -0.407 -0.914 15.768 5.91 19.206
0.966 0.259 -0.588 -0.809 12.9072 5.24 14.734
1 0 -0.695 -0.719 8.5226 5.13 14.873
0.966 -0.259 -0.719 -0.695 8.7711 5.30 14.547
0.866 -0.5 -0.719 -0.695 11.1511 5.38 8.9725
0.707 -0.707 -0.616 -0.788 12.5576 5.68 9.1875
0.5 -0.866 -0.407 -0.914 12.9776 6.39 5.1713
0.259 -0.966 -0.309 -0.951 13.9173 7.12 9.448
0 -1 -0.242 -0.97 13.6226 7.29 9.1889
-0.259 -0.966 -0.104 -0.995 13.2512 7.37 8.517
-0.5 -0.866 0.035 -0.999 13.2667 7.36 10.872
-0.707 -0.707 0.105 -0.995 12.3668 7.17 11.396
-0.866 -0.5 0.242 -0.97 11.9648 7.18 13.123
-0.966 -0.259 0.375 -0.927 13.0858 7.48 12.267
-1 0 0.47 -0.883 15.3019 7.97 15.759
-0.966 0.259 0.53 -0.848 17.4982 8.60 17.168
-0.866 0.5 0.53 -0.848 19.2954 9.02 20.145
-0.707 0.707 0.53 -0.848 20.994 8.84 19.426
-0.5 0.866 0.559 -0.829 21.2983 8.71 23.664
-0.259 0.966 0.5 -0.866 20.9745 8.30 21.74
0 1 -0.208 -0.978 19.7396 11.37 16.182
0.259 0.966 -0.276 -0.961 17.9857 11.40 10.931
0.5 0.866 -0.309 -0.951 18.1181 10.92 13.446
0.707 0.707 -0.276 -0.961 16.5957 10.00 12.548
0.866 0.5 -0.208 -0.978 15.768 9.01 12.736
0.966 0.259 -0.242 -0.97 12.9072 8.66 15.405
1 0 -0.276 -0.961 8.5226 8.62 14.274
0.966 -0.259 -0.276 -0.961 8.7711 8.52 9.0046
0.866 -0.5 -0.276 -0.961 11.1511 8.09 5.7115
0.707 -0.707 -0.242 -0.97 12.5576 6.99 15.823
0.5 -0.866 -0.342 -0.94 12.9776 5.10 15.036
0.259 -0.966 -0.616 -0.788 13.9173 4.41 10.086
0 -1 -0.695 -0.719 13.6226 4.29 11.061
-0.259 -0.966 -0.616 -0.788 13.2512 4.58 8.3146
-0.5 -0.866 -0.438 -0.899 13.2667 5.14 11.377
-0.707 -0.707 -0.342 -0.94 12.3668 5.79 12.8
-0.866 -0.5 -0.208 -0.978 11.9648 6.52 15.957
-0.966 -0.259 -0.07 -0.998 13.0858 7.30 14.277
-1 0 0.035 -0.999 15.3019 8.05 20.5
-0.966 0.259 0.07 -0.998 17.4982 8.87 26.422
-0.866 0.5 0.174 -0.985 19.2954 9.73 26.279
-0.707 0.707 0.242 -0.97 20.994 10.35 25.123
-0.5 0.866 0.242 -0.97 21.2983 10.80 27.189
-0.259 0.966 0.174 -0.985 20.9745 11.03 29.022
0 1 -0.174 -0.985 19.7396 11.59 27.191
0.259 0.966 -0.242 -0.97 17.9857 11.38 22.995
0.5 0.866 -0.276 -0.961 18.1181 11.19 23.909
0.707 0.707 -0.342 -0.94 16.5957 10.48 25.422
0.866 0.5 -0.342 -0.94 15.768 9.81 25.337
0.966 0.259 -0.309 -0.951 12.9072 9.75 19.412
1 0 -0.309 -0.951 8.5226 9.82 16.185
0.966 -0.259 -0.342 -0.94 8.7711 9.81 16.978
0.866 -0.5 -0.342 -0.94 11.1511 9.56 23.872
0.707 -0.707 -0.342 -0.94 12.5576 9.18 22.693
0.5 -0.866 -0.407 -0.914 12.9776 8.90 20.776
0.259 -0.966 -0.407 -0.914 13.9173 8.93 21.954
0 -1 -0.375 -0.927 13.6226 8.99 21.325
-0.259 -0.966 -0.342 -0.94 13.2512 8.98 17.569
-0.5 -0.866 -0.309 -0.951 13.2667 8.96 14.928
-0.707 -0.707 -0.208 -0.978 12.3668 8.80 13.844
-0.866 -0.5 -0.07 -0.998 11.9648 8.46 13.943
-0.966 -0.259 0.105 -0.995 13.0858 8.39 18.392
-1 0 0.139 -0.99 15.3019 8.62 22.482
-0.966 0.259 0.105 -0.995 17.4982 9.24 21.804
-0.866 0.5 0.07 -0.998 19.2954 9.73 23.39
-0.707 0.707 0.035 -0.999 20.994 10.35 27.789
-0.5 0.866 0.035 -0.999 21.2983 11.11 26.557
-0.259 0.966 -0.035 -0.999 20.9745 11.50 27.17
0 1 -0.375 -0.927 19.7396 11.52 25.674
0.259 0.966 -0.469 -0.883 17.9857 11.66 25.482
0.5 0.866 -0.559 -0.829 18.1181 11.39 24.185
0.707 0.707 -0.643 -0.766 16.5957 11.14 22.487
0.866 0.5 -0.719 -0.695 15.768 11.07 23.889
0.966 0.259 -0.766 -0.643 12.9072 11.08 15.133
1 0 -0.829 -0.559 8.5226 10.86 13.463
0.966 -0.259 -0.866 -0.5 8.7711 10.53 4.6185
0.866 -0.5 -0.866 -0.5 11.1511 10.32 7.5987
0.707 -0.707 -0.883 -0.47 12.5576 10.60 8.7208
0.5 -0.866 -0.914 -0.407 12.9776 10.82 11.695
0.259 -0.966 -0.951 -0.309 13.9173 10.57 19.861
0 -1 -0.97 -0.242 13.6226 9.99 20.09
-0.259 -0.966 -0.951 -0.309 13.2512 9.79 15.396
-0.5 -0.866 -0.914 -0.407 13.2667 9.65 13.851
-0.707 -0.707 -0.866 -0.5 12.3668 9.65 11.076
-0.866 -0.5 -0.743 -0.669 11.9648 10.28 10.776
-0.966 -0.259 -0.53 -0.848 13.0858 11.08 11.007
-1 0 -0.407 -0.914 15.3019 11.38 10.847
-0.966 0.259 -0.375 -0.927 17.4982 11.60 13.341
-0.866 0.5 -0.309 -0.951 19.2954 11.56 17.374
-0.707 0.707 -0.242 -0.97 20.994 11.99 21.011
-0.5 0.866 -0.309 -0.951 21.2983 12.65 25.143
-0.259 0.966 -0.438 -0.899 20.9745 13.04 24.672
0 1 -0.469 -0.883 19.7396 13.67 25.129
0.259 0.966 -0.559 -0.829 17.9857 13.33 22.374
0.5 0.866 -0.643 -0.766 18.1181 13.13 21.717
0.707 0.707 -0.719 -0.695 16.5957 13.06 23.831
0.866 0.5 -0.743 -0.669 15.768 12.62 19.868
0.966 0.259 -0.788 -0.616 12.9072 12.33 20.757
1 0 -0.809 -0.588 8.5226 12.28 19.122
0.966 -0.259 -0.848 -0.53 8.7711 12.22 19.932
0.866 -0.5 -0.883 -0.47 11.1511 12.29 21.851
0.707 -0.707 -0.883 -0.47 12.5576 12.40 25.181
0.5 -0.866 -0.899 -0.438 12.9776 12.02 22.742
0.259 -0.966 -0.914 -0.407 13.9173 11.76 19.589
0 -1 -0.914 -0.407 13.6226 11.32 20.083
-0.259 -0.966 -0.883 -0.47 13.2512 11.10 23.557
-0.5 -0.866 -0.809 -0.588 13.2667 11.13 27.052
-0.707 -0.707 -0.695 -0.719 12.3668 11.13 24.541
-0.866 -0.5 -0.559 -0.829 11.9648 11.17 26.046
-0.966 -0.259 -0.438 -0.899 13.0858 11.45 27.055
-1 0 -0.309 -0.951 15.3019 11.88 25.407
-0.966 0.259 -0.208 -0.978 17.4982 12.03 28.556
-0.866 0.5 -0.139 -0.99 19.2954 12.24 30.069
-0.707 0.707 -0.208 -0.978 20.994 12.86 29.943
-0.5 0.866 -0.342 -0.94 21.2983 13.65 29.354
-0.259 0.966 -0.407 -0.914 20.9745 13.64 30.479
0 1 -0.407 -0.914 19.7396 14.09 30.38
0.259 0.966 -0.5 -0.866 17.9857 13.46 29.719
0.5 0.866 -0.559 -0.829 18.1181 13.11 24.441
0.707 0.707 -0.643 -0.766 16.5957 13.16 28.608
0.866 0.5 -0.719 -0.695 15.768 13.32 21.07
0.966 0.259 -0.766 -0.643 12.9072 13.69 16.639
1 0 -0.788 -0.616 8.5226 13.69 10.72
0.966 -0.259 -0.809 -0.588 8.7711 13.43 5.0781
0.866 -0.5 -0.809 -0.588 11.1511 12.33 18.332
0.707 -0.707 -0.829 -0.559 12.5576 11.66 16.795
0.259 -0.966 -0.848 -0.53 13.9173 11.51 17.792
0 -1 -0.848 -0.53 13.6226 11.44 15.541
-0.259 -0.966 -0.788 -0.616 13.2512 10.77 16.236
-0.5 -0.866 -0.643 -0.766 13.2667 10.43 14.589
-0.707 -0.707 -0.5 -0.866 12.3668 10.39 13.033
-0.866 -0.5 -0.407 -0.914 11.9648 10.48 11.943
-0.966 -0.259 -0.309 -0.951 13.0858 10.81 12.515
-1 0 -0.242 -0.97 15.3019 11.19 13.783
-0.966 0.259 -0.208 -0.978 17.4982 11.45 14.763
-0.259 0.966 -0.242 -0.97 20.9745 11.49 13.258
0.707 0.707 -0.407 -0.914 16.5957 10.77 11.995
0.866 0.5 -0.5 -0.866 15.768 10.52 12.984
0.966 0.259 -0.588 -0.809 12.9072 10.54 12.083
1 0 -0.616 -0.788 8.5226 10.30 5.8292
0.966 -0.259 -0.643 -0.766 8.7711 9.69 10.706
0.866 -0.5 -0.695 -0.719 11.1511 9.03 11.828
0.707 -0.707 -0.669 -0.743 12.5576 8.63 21.485
0.259 -0.966 -0.53 -0.848 13.9173 8.30 13.652
0 -1 -0.407 -0.914 13.6226 7.79 14.794
-0.259 -0.966 -0.139 -0.99 13.2512 7.35 17.188
-0.5 -0.866 0.174 -0.985 13.2667 7.66 20.576
-0.707 -0.707 0.208 -0.978 12.3668 8.49 17.87
-0.866 -0.5 0 -1 11.9648 9.21 18.617
-0.966 -0.259 -0.07 -0.998 13.0858 8.50 20.672
-1 0 0.139 -0.99 15.3019 7.58 23.295
-0.966 0.259 0.342 -0.94 17.4982 7.41 22.346
-0.866 0.5 0.309 -0.951 19.2954 7.86 23.618
-0.707 0.707 0.208 -0.978 20.994 8.86 24.965
-0.5 0.866 0 -1 21.2983 10.23 24.009
-0.259 0.966 -0.242 -0.97 20.9745 11.79 23.938
0 1 -0.276 -0.961 19.7396 9.85 23.735
0.259 0.966 -0.469 -0.883 17.9857 8.86 22.624
0.5 0.866 -0.719 -0.695 18.1181 8.73 22.731
0.707 0.707 -0.866 -0.5 16.5957 8.73 22.554
0.866 0.5 -0.94 -0.342 15.768 8.83 19.389
0.966 0.259 -0.951 -0.309 12.9072 9.06 18.666
1 0 -0.951 -0.309 8.5226 9.30 8.6175
0.966 -0.259 -0.97 -0.242 8.7711 9.26 12.003
0.866 -0.5 -0.978 -0.208 11.1511 9.18 15.774
0.707 -0.707 -0.97 -0.242 12.5576 9.01 15.008
0.259 -0.966 -0.927 -0.375 13.9173 8.29 15.007
0 -1 -0.866 -0.5 13.6226 8.15 10.987
-0.259 -0.966 -0.788 -0.616 13.2512 8.17 10.334
-0.5 -0.866 -0.766 -0.643 13.2667 8.21 12.484
-0.707 -0.707 -0.809 -0.588 12.3668 8.35 13.177
-0.866 -0.5 -0.809 -0.588 11.9648 8.63 14.117
-0.966 -0.259 -0.719 -0.695 13.0858 8.86 14.434
-1 0 -0.53 -0.848 15.3019 9.32 13.385
-0.966 0.259 -0.375 -0.927 17.4982 10.15 14.359
-0.866 0.5 -0.276 -0.961 19.2954 11.27 15.22
-0.707 0.707 -0.139 -0.99 20.994 12.47 14.872
-0.5 0.866 -0.035 -0.999 21.2983 12.03 15.165
-0.259 0.966 -0.035 -0.999 20.9745 11.27 16.133
0 1 -0.438 -0.899 19.7396 10.93 14.908
0.259 0.966 -0.53 -0.848 17.9857 10.95 14.775
0.5 0.866 -0.588 -0.809 18.1181 11.01 12.035
0.707 0.707 -0.616 -0.788 16.5957 11.46 11.85
0.866 0.5 -0.616 -0.788 15.768 11.94 10.385
0.966 0.259 -0.616 -0.788 12.9072 12.14 9.5998
1 0 -0.643 -0.766 8.5226 11.98 10.14
0.966 -0.259 -0.669 -0.743 8.7711 11.51 8.5262
0.866 -0.5 -0.669 -0.743 11.1511 11.09 7.8569
0.707 -0.707 -0.643 -0.766 12.5576 10.41 9.2763
0.5 -0.866 -0.588 -0.809 12.9776 9.68 8.1124
0.259 -0.966 -0.616 -0.788 13.9173 8.94 9.4794
0 -1 -0.643 -0.766 13.6226 8.56 15.005
-0.259 -0.966 -0.616 -0.788 13.2512 8.47 13.947
-0.5 -0.866 -0.53 -0.848 13.2667 8.25 13.716
-0.707 -0.707 -0.53 -0.848 12.3668 8.05 7.6206
-0.866 -0.5 -0.438 -0.899 11.9648 8.10 8.1059
-0.966 -0.259 -0.342 -0.94 13.0858 8.32 9.6152
-1 0 -0.276 -0.961 15.3019 8.54 9.7018
-0.966 0.259 -0.276 -0.961 17.4982 8.75 10.777
-0.866 0.5 -0.276 -0.961 19.2954 8.95 13.746
-0.707 0.707 -0.242 -0.97 20.994 9.42 15.131
-0.5 0.866 -0.242 -0.97 21.2983 10.31 16.053
-0.259 0.966 -0.309 -0.951 20.9745 11.31 15.918
0 1 -0.342 -0.94 19.7396 11.33 14.609
0.259 0.966 -0.407 -0.914 17.9857 11.74 12.176
0.5 0.866 -0.5 -0.866 18.1181 12.09 10.958
0.707 0.707 -0.559 -0.829 16.5957 11.88 10.31
0.866 0.5 -0.643 -0.766 15.768 11.57 10.015
0.966 0.259 -0.695 -0.719 12.9072 11.00 9.9534
1 0 -0.743 -0.669 8.5226 10.47 12.11
0.966 -0.259 -0.809 -0.588 8.7711 10.44 10.9
0.866 -0.5 -0.829 -0.559 11.1511 10.45 6.709
0.707 -0.707 -0.866 -0.5 12.5576 10.20 7.3231
0.5 -0.866 -0.848 -0.53 12.9776 9.85 10.429
0.259 -0.966 -0.848 -0.53 13.9173 9.49 8.6482
0 -1 -0.829 -0.559 13.6226 9.13 6.3993
-0.259 -0.966 -0.766 -0.643 13.2512 8.77 13.019
-0.5 -0.866 -0.695 -0.719 13.2667 8.58 12.917
-0.707 -0.707 -0.695 -0.719 12.3668 8.41 10.314
-0.866 -0.5 -0.669 -0.743 11.9648 8.47 6.7564
-0.966 -0.259 -0.559 -0.829 13.0858 8.61 5.5677
-1 0 -0.469 -0.883 15.3019 9.02 5.965
-0.966 0.259 -0.375 -0.927 17.4982 9.54 12.851
-0.866 0.5 -0.276 -0.961 19.2954 9.90 16.255
-0.707 0.707 -0.208 -0.978 20.994 9.75 16.401
-0.5 0.866 -0.208 -0.978 21.2983 9.69 16.635
-0.259 0.966 -0.276 -0.961 20.9745 9.65 16.004
0 1 -0.242 -0.97 19.7396 12.44 16.6
0.259 0.966 -0.309 -0.951 17.9857 11.98 15.467
0.5 0.866 -0.375 -0.927 18.1181 11.35 15.456
0.707 0.707 -0.438 -0.899 16.5957 10.63 11.48
0.866 0.5 -0.5 -0.866 15.768 10.20 12.932
0.966 0.259 -0.559 -0.829 12.9072 10.12 8.1887
1 0 -0.588 -0.809 8.5226 9.90 0.6491
0.866 -0.5 -0.643 -0.766 11.1511 9.31 7.1562
0.707 -0.707 -0.669 -0.743 12.5576 9.28 9.0233
0.5 -0.866 -0.743 -0.669 12.9776 8.95 11.334
0.259 -0.966 -0.766 -0.643 13.9173 8.77 15.409
0 -1 -0.766 -0.643 13.6226 8.53 10.068
-0.259 -0.966 -0.743 -0.669 13.2512 8.28 8.253
-0.5 -0.866 -0.695 -0.719 13.2667 8.12 6.075
-0.707 -0.707 -0.643 -0.766 12.3668 8.01 16.141
-0.866 -0.5 -0.53 -0.848 11.9648 8.09 10.831
-0.966 -0.259 -0.342 -0.94 13.0858 8.19 14.576
-1 0 -0.139 -0.99 15.3019 8.74 19.184
-0.966 0.259 -0.104 -0.995 17.4982 9.13 21.647
-0.866 0.5 -0.035 -0.999 19.2954 9.85 25.369
-0.707 0.707 -0.035 -0.999 20.994 10.58 26.205
-0.5 0.866 -0.07 -0.998 21.2983 11.17 27.235
-0.259 0.966 -0.174 -0.985 20.9745 11.57 27.598
0 1 -0.07 -0.998 19.7396 11.24 28.578
0.259 0.966 -0.208 -0.978 17.9857 11.55 24.977
0.5 0.866 -0.342 -0.94 18.1181 11.52 22.427
0.707 0.707 -0.438 -0.899 16.5957 11.68 17.828
0.866 0.5 -0.53 -0.848 15.768 11.73 20.928
0.966 0.259 -0.643 -0.766 12.9072 11.71 17.163
1 0 -0.695 -0.719 8.5226 11.62 17.042
0.966 -0.259 -0.788 -0.616 8.7711 11.00 19.02
0.866 -0.5 -0.848 -0.53 11.1511 10.68 16.862
0.707 -0.707 -0.883 -0.47 12.5576 10.30 15.691
0.5 -0.866 -0.883 -0.47 12.9776 10.14 8.6618
0.259 -0.966 -0.829 -0.559 13.9173 10.15 9.7661
0 -1 -0.788 -0.616 13.6226 10.12 9.9988
-0.259 -0.966 -0.743 -0.669 13.2512 9.88 9.4469
-0.5 -0.866 -0.695 -0.719 13.2667 9.44 11.338
-0.707 -0.707 -0.643 -0.766 12.3668 9.03 12.356
-0.866 -0.5 -0.559 -0.829 11.9648 8.83 12.177
-0.966 -0.259 -0.469 -0.883 13.0858 8.80 10.006
-1 0 -0.407 -0.914 15.3019 8.99 9.3171
-0.966 0.259 -0.375 -0.927 17.4982 9.22 8.6366
-0.866 0.5 -0.375 -0.927 19.2954 9.51 10.792
-0.707 0.707 -0.309 -0.951 20.994 9.79 17.042
-0.5 0.866 -0.309 -0.951 21.2983 10.60 18.364
-0.259 0.966 -0.407 -0.914 20.9745 11.62 16.616
0 1 0.105 -0.995 19.7396 9.36 12.931
0.259 0.966 0.105 -0.995 17.9857 9.34 12.281
0.5 0.866 0.07 -0.998 18.1181 8.94 15.006
0.707 0.707 0 -1 16.5957 8.52 11.961
0.866 0.5 -0.242 -0.97 15.768 8.38 11.248
0.966 0.259 -0.53 -0.848 12.9072 8.68 11.712
1 0 -0.719 -0.695 8.5226 9.19 9.9581
0.966 -0.259 -0.809 -0.588 8.7711 9.73 10.627
0.866 -0.5 -0.866 -0.5 11.1511 10.01 14.288
0.707 -0.707 -0.866 -0.5 12.5576 9.96 14.99
0.5 -0.866 -0.866 -0.5 12.9776 9.82 16.781
0.259 -0.966 -0.866 -0.5 13.9173 9.63 17.315
0 -1 -0.899 -0.438 13.6226 9.46 18.893
-0.259 -0.966 -0.899 -0.438 13.2512 9.14 19.141
-0.5 -0.866 -0.866 -0.5 13.2667 8.78 13.372
-0.707 -0.707 -0.743 -0.669 12.3668 8.63 7.0471
-0.866 -0.5 -0.5 -0.866 11.9648 8.77 5.6834
-0.966 -0.259 -0.208 -0.978 13.0858 9.39 6.1033
-1 0 -0.035 -0.999 15.3019 10.30 14.78
-0.966 0.259 0.035 -0.999 17.4982 10.82 19.489
-0.866 0.5 0 -1 19.2954 11.34 23.153
-0.707 0.707 -0.035 -0.999 20.994 12.12 26.576
-0.5 0.866 -0.07 -0.998 21.2983 12.92 28.329
-0.259 0.966 -0.174 -0.985 20.9745 13.25 28.542
0 1 0.07 -0.998 19.7396 10.80 28.801
0.259 0.966 -0.035 -0.999 17.9857 10.45 25.634
0.5 0.866 -0.139 -0.99 18.1181 10.26 21.726
0.707 0.707 -0.242 -0.97 16.5957 10.13 18.854
0.866 0.5 -0.342 -0.94 15.768 9.91 4.7437
0.966 0.259 -0.375 -0.927 12.9072 9.89 4.1665
1 0 -0.407 -0.914 8.5226 9.83 5.1238
0.966 -0.259 -0.407 -0.914 8.7711 9.81 5.0394
0.866 -0.5 -0.469 -0.883 11.1511 9.60 9.7412
0.707 -0.707 -0.5 -0.866 12.5576 9.53 7.4075
0.5 -0.866 -0.53 -0.848 12.9776 9.50 14.028
0.259 -0.966 -0.559 -0.829 13.9173 9.40 14.048
0 -1 -0.643 -0.766 13.6226 8.95 16.63
-0.259 -0.966 -0.695 -0.719 13.2512 8.49 13.453
-0.5 -0.866 -0.669 -0.743 13.2667 8.40 14.485
-0.707 -0.707 -0.616 -0.788 12.3668 8.54 14.116
-0.866 -0.5 -0.53 -0.848 11.9648 8.92 16.34
-0.966 -0.259 -0.375 -0.927 13.0858 9.32 19.317
-1 0 -0.208 -0.978 15.3019 9.88 19.711
-0.966 0.259 -0.035 -0.999 17.4982 10.00 22.588
-0.866 0.5 0.07 -0.998 19.2954 10.32 27.759
-0.707 0.707 0.105 -0.995 20.994 10.61 26.037
-0.5 0.866 0.139 -0.99 21.2983 10.93 28.54
-0.259 0.966 0.139 -0.99 20.9745 11.08 28.689
0.259 0.966 -0.438 -0.899 17.9857 13.39 30.207
0.5 0.866 -0.53 -0.848 18.1181 13.72 29.892
0.707 0.707 -0.616 -0.788 16.5957 14.02 27.115
0.866 0.5 -0.559 -0.829 15.768 14.24 21.016
0.966 0.259 -0.616 -0.788 12.9072 12.97 17.494
1 0 -0.695 -0.719 8.5226 12.27 0.89794
0.966 -0.259 -0.743 -0.669 8.7711 11.64 9.5909
0.866 -0.5 -0.809 -0.588 11.1511 10.95 20.905
0.707 -0.707 -0.848 -0.53 12.5576 10.19 15.988
0.5 -0.866 -0.883 -0.47 12.9776 9.73 15.915
0.259 -0.966 -0.899 -0.438 13.9173 10.19 12.551
0 -1 -0.848 -0.53 13.6226 11.17 13.028
-0.259 -0.966 -0.695 -0.719 13.2512 11.23 8.8991
-0.5 -0.866 -0.616 -0.788 13.2667 10.56 13.784
-0.707 -0.707 -0.5 -0.866 12.3668 10.48 11.734
-0.866 -0.5 -0.375 -0.927 11.9648 10.26 11.376
-0.966 -0.259 -0.276 -0.961 13.0858 10.45 11.396
-1 0 -0.174 -0.985 15.3019 10.88 15.932
-0.966 0.259 -0.07 -0.998 17.4982 11.16 15.637
-0.866 0.5 0 -1 19.2954 11.53 17.2
-0.707 0.707 -0.07 -0.998 20.994 11.71 16.789
-0.5 0.866 -0.174 -0.985 21.2983 11.87 14.522
-0.259 0.966 -0.309 -0.951 20.9745 12.13 21.337
0 1 -0.588 -0.809 19.7396 13.00 24.268
0.259 0.966 -0.643 -0.766 17.9857 13.51 24.551
0.5 0.866 -0.669 -0.743 18.1181 12.99 23.192
0.707 0.707 -0.719 -0.695 16.5957 12.35 21.962
0.866 0.5 -0.695 -0.719 15.768 11.79 16.892
0.966 0.259 -0.669 -0.743 12.9072 11.77 17.801
1 0 -0.643 -0.766 8.5226 12.34 15.198
0.966 -0.259 -0.695 -0.719 8.7711 12.77 14.279
0.866 -0.5 -0.829 -0.559 11.1511 12.71 17.203
0.707 -0.707 -0.883 -0.47 12.5576 12.28 15.463
0.5 -0.866 -0.899 -0.438 12.9776 11.88 15.543
0.259 -0.966 -0.927 -0.375 13.9173 11.29 18.177
0 -1 -0.914 -0.407 13.6226 10.84 16.995
-0.259 -0.966 -0.848 -0.53 13.2512 10.30 13.203
-0.5 -0.866 -0.669 -0.743 13.2667 10.05 18.258
-0.707 -0.707 -0.5 -0.866 12.3668 9.89 17.914
-0.866 -0.5 -0.309 -0.951 11.9648 10.04 13.048
-0.966 -0.259 -0.174 -0.985 13.0858 10.49 15.898
-1 0 -0.139 -0.99 15.3019 11.23 20.441
-0.966 0.259 -0.104 -0.995 17.4982 11.71 22.525
-0.866 0.5 -0.104 -0.995 19.2954 12.43 24.137
-0.707 0.707 -0.174 -0.985 20.994 13.30 23.487
-0.5 0.866 -0.309 -0.951 21.2983 14.15 19.543
-0.259 0.966 -0.5 -0.866 20.9745 14.91 20.181
0 1 -0.276 -0.961 19.7396 12.60 20.71
0.259 0.966 -0.342 -0.94 17.9857 12.34 16.053
0.5 0.866 -0.375 -0.927 18.1181 11.81 16.252
0.707 0.707 -0.469 -0.883 16.5957 11.02 12.967
0.866 0.5 -0.53 -0.848 15.768 10.24 14.919
0.966 0.259 -0.559 -0.829 12.9072 10.40 12.314
1 0 -0.559 -0.829 8.5226 10.45 1.972
0.866 -0.5 -0.5 -0.866 11.1511 11.23 3.8344
0.707 -0.707 -0.616 -0.788 12.5576 12.19 8.9328
0.5 -0.866 -0.719 -0.695 12.9776 12.18 13.277
0.259 -0.966 -0.766 -0.643 13.9173 11.95 15.564
0 -1 -0.809 -0.588 13.6226 11.69 17.505
-0.259 -0.966 -0.809 -0.588 13.2512 11.51 19.106
-0.5 -0.866 -0.743 -0.669 13.2667 11.07 13.794
-0.707 -0.707 -0.643 -0.766 12.3668 10.63 13.429
-0.866 -0.5 -0.469 -0.883 11.9648 10.41 15.458
-0.966 -0.259 -0.309 -0.951 13.0858 10.36 17.489
-1 0 -0.174 -0.985 15.3019 10.57 22.861
-0.966 0.259 -0.07 -0.998 17.4982 10.91 25.485
-0.866 0.5 -0.07 -0.998 19.2954 11.40 29.049
-0.707 0.707 -0.104 -0.995 20.994 12.13 30.434
-0.5 0.866 -0.174 -0.985 21.2983 12.74 29.275
-0.259 0.966 -0.309 -0.951 20.9745 13.25 27.933
0 1 -0.139 -0.99 19.7396 12.08 28.471
0.259 0.966 -0.276 -0.961 17.9857 12.05 24.374
0.5 0.866 -0.407 -0.914 18.1181 11.96 22.66
0.707 0.707 -0.53 -0.848 16.5957 11.78 19.565
0.866 0.5 -0.616 -0.788 15.768 11.52 22.499
0.966 0.259 -0.695 -0.719 12.9072 11.43 23.691
1 0 -0.743 -0.669 8.5226 11.35 4.3176
0.966 -0.259 -0.809 -0.588 8.7711 11.12 3.4385
0.866 -0.5 -0.883 -0.47 11.1511 11.03 12.735
0.707 -0.707 -0.899 -0.438 12.5576 10.83 19.299
0.5 -0.866 -0.899 -0.438 12.9776 10.84 16.472
0.259 -0.966 -0.899 -0.438 13.9173 10.69 11.336
0 -1 -0.914 -0.407 13.6226 10.27 13.203
-0.259 -0.966 -0.883 -0.47 13.2512 10.08 9.9772
-0.5 -0.866 -0.788 -0.616 13.2667 9.89 11.124
-0.707 -0.707 -0.669 -0.743 12.3668 9.58 7.944
-0.866 -0.5 -0.469 -0.883 11.9648 9.38 6.1784
-0.966 -0.259 -0.309 -0.951 13.0858 9.46 9.323
-1 0 -0.174 -0.985 15.3019 9.74 13.338
-0.966 0.259 -0.07 -0.998 17.4982 10.08 15.814
-0.866 0.5 -0.035 -0.999 19.2954 10.41 15.756
-0.707 0.707 -0.035 -0.999 20.994 10.64 17.824
-0.5 0.866 -0.035 -0.999 21.2983 10.93 18.252
-0.259 0.966 -0.139 -0.99 20.9745 11.08 21.281
0 1 -0.07 -0.998 19.7396 11.41 19.692
0.259 0.966 -0.242 -0.97 17.9857 11.41 14.39
0.5 0.866 -0.375 -0.927 18.1181 11.20 13.587
0.707 0.707 -0.5 -0.866 16.5957 10.86 18.348
0.866 0.5 -0.643 -0.766 15.768 10.54 10.888
0.966 0.259 -0.788 -0.616 12.9072 10.37 9.7666
1 0 -0.866 -0.5 8.5226 10.27 5.8417
0.966 -0.259 -0.914 -0.407 8.7711 10.17 8.3883
0.866 -0.5 -0.914 -0.407 11.1511 10.12 7.8412
0.707 -0.707 -0.883 -0.47 12.5576 10.13 8.5095
0.5 -0.866 -0.866 -0.5 12.9776 10.08 8.4412
0.259 -0.966 -0.883 -0.47 13.9173 9.68 9.5969
0 -1 -0.899 -0.438 13.6226 9.45 8.4836
-0.259 -0.966 -0.883 -0.47 13.2512 8.90 9.2506
-0.5 -0.866 -0.809 -0.588 13.2667 8.63 6.7987
-0.707 -0.707 -0.743 -0.669 12.3668 8.62 7.299
-0.866 -0.5 -0.669 -0.743 11.9648 8.91 8.2333
-0.966 -0.259 -0.559 -0.829 13.0858 9.21 13.098
-1 0 -0.407 -0.914 15.3019 9.34 14.662
-0.966 0.259 -0.276 -0.961 17.4982 9.65 14.174
-0.866 0.5 -0.139 -0.99 19.2954 10.14 11.745
-0.707 0.707 -0.07 -0.998 20.994 10.71 14.862
-0.5 0.866 -0.07 -0.998 21.2983 11.09 14.787
-0.259 0.966 -0.104 -0.995 20.9745 11.36 15.49
0 1 -0.242 -0.97 23.721 10.49 13.022
0.259 0.966 -0.309 -0.951 22.6249 10.60 13.301
0.5 0.866 -0.375 -0.927 21.3543 10.50 13.125
0.707 0.707 -0.559 -0.829 20.207 9.96 21.535
0.866 0.5 -0.695 -0.719 17.2063 9.60 18.803
0.966 0.259 -0.743 -0.669 9.986 9.35 21.504
1 0 -0.788 -0.616 6.9144 9.09 18.892
0.966 -0.259 -0.829 -0.559 6.0482 8.70 14.655
0.866 -0.5 -0.848 -0.53 11.8962 8.48 17.972
0.707 -0.707 -0.899 -0.438 15.7139 8.35 17.754
0.5 -0.866 -0.94 -0.342 18.2022 8.35 14.043
0.259 -0.966 -0.978 -0.208 17.159 8.35 11.321
0 -1 -0.978 -0.208 15.1201 8.43 11.644
-0.259 -0.966 -0.951 -0.309 13.4675 8.43 10.279
-0.5 -0.866 -0.883 -0.47 14.1008 8.31 9.4464
-0.707 -0.707 -0.743 -0.669 14.2559 8.41 10.402
-0.866 -0.5 -0.559 -0.829 14.5378 8.54 9.1903
-0.966 -0.259 -0.342 -0.94 15.5136 8.90 7.4111
-1 0 -0.104 -0.995 16.9735 9.48 9.5849
-0.966 0.259 0 -1 20.2834 10.19 9.98
-0.866 0.5 0 -1 23.3016 10.95 14.094
-0.707 0.707 0 -1 24.8576 11.57 11.309
-0.5 0.866 -0.035 -0.999 25.9692 12.06 13.477
-0.259 0.966 -0.139 -0.99 25.3225 12.32 16.055
0 1 0.07 -0.998 23.721 10.69 19.956
0.259 0.966 0 -1 22.6249 10.81 17.66
0.5 0.866 -0.104 -0.995 21.3543 10.80 15.775
0.707 0.707 -0.242 -0.97 20.207 10.57 19.356
0.866 0.5 -0.469 -0.883 17.2063 10.39 18.287
0.966 0.259 -0.669 -0.743 9.986 10.33 21.667
1 0 -0.809 -0.588 6.9144 10.65 7.8483
0.966 -0.259 -0.848 -0.53 6.0482 10.84 8.5896
0.866 -0.5 -0.848 -0.53 11.8962 10.45 8.8038
0.707 -0.707 -0.866 -0.5 15.7139 9.98 10.798
0.5 -0.866 -0.899 -0.438 18.2022 9.59 12.194
0.259 -0.966 -0.927 -0.375 17.159 9.24 11.465
0 -1 -0.914 -0.407 15.1201 8.92 7.9789
-0.259 -0.966 -0.883 -0.47 13.4675 8.70 9.6723
-0.5 -0.866 -0.848 -0.53 14.1008 8.38 10.247
-0.707 -0.707 -0.766 -0.643 14.2559 7.70 12.587
-0.866 -0.5 -0.669 -0.743 14.5378 7.66 18.595
-0.966 -0.259 -0.53 -0.848 15.5136 8.32 26.231
-1 0 -0.276 -0.961 16.9735 10.03 26.278
-0.966 0.259 -0.104 -0.995 20.2834 10.79 29.628
-0.866 0.5 0.035 -0.999 23.3016 11.23 28.629
-0.707 0.707 0.035 -0.999 24.8576 11.72 29.168
-0.5 0.866 0.035 -0.999 25.9692 11.95 31.171
-0.259 0.966 -0.035 -0.999 25.3225 11.98 29.842
0 1 -0.104 -0.995 23.721 12.39 28.262
0.259 0.966 -0.139 -0.99 22.6249 12.47 28.295
0.5 0.866 -0.104 -0.995 21.3543 12.13 26.591
0.707 0.707 -0.104 -0.995 20.207 11.33 27.91
0.866 0.5 -0.208 -0.978 17.2063 10.94 23.117
0.966 0.259 -0.276 -0.961 9.986 10.44 8.2765
1 0 -0.309 -0.951 6.9144 9.74 1.9019
0.966 -0.259 -0.342 -0.94 6.0482 9.22 2.2651
0.866 -0.5 -0.342 -0.94 11.8962 8.85 14.544
0.707 -0.707 -0.342 -0.94 15.7139 8.53 21.02
0.5 -0.866 -0.342 -0.94 18.2022 8.42 17.66
0.259 -0.966 -0.438 -0.899 17.159 8.08 14.572
0 -1 -0.5 -0.866 15.1201 7.93 12.701
-0.259 -0.966 -0.53 -0.848 13.4675 7.97 10.705
-0.5 -0.866 -0.5 -0.866 14.1008 7.88 14.041
-0.707 -0.707 -0.342 -0.94 14.2559 7.75 16.321
-0.866 -0.5 -0.104 -0.995 14.5378 7.89 15.522
-0.966 -0.259 0.174 -0.985 15.5136 8.42 18.895
-1 0 0.309 -0.951 16.9735 9.30 20.746
-0.966 0.259 0.342 -0.94 20.2834 9.88 22.879
-0.866 0.5 0.309 -0.951 23.3016 10.29 23.604
-0.707 0.707 0.242 -0.97 24.8576 10.69 28.216
-0.5 0.866 0.174 -0.985 25.9692 11.03 28.989
-0.259 0.966 0.105 -0.995 25.3225 11.07 29.22
0 1 0 -1 23.721 11.43 29.441
0.259 0.966 -0.104 -0.995 22.6249 11.30 29.199
0.5 0.866 -0.242 -0.97 21.3543 11.23 28.994
0.707 0.707 -0.375 -0.927 20.207 10.99 27.385
0.866 0.5 -0.5 -0.866 17.2063 10.88 19.628
0.966 0.259 -0.53 -0.848 9.986 11.05 12.14
1 0 -0.559 -0.829 6.9144 11.10 2.7498
0.966 -0.259 -0.588 -0.809 6.0482 11.05 3.3751
0.866 -0.5 -0.616 -0.788 11.8962 10.92 12.899
0.707 -0.707 -0.669 -0.743 15.7139 10.55 12.892
0.5 -0.866 -0.766 -0.643 18.2022 10.01 23.84
0.259 -0.966 -0.848 -0.53 17.159 9.79 15.864
0 -1 -0.866 -0.5 15.1201 9.81 20.617
-0.259 -0.966 -0.829 -0.559 13.4675 9.62 15.911
-0.5 -0.866 -0.695 -0.719 14.1008 9.75 19.049
-0.707 -0.707 -0.559 -0.829 14.2559 9.41 22.532
-0.866 -0.5 -0.375 -0.927 14.5378 9.24 25.725
-0.966 -0.259 -0.139 -0.99 15.5136 9.35 26.412
-1 0 0.035 -0.999 16.9735 9.59 24.843
-0.966 0.259 0.07 -0.998 20.2834 9.97 30.352
-0.866 0.5 0.035 -0.999 23.3016 10.15 25.556
-0.707 0.707 0.035 -0.999 24.8576 10.20 30.055
-0.5 0.866 0.035 -0.999 25.9692 10.20 31.266
-0.259 0.966 0 -1 25.3225 10.29 31.13
0.259 0.966 -0.5 -0.866 22.6249 11.50 30.024
0.5 0.866 -0.559 -0.829 21.3543 11.47 27.617
0.707 0.707 -0.616 -0.788 20.207 11.44 25.532
0.866 0.5 -0.616 -0.788 17.2063 11.49 17.965
0.966 0.259 -0.616 -0.788 9.986 11.70 2.3685
1 0 -0.669 -0.743 6.9144 11.55 1.9039
0.966 -0.259 -0.669 -0.743 6.0482 11.20 0.94234
0.866 -0.5 -0.695 -0.719 11.8962 10.98 10.557
0.707 -0.707 -0.719 -0.695 15.7139 10.97 18.244
0.5 -0.866 -0.695 -0.719 18.2022 11.36 19.007
0.259 -0.966 -0.695 -0.719 17.159 10.95 20.992
0 -1 -0.695 -0.719 15.1201 10.63 14.935
-0.259 -0.966 -0.669 -0.743 13.4675 10.39 12.765
-0.5 -0.866 -0.616 -0.788 14.1008 10.44 15.667
-0.707 -0.707 -0.53 -0.848 14.2559 10.37 13.775
-0.866 -0.5 -0.438 -0.899 14.5378 10.44 8.3243
-0.966 -0.259 -0.309 -0.951 15.5136 10.26 4.0584
-1 0 -0.174 -0.985 16.9735 10.63 4.0059
-0.966 0.259 -0.035 -0.999 20.2834 10.94 13.882
-0.866 0.5 0.035 -0.999 23.3016 11.20 19.949
-0.707 0.707 0.07 -0.998 24.8576 11.69 22.773
-0.5 0.866 0.035 -0.999 25.9692 12.08 25.645
-0.259 0.966 -0.07 -0.998 25.3225 12.47 20.453
0 1 -0.208 -0.978 23.721 11.79 14.913
0.259 0.966 -0.276 -0.961 22.6249 12.04 15.421
0.5 0.866 -0.407 -0.914 21.3543 11.93 14.425
0.707 0.707 -0.53 -0.848 20.207 12.28 14.207
0.866 0.5 -0.53 -0.848 17.2063 13.15 16.226
0.966 0.259 -0.5 -0.866 9.986 13.04 11.566
1 0 -0.616 -0.788 6.9144 12.18 9.6639
0.866 -0.5 -0.743 -0.669 11.8962 11.55 2.7655
0.707 -0.707 -0.766 -0.643 15.7139 11.42 9.2431
0.5 -0.866 -0.809 -0.588 18.2022 11.15 13.888
0.259 -0.966 -0.866 -0.5 17.159 10.75 12.496
0 -1 -0.866 -0.5 15.1201 10.25 11.746
-0.259 -0.966 -0.829 -0.559 13.4675 9.76 10.393
-0.5 -0.866 -0.766 -0.643 14.1008 9.07 10.486
-0.707 -0.707 -0.695 -0.719 14.2559 8.47 8.0955
-0.866 -0.5 -0.559 -0.829 14.5378 8.11 6.4701
-0.966 -0.259 -0.342 -0.94 15.5136 8.03 9.7359
-1 0 -0.139 -0.99 16.9735 8.28 13.05
-0.966 0.259 0.035 -0.999 20.2834 8.66 19.838
-0.866 0.5 0.139 -0.99 23.3016 9.17 20.298
-0.707 0.707 0.174 -0.985 24.8576 9.53 20.778
-0.5 0.866 0.139 -0.99 25.9692 9.88 25.825
-0.259 0.966 0.105 -0.995 25.3225 10.15 22.799
0 1 -0.104 -0.995 23.721 10.39 21.375
0.259 0.966 -0.276 -0.961 22.6249 11.07 23.268
0.5 0.866 -0.407 -0.914 21.3543 11.65 20.171
0.707 0.707 -0.469 -0.883 20.207 11.77 14.713
0.866 0.5 -0.438 -0.899 17.2063 11.78 12.941
0.966 0.259 -0.438 -0.899 9.986 11.63 6.6601
0.866 -0.5 -0.53 -0.848 11.8962 9.46 7.1262
0.707 -0.707 -0.588 -0.809 15.7139 8.70 11.073
0.5 -0.866 -0.669 -0.743 18.2022 8.07 5.5255
0.259 -0.966 -0.719 -0.695 17.159 8.17 4.231
0 -1 -0.643 -0.766 15.1201 9.02 5.509
-0.259 -0.966 -0.559 -0.829 13.4675 9.73 5.9156
-0.5 -0.866 -0.407 -0.914 14.1008 9.67 10.202
-0.707 -0.707 -0.309 -0.951 14.2559 9.51 8.6842
-0.866 -0.5 -0.242 -0.97 14.5378 9.41 6.9931
-0.966 -0.259 -0.139 -0.99 15.5136 9.34 10.606
-1 0 -0.035 -0.999 16.9735 9.40 13.247
-0.966 0.259 0.07 -0.998 20.2834 9.19 18.169
-0.866 0.5 0.139 -0.99 23.3016 9.14 17.385
-0.707 0.707 0.208 -0.978 24.8576 9.32 19.72
-0.5 0.866 0.208 -0.978 25.9692 9.43 21.359
-0.259 0.966 0.174 -0.985 25.3225 9.42 18.09
0 1 -0.104 -0.995 23.721 9.72 25.239
0.259 0.966 -0.139 -0.99 22.6249 9.77 27.095
0.5 0.866 -0.174 -0.985 21.3543 9.85 25.954
0.707 0.707 -0.208 -0.978 20.207 9.58 25.123
0.866 0.5 -0.174 -0.985 17.2063 9.16 23.962
0.966 0.259 -0.139 -0.99 9.986 8.22 20.617
1 0 -0.104 -0.995 6.9144 7.58 18.7
0.966 -0.259 -0.174 -0.985 6.0482 7.10 18.673
0.866 -0.5 -0.309 -0.951 11.8962 6.95 21.108
0.707 -0.707 -0.407 -0.914 15.7139 7.22 18.838
0.5 -0.866 -0.53 -0.848 18.2022 7.80 20.667
0.259 -0.966 -0.588 -0.809 17.159 8.79 21.228
0 -1 -0.588 -0.809 15.1201 9.94 20.898
-0.259 -0.966 -0.559 -0.829 13.4675 10.18 15.74
-0.5 -0.866 -0.5 -0.866 14.1008 10.04 13.064
-0.707 -0.707 -0.375 -0.927 14.2559 10.30 11.047
-0.866 -0.5 -0.208 -0.978 14.5378 10.19 8.3501
-0.966 -0.259 -0.035 -0.999 15.5136 10.36 9.9862
-1 0 0.105 -0.995 16.9735 10.75 9.2548
-0.966 0.259 0.242 -0.97 20.2834 10.90 12.107
-0.866 0.5 0.242 -0.97 23.3016 11.09 18.687
-0.707 0.707 0.174 -0.985 24.8576 11.30 22.731
-0.5 0.866 0.105 -0.995 25.9692 11.52 26.315
-0.259 0.966 0 -1 25.3225 11.70 23.329
0 1 0.242 -0.97 23.721 10.34 26.574
0.259 0.966 0.139 -0.99 22.6249 10.57 26.011
0.5 0.866 0.035 -0.999 21.3543 10.95 24.138
0.707 0.707 -0.035 -0.999 20.207 10.66 18.633
0.866 0.5 -0.139 -0.99 17.2063 10.31 21.699
0.966 0.259 -0.208 -0.978 9.986 9.96 16.268
1 0 -0.276 -0.961 6.9144 9.86 20.852
0.966 -0.259 -0.375 -0.927 6.0482 9.72 6.5381
0.866 -0.5 -0.469 -0.883 11.8962 9.52 5.6485
0.707 -0.707 -0.5 -0.866 15.7139 9.37 13.835
0.5 -0.866 -0.588 -0.809 18.2022 8.98 27.229
0.259 -0.966 -0.643 -0.766 17.159 8.75 23.817
0 -1 -0.695 -0.719 15.1201 8.55 19.441
-0.259 -0.966 -0.695 -0.719 13.4675 8.44 12.668
-0.5 -0.866 -0.643 -0.766 14.1008 8.53 11.256
-0.707 -0.707 -0.5 -0.866 14.2559 8.80 14.58
-0.866 -0.5 -0.309 -0.951 14.5378 9.30 15.866
-0.966 -0.259 -0.104 -0.995 15.5136 9.82 16.867
-1 0 0 -1 16.9735 10.23 19.472
-0.966 0.259 0.07 -0.998 20.2834 10.53 24.608
-0.866 0.5 0.139 -0.99 23.3016 10.94 29.458
-0.707 0.707 0.139 -0.99 24.8576 11.20 29.705
-0.5 0.866 0.139 -0.99 25.9692 11.63 28.658
-0.259 0.966 0.07 -0.998 25.3225 11.90 28.384
0 1 -0.035 -0.999 23.721 11.15 25.188
0.259 0.966 -0.174 -0.985 22.6249 11.58 22.613
0.5 0.866 -0.309 -0.951 21.3543 11.69 27.922
0.707 0.707 -0.407 -0.914 20.207 11.56 25.627
-0.259 0.966 -0.242 -0.97 25.3225 13.17 27.872
0 1 -0.342 -0.94 23.721 12.89 24.876
0.259 0.966 -0.438 -0.899 22.6249 12.95 25.291
0.5 0.866 -0.53 -0.848 21.3543 12.97 26.457
0.707 0.707 -0.616 -0.788 20.207 12.82 22.975
0.866 0.5 -0.643 -0.766 17.2063 12.79 17.382
0.966 0.259 -0.669 -0.743 9.986 12.91 2.6145
1 0 -0.695 -0.719 6.9144 12.83 1.4318
0.966 -0.259 -0.743 -0.669 6.0482 12.30 3.134
0.866 -0.5 -0.766 -0.643 11.8962 11.79 7.9145
0.707 -0.707 -0.788 -0.616 15.7139 11.54 12.174
0.5 -0.866 -0.829 -0.559 18.2022 11.35 10.524
0.259 -0.966 -0.866 -0.5 17.159 11.27 5.9905
0 -1 -0.899 -0.438 15.1201 11.09 8.5935
-0.259 -0.966 -0.883 -0.47 13.4675 11.02 12.111
-0.5 -0.866 -0.809 -0.588 14.1008 10.84 10.454
-0.707 -0.707 -0.719 -0.695 14.2559 10.72 8.8759
-0.866 -0.5 -0.588 -0.809 14.5378 10.79 11.538
-0.966 -0.259 -0.407 -0.914 15.5136 11.06 11.727
-1 0 -0.276 -0.961 16.9735 11.28 12.319
-0.966 0.259 -0.242 -0.97 20.2834 11.34 16.744
-0.866 0.5 -0.208 -0.978 23.3016 11.41 13.553
-0.707 0.707 -0.174 -0.985 24.8576 11.34 14.205
-0.5 0.866 -0.208 -0.978 25.9692 11.37 19.962
-0.259 0.966 -0.276 -0.961 25.3225 11.51 19.127
0 1 0 -1 23.721 10.41 28.105
0.259 0.966 -0.07 -0.998 22.6249 10.46 27.835
0.5 0.866 -0.174 -0.985 21.3543 10.71 22.102
0.707 0.707 -0.342 -0.94 20.207 10.83 19.068
0.866 0.5 -0.469 -0.883 17.2063 10.94 18.751
0.966 0.259 -0.559 -0.829 9.986 11.19 15.709
1 0 -0.643 -0.766 6.9144 11.07 10.892
0.866 -0.5 -0.719 -0.695 11.8962 10.26 3.9408
0.707 -0.707 -0.719 -0.695 15.7139 9.84 10.887
0.5 -0.866 -0.719 -0.695 18.2022 9.46 12.654
0.259 -0.966 -0.766 -0.643 17.159 8.90 14.001
0 -1 -0.809 -0.588 15.1201 8.44 10.625
-0.259 -0.966 -0.848 -0.53 13.4675 8.22 9.0439
-0.5 -0.866 -0.788 -0.616 14.1008 8.37 9.498
-0.707 -0.707 -0.669 -0.743 14.2559 9.02 13.017
-0.866 -0.5 -0.53 -0.848 14.5378 9.35 20.866
-0.966 -0.259 -0.407 -0.914 15.5136 9.62 19.915
-1 0 -0.276 -0.961 16.9735 10.14 18.351
-0.966 0.259 -0.174 -0.985 20.2834 10.53 22.596
-0.866 0.5 -0.104 -0.995 23.3016 10.96 29.6
-0.707 0.707 -0.07 -0.998 24.8576 11.31 28.722
-0.5 0.866 -0.07 -0.998 25.9692 11.62 24.895
-0.259 0.966 -0.07 -0.998 25.3225 11.61 27.167
0 1 -0.174 -0.985 23.721 10.77 23.73
0.259 0.966 -0.276 -0.961 22.6249 11.51 24.887
0.5 0.866 -0.242 -0.97 21.3543 12.94 22.674
0.707 0.707 -0.309 -0.951 20.207 13.38 21.898
0.866 0.5 -0.375 -0.927 17.2063 12.75 17.173
0.966 0.259 -0.438 -0.899 9.986 12.19 13.114
1 0 -0.53 -0.848 6.9144 11.75 10.691
0.966 -0.259 -0.588 -0.809 6.0482 11.08 0.40448
0.866 -0.5 -0.616 -0.788 11.8962 10.63 1.3612
0.707 -0.707 -0.616 -0.788 15.7139 10.20 8.3818
0.5 -0.866 -0.643 -0.766 18.2022 9.89 13.595
0.259 -0.966 -0.669 -0.743 17.159 9.47 13.079
0 -1 -0.743 -0.669 15.1201 9.09 12.496
-0.259 -0.966 -0.743 -0.669 13.4675 8.96 11.52
-0.5 -0.866 -0.719 -0.695 14.1008 9.02 10.884
-0.707 -0.707 -0.643 -0.766 14.2559 9.14 9.4785
-0.866 -0.5 -0.469 -0.883 14.5378 9.34 12.235
-0.966 -0.259 -0.242 -0.97 15.5136 9.64 17.018
-1 0 -0.035 -0.999 16.9735 10.29 16.303
-0.966 0.259 0.07 -0.998 20.2834 10.96 20.638
-0.866 0.5 0.07 -0.998 23.3016 11.56 23.356
-0.707 0.707 0.035 -0.999 24.8576 12.00 26.987
-0.5 0.866 -0.035 -0.999 25.9692 12.29 28.895
-0.259 0.966 -0.104 -0.995 25.3225 12.30 27.902
0 1 -0.276 -0.961 23.721 14.82 24.983
0.259 0.966 -0.375 -0.927 22.6249 14.60 23.976
0.5 0.866 -0.407 -0.914 21.3543 14.40 21.313
0.707 0.707 -0.469 -0.883 20.207 13.79 20.234
0.866 0.5 -0.469 -0.883 17.2063 13.22 13.646
0.966 -0.259 -0.53 -0.848 6.0482 11.06 2.3474
0.866 -0.5 -0.588 -0.809 11.8962 10.34 9.1155
0.707 -0.707 -0.643 -0.766 15.7139 9.61 13.738
0.5 -0.866 -0.719 -0.695 18.2022 8.89 29.239
0.259 -0.966 -0.788 -0.616 17.159 8.36 28.431
0 -1 -0.829 -0.559 15.1201 8.04 19.789
-0.259 -0.966 -0.829 -0.559 13.4675 7.93 16.815
-0.5 -0.866 -0.788 -0.616 14.1008 7.75 14.982
-0.707 -0.707 -0.669 -0.743 14.2559 7.74 17.676
-0.866 -0.5 -0.5 -0.866 14.5378 7.89 14.54
-0.966 -0.259 -0.242 -0.97 15.5136 8.39 15.084
-1 0 -0.07 -0.998 16.9735 9.18 15.347
-0.966 0.259 0.07 -0.998 20.2834 9.86 17.738
-0.866 0.5 0.139 -0.99 23.3016 10.45 28.339
-0.707 0.707 0.139 -0.99 24.8576 10.92 30.262
-0.5 0.866 0.105 -0.995 25.9692 11.25 29.998
-0.259 0.966 0 -1 25.3225 11.47 29.939
0 1 -0.035 -0.999 23.721 12.53 28.904
0.259 0.966 -0.174 -0.985 22.6249 12.47 23.527
0.5 0.866 -0.276 -0.961 21.3543 12.26 24.214
0.707 0.707 -0.342 -0.94 20.207 11.92 20.214
0.866 0.5 -0.469 -0.883 17.2063 11.38 17.086
0.966 0.259 -0.559 -0.829 9.986 10.81 3.8276
1 0 -0.669 -0.743 6.9144 10.48 4.1106
0.966 -0.259 -0.743 -0.669 6.0482 10.19 1.4045
0.866 -0.5 -0.809 -0.588 11.8962 9.94 13.414
0.707 -0.707 -0.848 -0.53 15.7139 9.81 15.155
0.5 -0.866 -0.866 -0.5 18.2022 9.70 12.972
0.259 -0.966 -0.883 -0.47 17.159 9.66 18.977
0 -1 -0.883 -0.47 15.1201 9.79 13.07
-0.259 -0.966 -0.848 -0.53 13.4675 9.80 9.6371
-0.5 -0.866 -0.766 -0.643 14.1008 10.01 6.5133
-0.707 -0.707 -0.669 -0.743 14.2559 10.30 7.9321
-0.866 -0.5 -0.5 -0.866 14.5378 10.43 10.333
-0.966 -0.259 -0.375 -0.927 15.5136 10.90 10.478
-1 0 -0.276 -0.961 16.9735 11.52 12.241
-0.966 0.259 -0.242 -0.97 20.2834 12.05 16.039
-0.866 0.5 -0.276 -0.961 23.3016 12.53 23.295
-0.707 0.707 -0.276 -0.961 24.8576 13.14 22.508
-0.5 0.866 -0.276 -0.961 25.9692 13.52 28.978
-0.259 0.966 -0.342 -0.94 25.3225 13.51 30.309