 9         6        26         1         7
        0.00    0
       1.000000       1.000000       1.000000       0.998000      52.582900      15.600000      58.719000
      -1.000000      -1.000000      -1.000000      -1.000000       9.419200       0.520000       0.141800
       -0.30199999999999999000
       -0.04800000000000000000
       -0.23000000000000001000
       -0.06000000000000000000
       -0.35199999999999998000
        0.11799999999999999000
        0.28599999999999998000
        0.07600000000000000000
        0.10400000000000000000
        0.08799999999999999000
       -0.04000000000000000000
        0.06600000000000000000
       -0.10400000000000000000
       -0.06200000000000000000
       -0.39400000000000002000
       -0.13000000000000000000
       -0.31000000000000000000
        0.02400000000000000000
        0.10800000000000000000
        0.01600000000000000000
        0.15600000000000000000
        0.37800000000000000000
        0.21800000000000000000
       -0.10800000000000000000
       -0.49399999999999999000
        0.00400000000000000000
        0.10000000000000001000
        0.03200000000000000000
       -0.05000000000000000000
        0.11799999999999999000
        0.17000000000000001000
        0.07400000000000000000
       -0.22800000000000001000
       -0.09400000000000000000
        0.17799999999999999000
        0.32600000000000001000
        0.28399999999999997000
       -0.06600000000000000000
       -0.34000000000000002000
       -0.24199999999999999000
        0.09600000000000000000
        0.05200000000000000000
        0.29999999999999999000
        0.37600000000000000000
        0.14399999999999999000
        0.36599999999999999000
       -0.26000000000000001000
        0.01800000000000000000
       -0.01400000000000000000
       -0.07199999999999999000
        0.17799999999999999000
       -0.12200000000000000000
       -0.35199999999999998000
       -0.17399999999999999000
        0.07800000000000000000
       -0.35799999999999998000
       -0.32000000000000001000
        0.01800000000000000000
       -0.04400000000000000000
       -0.26400000000000001000
        0.22400000000000000000
        0.35399999999999998000
       -0.24600000000000000000
       -0.05800000000000000000
        0.31200000000000000000
       -0.04400000000000000000
       -0.05600000000000000000
       -0.08400000000000001000
        0.26200000000000001000
        0.24199999999999999000
        0.32200000000000001000
        0.04200000000000000000
        0.34399999999999997000
       -0.02600000000000000000
        0.19200000000000000000
       -0.24800000000000000000
       -0.19800000000000001000
       -0.11799999999999999000
       -0.08799999999999999000
        0.18600000000000000000
        0.36399999999999999000
        0.08599999999999999000
       -0.08000000000000000000
       -0.12400000000000000000
       -0.12200000000000000000
        0.08599999999999999000
       -0.01800000000000000000
        0.32800000000000001000
        0.14799999999999999000
       -0.03600000000000000000
        0.00200000000000000000
        0.23400000000000001000
       -0.28999999999999998000
        0.03600000000000000000
       -0.07400000000000000000
        0.34200000000000003000
        0.07400000000000000000
       -0.06400000000000000000
       -0.31000000000000000000
       -0.27600000000000002000
       -0.26000000000000001000
       -0.28799999999999998000
        0.32800000000000001000
        0.29999999999999999000
       -0.18400000000000000000
        0.09600000000000000000
       -0.40000000000000002000
       -0.09600000000000000000
        0.14000000000000001000
        0.33400000000000002000
       -0.33400000000000002000
        0.00000000000000000000
        0.37600000000000000000
       -0.07600000000000000000
       -0.26200000000000001000
       -0.07400000000000000000
        0.33400000000000002000
       -0.31400000000000000000
       -0.33200000000000002000
        0.13200000000000001000
        0.41599999999999998000
        0.02400000000000000000
       -0.22000000000000000000
        0.34599999999999997000
       -0.39400000000000002000
       -0.12800000000000000000
        0.11400000000000000000
        0.30599999999999999000
       -0.10000000000000001000
       -0.03600000000000000000
       -0.00200000000000000000
       -0.22600000000000001000
        0.33400000000000002000
        0.32600000000000001000
       -0.10600000000000000000
        0.32200000000000001000
        0.05800000000000000000
        0.03800000000000000000
       -0.34999999999999998000
        0.35999999999999999000
        0.28799999999999998000
        0.08000000000000000000
        0.31000000000000000000
       -0.09800000000000000000
       -0.34799999999999998000
       -0.05600000000000000000
       -0.00200000000000000000
       -0.24399999999999999000
        0.36199999999999999000
       -0.33600000000000002000
        0.23400000000000001000
        0.04800000000000000000
       -0.42999999999999999000
       -0.04400000000000000000
       -0.00200000000000000000
       -0.09200000000000000000
       -0.22200000000000000000
        0.27600000000000002000
       -0.09400000000000000000
       -0.31800000000000000000
       -0.29199999999999998000
        0.02800000000000000000
       -0.18200000000000000000
       -0.10199999999999999000
        0.32400000000000001000
        0.18400000000000000000
       -0.20000000000000001000
        0.30800000000000000000
        0.19400000000000001000
        0.00200000000000000000
        0.22800000000000001000
        0.06200000000000000000
       -0.35799999999999998000
        0.39800000000000002000
        0.11600000000000001000
        0.34200000000000003000
       -0.10199999999999999000
       -0.07199999999999999000
        0.23000000000000001000
       -0.28799999999999998000
       -0.02800000000000000000
        0.37600000000000000000
        0.14199999999999999000
       -0.12000000000000000000
        0.27000000000000002000
       -0.09800000000000000000
        0.12400000000000000000
       -0.23999999999999999000
        0.35199999999999998000
       -0.22000000000000000000
       -0.14199999999999999000
       -0.07199999999999999000
        0.49199999999999999000
        0.00200000000000000000
       -0.34200000000000003000
       -0.25200000000000000000
        0.25000000000000000000
       -0.11000000000000000000
       -0.20999999999999999000
        0.06800000000000000000
       -0.07400000000000000000
       -0.03600000000000000000
       -0.01200000000000000000
       -0.24399999999999999000
        0.25800000000000001000
       -0.12600000000000000000
       -0.08599999999999999000
        0.18800000000000000000
       -2.61868725117899670000        9.72270208480015086000        8.09495245460437118000       28.06439848290386860000       -3.58396508018820059000       -2.77279121692975217000       -1.22513185647319056000       10.49549915561459201000       -5.56615241938526673000        6.99961099067848380000       -8.54635307316580040000       -5.35485727802423739000       -0.02853000320731646000      -12.13077106630427870000       -6.15699456909127463000        4.13739611674798269000       -4.12300472707207355000        0.53259377215332004000        3.68629421688645786000       -1.47433525758956163000       17.50138739157185700000        2.11561322958687503000       -8.89013141072748248000       -1.92213601735259276000       13.54992901487307400000      -11.70324418946814937000       15.00257868871824130000