 7         6        30         1         7
        0.00    0
       1.000000       1.000000       1.000000       0.998000      52.582900      15.220000      58.719000
      -1.000000      -1.000000      -1.000000      -1.000000       9.419200       1.030000       0.141800
       -0.31800000000000000000
        0.02600000000000000000
        0.01200000000000000000
        0.35399999999999998000
       -0.34200000000000003000
       -0.35199999999999998000
        0.28999999999999998000
       -0.30399999999999999000
        0.15600000000000000000
        0.09400000000000000000
        0.19400000000000001000
       -0.36199999999999999000
       -0.08400000000000001000
       -0.08599999999999999000
        0.15800000000000000000
       -0.30399999999999999000
       -0.08400000000000001000
        0.00400000000000000000
       -0.16600000000000001000
        0.12600000000000000000
       -0.02400000000000000000
        0.16800000000000001000
        0.28399999999999997000
       -0.20599999999999999000
       -0.38800000000000001000
       -0.00400000000000000000
        0.22800000000000001000
       -0.36399999999999999000
        0.11200000000000000000
        0.03400000000000000000
       -0.28000000000000003000
       -0.07000000000000001000
        0.12200000000000000000
       -0.00800000000000000000
       -0.03400000000000000000
       -0.05800000000000000000
       -0.39000000000000001000
        0.06600000000000000000
        0.21800000000000000000
       -0.22400000000000000000
       -0.28799999999999998000
       -0.02800000000000000000
        0.10000000000000001000
       -0.25600000000000001000
        0.04000000000000000000
       -0.31800000000000000000
       -0.10000000000000001000
       -0.06000000000000000000
       -0.45400000000000001000
        0.07000000000000001000
        0.33800000000000002000
       -0.30800000000000000000
       -0.02800000000000000000
        0.34999999999999998000
        0.39800000000000002000
        0.00600000000000000000
        0.47199999999999998000
       -0.02800000000000000000
       -0.09600000000000000000
        0.25600000000000001000
        0.34399999999999997000
       -0.37400000000000000000
        0.22800000000000001000
       -0.16000000000000000000
        0.14599999999999999000
        0.03000000000000000000
       -0.16000000000000000000
       -0.34200000000000003000
       -0.32200000000000001000
        0.04000000000000000000
        0.02600000000000000000
        0.13600000000000001000
        0.45800000000000002000
        0.09600000000000000000
        0.36199999999999999000
       -0.16200000000000001000
       -0.05000000000000000000
        0.03200000000000000000
       -0.38200000000000001000
       -0.19000000000000000000
        0.27200000000000002000
        0.05600000000000000000
       -0.33000000000000002000
       -0.32000000000000001000
       -0.09800000000000000000
       -0.26800000000000002000
       -0.24600000000000000000
       -0.14199999999999999000
        0.47799999999999998000
        0.08599999999999999000
       -0.21199999999999999000
        0.28399999999999997000
       -0.18800000000000000000
        0.00600000000000000000
       -0.30399999999999999000
        0.04200000000000000000
        0.35999999999999999000
        0.01600000000000000000
        0.28799999999999998000
       -0.10600000000000000000
        0.11600000000000001000
        0.33600000000000002000
        0.23200000000000001000
       -0.34799999999999998000
        0.26600000000000001000
        0.00800000000000000000
       -0.17199999999999999000
        0.06200000000000000000
        0.26400000000000001000
        0.35399999999999998000
        0.16800000000000001000
       -0.10800000000000000000
       -0.38800000000000001000
       -0.05000000000000000000
       -0.03400000000000000000
       -0.11400000000000000000
        0.25000000000000000000
        0.23400000000000001000
       -0.14799999999999999000
       -0.06400000000000000000
        0.16800000000000001000
       -0.05000000000000000000
        0.01400000000000000000
       -0.13000000000000000000
       -0.03400000000000000000
       -0.07800000000000000000
       -0.23999999999999999000
        0.22600000000000001000
       -0.30800000000000000000
       -0.04400000000000000000
       -0.26600000000000001000
        0.25000000000000000000
       -0.36399999999999999000
       -0.37200000000000000000
       -0.28799999999999998000
        0.21600000000000000000
       -0.16400000000000001000
        0.09000000000000000000
        0.31000000000000000000
        0.17399999999999999000
       -0.33800000000000002000
       -0.04600000000000000000
        0.37000000000000000000
        0.17799999999999999000
        0.40799999999999997000
        0.07600000000000000000
        0.33200000000000002000
        0.12200000000000000000
       -0.03800000000000000000
        0.08799999999999999000
       -0.24800000000000000000
       -0.16000000000000000000
       -0.09200000000000000000
        0.00400000000000000000
       -0.33000000000000002000
        0.37400000000000000000
        0.32000000000000001000
       -0.36599999999999999000
        0.02000000000000000000
        0.29199999999999998000
        0.40200000000000002000
       -0.01400000000000000000
       -0.03800000000000000000
        0.34200000000000003000
        0.21600000000000000000
        0.10400000000000000000
       -0.29199999999999998000
        0.33600000000000002000
       -0.30199999999999999000
       -0.06000000000000000000
        0.17999999999999999000
        0.34000000000000002000
       -0.31200000000000000000
       -0.35399999999999998000
        0.20399999999999999000
        0.07800000000000000000
       -0.16400000000000001000
        0.08000000000000000000
        0.03200000000000000000
        0.20599999999999999000
       -0.35399999999999998000
        0.23599999999999999000
        0.07199999999999999000
       -0.22200000000000000000
       -0.11200000000000000000
       -0.08599999999999999000
        0.01200000000000000000
        0.37200000000000000000
        0.04600000000000000000
        0.11400000000000000000
       -0.35999999999999999000
        0.35599999999999998000
        0.07800000000000000000
       -0.03400000000000000000
       -0.28599999999999998000
       -0.20000000000000001000
       -0.10199999999999999000
        0.26400000000000001000
       -0.17399999999999999000
       -0.07400000000000000000
        0.20799999999999999000
       -0.00600000000000000000
       -0.02400000000000000000
        0.34399999999999997000
       -0.05200000000000000000
        0.15800000000000000000
        0.01600000000000000000
        0.01000000000000000000
        0.39400000000000002000
       -0.06000000000000000000
        0.09000000000000000000
       -0.02800000000000000000
       -0.02400000000000000000
        0.33600000000000002000
       -0.20000000000000001000
       -0.22200000000000000000
        0.13000000000000000000
       -0.02000000000000000000
       -0.34000000000000002000
       -0.34599999999999997000
        0.38000000000000000000
       -0.15400000000000000000
       -0.25400000000000000000
       -0.05800000000000000000
       -0.36599999999999999000
        0.08599999999999999000
        0.30199999999999999000
       -0.13600000000000001000
       -0.01400000000000000000
       -0.27600000000000002000
       -0.37200000000000000000
        0.31800000000000000000
       -0.45000000000000001000
       -0.09200000000000000000
       -0.00400000000000000000
        0.37600000000000000000
       -0.28999999999999998000
       -0.26600000000000001000
       -0.28799999999999998000
       -0.19000000000000000000
        0.81975812964039085000      -10.83932584996935056000       -2.07408467848677036000        5.02311784687465934000       10.54759291038691771000       -7.53938081070405808000        1.97966827377721555000        4.34299577575764495000       -3.09507833420883038000        1.49456213374650315000       -2.81412600681509595000        3.19936696024911615000        8.48050041401564236000       16.05852511626943270000       -5.04930380577910043000        3.40604430952017268000        3.84528354137789430000        5.96025076679555799000        1.05229810714944483000        2.35283417586518606000        0.67179229501168070000        4.43366821584485926000        5.33178246807523060000       -1.74319343618334255000        4.23982495620653665000      -17.25959848866089170000       -4.18755553346831810000        9.18392067623150332000       11.62771981646845276000        1.04648649752542755000        0.16607778166848855000