 4         6        29         1         7
        0.00    0
       1.000000       1.000000       0.998000       0.998000      52.582900      16.890000      58.719000
      -1.000000      -1.000000      -1.000000      -1.000000      11.550200       3.850000       0.292100
       -0.22200000000000000000
        0.01800000000000000000
        0.22000000000000000000
       -0.16200000000000001000
       -0.16200000000000001000
        0.39800000000000002000
        0.34200000000000003000
        0.16400000000000001000
        0.07800000000000000000
        0.03000000000000000000
        0.30399999999999999000
        0.12800000000000000000
       -0.05800000000000000000
       -0.34599999999999997000
        0.09800000000000000000
       -0.27000000000000002000
       -0.50000000000000000000
       -0.01400000000000000000
       -0.31600000000000000000
        0.13600000000000001000
        0.15800000000000000000
       -0.27600000000000002000
       -0.32800000000000001000
       -0.23799999999999999000
       -0.07199999999999999000
        0.01000000000000000000
        0.17000000000000001000
       -0.32400000000000001000
       -0.36599999999999999000
       -0.04200000000000000000
        0.19400000000000001000
       -0.15200000000000000000
        0.05800000000000000000
        0.05400000000000000000
        0.25400000000000000000
       -0.02200000000000000000
       -0.35199999999999998000
       -0.01400000000000000000
       -0.33000000000000002000
       -0.34599999999999997000
       -0.14599999999999999000
       -0.04800000000000000000
       -0.36799999999999999000
       -0.03400000000000000000
        0.20200000000000001000
        0.32200000000000001000
       -0.04000000000000000000
        0.12000000000000000000
        0.09200000000000000000
       -0.04000000000000000000
        0.19800000000000001000
        0.39000000000000001000
       -0.12400000000000000000
        0.00200000000000000000
       -0.22400000000000000000
       -0.27400000000000002000
       -0.06000000000000000000
       -0.06000000000000000000
        0.27400000000000002000
       -0.19800000000000001000
       -0.28399999999999997000
        0.07199999999999999000
        0.14799999999999999000
        0.18400000000000000000
       -0.38000000000000000000
        0.01600000000000000000
       -0.29799999999999999000
       -0.00800000000000000000
       -0.00400000000000000000
        0.13600000000000001000
       -0.06600000000000000000
        0.00000000000000000000
        0.11799999999999999000
        0.09800000000000000000
       -0.22400000000000000000
        0.06400000000000000000
        0.20599999999999999000
       -0.05600000000000000000
       -0.21400000000000000000
       -0.12000000000000000000
       -0.03200000000000000000
        0.04800000000000000000
       -0.37400000000000000000
       -0.04000000000000000000
       -0.09600000000000000000
       -0.35999999999999999000
        0.14999999999999999000
       -0.02000000000000000000
        0.09600000000000000000
       -0.06400000000000000000
        0.26000000000000001000
       -0.14999999999999999000
       -0.38600000000000001000
        0.24600000000000000000
       -0.26000000000000001000
        0.21600000000000000000
       -0.28199999999999997000
       -0.06600000000000000000
        0.24399999999999999000
        0.16000000000000000000
        0.17799999999999999000
       -0.39000000000000001000
        0.03400000000000000000
       -0.38800000000000001000
        0.31000000000000000000
        0.08599999999999999000
       -0.15800000000000000000
       -0.16200000000000001000
       -0.25200000000000000000
       -0.20200000000000001000
       -0.14599999999999999000
        0.30800000000000000000
       -0.36199999999999999000
       -0.06200000000000000000
        0.00200000000000000000
        0.10800000000000000000
       -0.35999999999999999000
        0.33200000000000002000
       -0.04400000000000000000
        0.22000000000000000000
       -0.14999999999999999000
        0.03200000000000000000
        0.18600000000000000000
        0.02400000000000000000
       -0.17199999999999999000
       -0.31200000000000000000
        0.10600000000000000000
       -0.06800000000000000000
       -0.37600000000000000000
        0.05200000000000000000
       -0.13600000000000001000
       -0.08200000000000000000
        0.09600000000000000000
        0.23200000000000001000
       -0.21400000000000000000
       -0.13400000000000001000
        0.39600000000000002000
        0.05400000000000000000
       -0.35399999999999998000
       -0.12600000000000000000
       -0.36399999999999999000
       -0.17999999999999999000
        0.15600000000000000000
       -0.32800000000000001000
       -0.37000000000000000000
       -0.06800000000000000000
       -0.33200000000000002000
       -0.34599999999999997000
       -0.10600000000000000000
       -0.37000000000000000000
        0.06200000000000000000
       -0.10400000000000000000
        0.16600000000000001000
       -0.03400000000000000000
        0.02600000000000000000
        0.08200000000000000000
        0.27200000000000002000
        0.26400000000000001000
       -0.30199999999999999000
        0.27400000000000002000
       -0.38000000000000000000
        0.03000000000000000000
        0.06600000000000000000
        0.27400000000000002000
        0.26800000000000002000
       -0.31400000000000000000
       -0.08200000000000000000
        0.29399999999999998000
       -0.15200000000000000000
        0.05200000000000000000
       -0.28199999999999997000
        0.31200000000000000000
        0.09200000000000000000
        0.20999999999999999000
       -0.40000000000000002000
        0.39600000000000002000
        0.48799999999999999000
       -0.05400000000000000000
       -0.31800000000000000000
       -0.21600000000000000000
       -0.30800000000000000000
       -0.24800000000000000000
       -0.14799999999999999000
       -0.17199999999999999000
       -0.46600000000000003000
        0.00200000000000000000
       -0.33600000000000002000
        0.15200000000000000000
        0.27000000000000002000
        0.11000000000000000000
       -0.12600000000000000000
       -0.04600000000000000000
        0.00800000000000000000
       -0.05600000000000000000
        0.26000000000000001000
       -0.20799999999999999000
        0.22400000000000000000
        0.32000000000000001000
       -0.33200000000000002000
        0.20000000000000001000
       -0.33800000000000002000
        0.04800000000000000000
       -0.30199999999999999000
        0.06200000000000000000
       -0.05600000000000000000
       -0.16400000000000001000
        0.00400000000000000000
        0.27200000000000002000
       -0.23400000000000001000
       -0.08599999999999999000
       -0.18600000000000000000
        0.04600000000000000000
        0.26600000000000001000
        0.37600000000000000000
       -0.37600000000000000000
       -0.20200000000000001000
       -0.04800000000000000000
       -0.09000000000000000000
       -0.30199999999999999000
       -0.07800000000000000000
        0.16400000000000001000
        0.02000000000000000000
        0.11000000000000000000
        0.23799999999999999000
        0.10400000000000000000
        0.08599999999999999000
        0.17399999999999999000
        0.20000000000000001000
        0.10600000000000000000
        0.34599999999999997000
       -0.01000000000000000000
        0.24199999999999999000
        2.64566936159446664000       15.35473657340838294000       -6.66605314340929489000       -9.55346964162991341000       -3.97311843404051368000       10.75324029688478333000       -3.51459230248594956000      -12.22101308492865357000        4.99606403101239138000      -34.53675367272482080000        9.77694349348947434000        3.34700683789297404000        2.28105417729955962000       -0.04695147392567251000      -16.67356878894024420000      -25.04644598438890310000       13.40559771853487625000       -0.54866489360515180000        5.23820222159099114000       28.05854146349570040000       -7.55831219072150606000       -4.34298065720161031000        9.88655282656269208000      -10.51608671879459678000      -10.75779281404799903000       20.52159680277662090000       -7.94596961349264852000      -38.05310003599547740000        2.99559506467388070000      -11.94081429073542999000