11         6        24         1         7
        0.00    0
       1.000000       1.000000       1.000000       0.990000      52.582900      16.390000      58.719000
      -1.000000      -1.000000      -1.000000      -1.000000      11.550200       1.110000       0.292100
        0.31000000000000000000
        0.06200000000000000000
       -0.12800000000000000000
       -0.20999999999999999000
       -0.32600000000000001000
       -0.00600000000000000000
        0.33600000000000002000
       -0.16600000000000001000
       -0.30800000000000000000
       -0.01000000000000000000
        0.21800000000000000000
       -0.06000000000000000000
        0.05800000000000000000
        0.08400000000000001000
       -0.28000000000000003000
       -0.11799999999999999000
        0.23999999999999999000
        0.07199999999999999000
       -0.12000000000000000000
        0.09200000000000000000
       -0.01400000000000000000
       -0.17399999999999999000
        0.27400000000000002000
        0.16000000000000000000
        0.11799999999999999000
        0.04200000000000000000
        0.01600000000000000000
        0.15400000000000000000
        0.01200000000000000000
       -0.12000000000000000000
        0.32600000000000001000
        0.24199999999999999000
        0.34200000000000003000
       -0.01400000000000000000
       -0.03000000000000000000
       -0.18800000000000000000
       -0.15800000000000000000
        0.30399999999999999000
       -0.15800000000000000000
       -0.04200000000000000000
       -0.15800000000000000000
        0.03000000000000000000
        0.39200000000000002000
       -0.24800000000000000000
       -0.38400000000000001000
       -0.21600000000000000000
       -0.22400000000000000000
        0.14000000000000001000
        0.10800000000000000000
       -0.03200000000000000000
        0.01600000000000000000
       -0.08000000000000000000
        0.04600000000000000000
        0.31200000000000000000
       -0.12800000000000000000
       -0.39200000000000002000
        0.39400000000000002000
        0.06200000000000000000
       -0.31200000000000000000
       -0.34999999999999998000
       -0.20200000000000001000
       -0.28199999999999997000
       -0.28399999999999997000
       -0.38200000000000001000
        0.47599999999999998000
        0.02200000000000000000
        0.02400000000000000000
       -0.38200000000000001000
       -0.26400000000000001000
        0.05000000000000000000
       -0.17799999999999999000
       -0.24800000000000000000
       -0.02400000000000000000
       -0.09200000000000000000
       -0.04800000000000000000
        0.07199999999999999000
       -0.39800000000000002000
       -0.19800000000000001000
        0.39000000000000001000
       -0.34000000000000002000
        0.26200000000000001000
        0.04200000000000000000
        0.07000000000000001000
        0.08599999999999999000
       -0.04800000000000000000
        0.39400000000000002000
        0.10199999999999999000
        0.25200000000000000000
       -0.11200000000000000000
        0.04200000000000000000
       -0.31800000000000000000
        0.29199999999999998000
       -0.25600000000000001000
       -0.29599999999999999000
       -0.22600000000000001000
        0.34200000000000003000
       -0.38800000000000001000
        0.04200000000000000000
        0.26000000000000001000
        0.23200000000000001000
       -0.02600000000000000000
       -0.15600000000000000000
       -0.35799999999999998000
       -0.06600000000000000000
       -0.02800000000000000000
        0.07400000000000000000
        0.17599999999999999000
       -0.01000000000000000000
       -0.23999999999999999000
        0.39000000000000001000
       -0.06800000000000000000
       -0.22200000000000000000
        0.42399999999999999000
       -0.00600000000000000000
       -0.12800000000000000000
       -0.35399999999999998000
        0.08200000000000000000
        0.26800000000000002000
       -0.16600000000000001000
        0.34399999999999997000
        0.04400000000000000000
       -0.00400000000000000000
       -0.11600000000000001000
       -0.20000000000000001000
       -0.04200000000000000000
        0.27400000000000002000
       -0.23000000000000001000
        0.27800000000000002000
       -0.20599999999999999000
        0.06600000000000000000
       -0.28599999999999998000
       -0.05800000000000000000
        0.29399999999999998000
       -0.14000000000000001000
       -0.32000000000000001000
       -0.11000000000000000000
        0.34000000000000002000
        0.01400000000000000000
       -0.04400000000000000000
        0.26000000000000001000
        0.15800000000000000000
        0.16600000000000001000
       -0.22000000000000000000
        0.09200000000000000000
        0.45400000000000001000
        0.06000000000000000000
       -0.33200000000000002000
       -0.28199999999999997000
       -0.07400000000000000000
       -0.31200000000000000000
       -0.25000000000000000000
       -0.00200000000000000000
       -0.05200000000000000000
       -0.01400000000000000000
        0.19200000000000000000
       -0.03800000000000000000
        0.05800000000000000000
        0.22400000000000000000
        0.39200000000000002000
        0.35799999999999998000
        0.20200000000000001000
        0.05000000000000000000
        0.23799999999999999000
       -0.10199999999999999000
        0.34200000000000003000
       -0.16000000000000000000
       -0.27600000000000002000
        0.06000000000000000000
        0.23999999999999999000
        0.06000000000000000000
       -0.20399999999999999000
        0.09800000000000000000
        0.37000000000000000000
        0.10600000000000000000
        0.32600000000000001000
        0.06200000000000000000
        0.35399999999999998000
        0.01800000000000000000
        0.11000000000000000000
        0.28399999999999997000
       -0.30800000000000000000
        0.37600000000000000000
       -0.05400000000000000000
        0.38800000000000001000
        0.32200000000000001000
       -0.08799999999999999000
       -0.28399999999999997000
        0.22200000000000000000
       -0.02200000000000000000
       -0.08400000000000001000
       -0.26000000000000001000
       -0.22600000000000001000
       -4.75289844413498130000      -29.11746986708778100000      -42.33863596947814760000       -6.42335870583930380000       11.80730567780301144000        5.94466563360223788000      -21.10972057750842980000        3.92316768554081996000        1.14149892593349445000        3.05756393202566645000        0.55730555761690626000       -0.62113766031405748000       -8.75099798967831966000        0.05154294614939761000        6.64569494136412509000      -22.23412644529556200000       -6.11726116734315362000       10.17096442775420506000       -3.53373545050760551000       -2.13611896881506125000        4.09738659753962775000        9.70454637589748259000        1.29490640496425380000        2.54122323507549686000      -11.20291094778429830000