 3         6        19         1         7
        0.00    0
       1.000000       1.000000       1.000000       0.999000      45.487300      15.220000      50.200000
      -1.000000      -1.000000      -1.000000      -1.000000       8.482700       0.830000       0.086782
        0.42199999999999999000
        0.02000000000000000000
       -0.29799999999999999000
        0.22600000000000001000
       -0.11600000000000001000
        0.15600000000000000000
       -0.37000000000000000000
        0.03400000000000000000
       -0.30399999999999999000
       -0.08799999999999999000
        0.09200000000000000000
       -0.08000000000000000000
       -0.21199999999999999000
        0.21800000000000000000
       -0.08599999999999999000
       -0.35599999999999998000
       -0.47999999999999998000
       -0.00600000000000000000
       -0.30599999999999999000
       -0.30199999999999999000
        0.12000000000000000000
        0.11000000000000000000
        0.07199999999999999000
        0.34999999999999998000
       -0.20000000000000001000
       -0.04200000000000000000
        0.05800000000000000000
        0.27000000000000002000
       -0.38800000000000001000
       -0.22400000000000000000
       -0.02200000000000000000
       -0.20399999999999999000
        0.06800000000000000000
       -0.01800000000000000000
        0.16200000000000001000
       -0.27000000000000002000
       -0.05600000000000000000
       -0.28199999999999997000
        0.32400000000000001000
        0.38600000000000001000
       -0.34000000000000002000
       -0.08400000000000001000
       -0.03800000000000000000
        0.12000000000000000000
        0.20000000000000001000
       -0.27200000000000002000
        0.30800000000000000000
        0.08200000000000000000
        0.20999999999999999000
       -0.03800000000000000000
       -0.20000000000000001000
       -0.34599999999999997000
        0.39000000000000001000
       -0.32200000000000001000
       -0.04200000000000000000
        0.05200000000000000000
        0.44600000000000001000
        0.08400000000000001000
       -0.34000000000000002000
        0.20200000000000001000
       -0.38400000000000001000
       -0.05600000000000000000
       -0.09000000000000000000
        0.36399999999999999000
        0.30399999999999999000
       -0.07800000000000000000
       -0.13200000000000001000
        0.39800000000000002000
        0.09200000000000000000
       -0.09400000000000000000
        0.24600000000000000000
       -0.25600000000000001000
        0.36799999999999999000
        0.01400000000000000000
        0.05000000000000000000
        0.02800000000000000000
        0.20799999999999999000
        0.07600000000000000000
       -0.03800000000000000000
        0.16400000000000001000
       -0.40200000000000002000
       -0.05400000000000000000
        0.33400000000000002000
       -0.35599999999999998000
       -0.15800000000000000000
       -0.11200000000000000000
        0.30800000000000000000
        0.29799999999999999000
        0.38600000000000001000
       -0.00400000000000000000
        0.01000000000000000000
        0.23799999999999999000
        0.34399999999999997000
       -0.07000000000000001000
       -0.04000000000000000000
        0.21800000000000000000
       -0.07600000000000000000
       -0.09800000000000000000
        0.02800000000000000000
       -0.23000000000000001000
       -0.06600000000000000000
       -0.16800000000000001000
       -0.34000000000000002000
       -0.26200000000000001000
       -0.12200000000000000000
       -0.05400000000000000000
       -0.24399999999999999000
        0.14000000000000001000
       -0.22000000000000000000
       -0.19600000000000001000
        0.28000000000000003000
        0.02200000000000000000
        0.38400000000000001000
       -0.07000000000000001000
       -0.01400000000000000000
       -0.19000000000000000000
       -0.08599999999999999000
        0.21400000000000000000
       -0.03200000000000000000
       -0.37400000000000000000
        0.34399999999999997000
        0.09200000000000000000
        0.18800000000000000000
        0.07600000000000000000
        0.19400000000000001000
        0.03600000000000000000
       -0.08400000000000001000
        0.19200000000000000000
        0.04200000000000000000
       -0.08000000000000000000
       -0.39000000000000001000
        0.19800000000000001000
       -0.06800000000000000000
       -0.27400000000000002000
        0.39400000000000002000
        0.20999999999999999000
        0.08000000000000000000
        0.07199999999999999000
       -0.15800000000000000000
       -0.23799999999999999000
        0.14799999999999999000
       -0.23599999999999999000
       -0.16600000000000001000
        0.00200000000000000000
       -0.39600000000000002000
        0.01800000000000000000
        0.01000000000000000000
        0.31400000000000000000
       -0.30399999999999999000
       -0.36599999999999999000
        0.14999999999999999000
        0.38200000000000001000
       -6.40979072633705638000      -14.18120515029738904000        1.36796259704771894000       -4.89772899108087500000       -8.04076004652277732000       -2.29131003096636876000       -5.07206111808781213000       -0.85907146184168315000        4.90464642928459771000        4.03622555443697983000        0.31201905008111064000      -18.83145106171879850000        1.32670960685112749000       12.03882918111749056000       -8.18717170759085455000        7.96279491500831416000       -7.74683521024816635000        6.10947943675330141000        1.12390261367588229000        4.32136632887582994000