 5         6        28         1         7
        0.00    0
       1.000000       1.000000       1.000000       0.995000      45.487300      16.390000      50.172000
      -1.000000      -1.000000      -1.000000      -1.000000       8.482700       0.640000       0.086782
       -0.41599999999999998000
        0.00200000000000000000
       -0.04200000000000000000
        0.08599999999999999000
        0.14399999999999999000
       -0.09000000000000000000
        0.18800000000000000000
       -0.38400000000000001000
       -0.25400000000000000000
        0.04000000000000000000
        0.08000000000000000000
       -0.01600000000000000000
       -0.28999999999999998000
        0.22000000000000000000
       -0.27200000000000002000
        0.24199999999999999000
       -0.09800000000000000000
       -0.03800000000000000000
       -0.37600000000000000000
       -0.02800000000000000000
       -0.35199999999999998000
        0.02600000000000000000
        0.02000000000000000000
        0.18600000000000000000
        0.29399999999999998000
       -0.06000000000000000000
       -0.28999999999999998000
       -0.13800000000000001000
       -0.29999999999999999000
       -0.12600000000000000000
        0.11799999999999999000
       -0.34399999999999997000
        0.12200000000000000000
        0.06200000000000000000
       -0.12400000000000000000
       -0.19600000000000001000
        0.14399999999999999000
       -0.37000000000000000000
       -0.22800000000000001000
        0.18600000000000000000
        0.42199999999999999000
        0.01400000000000000000
       -0.31000000000000000000
        0.36599999999999999000
       -0.17599999999999999000
       -0.15600000000000000000
       -0.23200000000000001000
       -0.05400000000000000000
       -0.23799999999999999000
       -0.02200000000000000000
       -0.17199999999999999000
       -0.12000000000000000000
       -0.37400000000000000000
       -0.06400000000000000000
        0.11600000000000001000
       -0.10400000000000000000
       -0.25800000000000001000
       -0.06800000000000000000
        0.17799999999999999000
        0.22200000000000000000
        0.21600000000000000000
       -0.34200000000000003000
        0.10600000000000000000
        0.01200000000000000000
        0.32000000000000001000
       -0.02800000000000000000
       -0.18200000000000000000
        0.25000000000000000000
       -0.38800000000000001000
       -0.22400000000000000000
        0.18400000000000000000
       -0.07000000000000001000
       -0.06400000000000000000
        0.03800000000000000000
       -0.36599999999999999000
        0.08400000000000001000
        0.21400000000000000000
       -0.36599999999999999000
        0.10800000000000000000
        0.06600000000000000000
        0.46400000000000002000
        0.06600000000000000000
        0.37200000000000000000
        0.25200000000000000000
       -0.30800000000000000000
        0.34200000000000003000
       -0.27200000000000002000
       -0.02200000000000000000
       -0.04600000000000000000
       -0.06400000000000000000
        0.17399999999999999000
       -0.33200000000000002000
        0.10400000000000000000
        0.02800000000000000000
        0.04000000000000000000
        0.37200000000000000000
        0.21600000000000000000
        0.04400000000000000000
        0.33600000000000002000
       -0.32600000000000001000
        0.08200000000000000000
        0.34000000000000002000
       -0.33400000000000002000
       -0.03000000000000000000
        0.19200000000000000000
        0.08400000000000001000
        0.12200000000000000000
       -0.28399999999999997000
       -0.33600000000000002000
        0.18400000000000000000
       -0.39000000000000001000
        0.00600000000000000000
        0.14599999999999999000
        0.03600000000000000000
       -0.16000000000000000000
       -0.10800000000000000000
        0.16800000000000001000
       -0.06200000000000000000
        0.23200000000000001000
       -0.39000000000000001000
       -0.31600000000000000000
       -0.02400000000000000000
        0.14999999999999999000
       -0.06800000000000000000
       -0.07600000000000000000
        0.08599999999999999000
        0.11400000000000000000
        0.39800000000000002000
       -0.44800000000000001000
        0.09800000000000000000
        0.04000000000000000000
        0.23400000000000001000
        0.25600000000000001000
       -0.08000000000000000000
       -0.07199999999999999000
        0.34200000000000003000
        0.28999999999999998000
       -0.06800000000000000000
       -0.16400000000000001000
        0.14799999999999999000
        0.11000000000000000000
        0.29999999999999999000
        0.19400000000000001000
        0.08400000000000001000
       -0.34799999999999998000
        0.00600000000000000000
       -0.32600000000000001000
       -0.08400000000000001000
        0.13200000000000001000
        0.03200000000000000000
        0.06800000000000000000
        0.08599999999999999000
       -0.11600000000000001000
        0.08599999999999999000
       -0.18800000000000000000
       -0.14199999999999999000
        0.19800000000000001000
        0.33800000000000002000
        0.38200000000000001000
       -0.14199999999999999000
       -0.22800000000000001000
        0.04800000000000000000
       -0.39400000000000002000
        0.00400000000000000000
       -0.00200000000000000000
       -0.26600000000000001000
       -0.26400000000000001000
       -0.00200000000000000000
       -0.46200000000000002000
       -0.03400000000000000000
       -0.08599999999999999000
        0.18200000000000000000
        0.26000000000000001000
        0.19600000000000001000
       -0.35199999999999998000
       -0.07800000000000000000
       -0.47199999999999998000
       -0.00200000000000000000
        0.17999999999999999000
       -0.24600000000000000000
       -0.16800000000000001000
       -0.25400000000000000000
        0.33400000000000002000
        0.01200000000000000000
       -0.28599999999999998000
        0.09600000000000000000
       -0.26800000000000002000
        0.20200000000000001000
       -0.18600000000000000000
        0.31000000000000000000
       -0.04000000000000000000
        0.23599999999999999000
        0.02000000000000000000
       -0.08200000000000000000
        0.16800000000000001000
        0.16800000000000001000
        0.33200000000000002000
       -0.39400000000000002000
       -0.27400000000000002000
       -0.00200000000000000000
        0.44800000000000001000
       -0.03000000000000000000
       -0.04000000000000000000
       -0.27000000000000002000
        0.37600000000000000000
       -0.09800000000000000000
       -0.38000000000000000000
        0.06400000000000000000
        0.02000000000000000000
       -0.06400000000000000000
       -0.27600000000000002000
        0.34399999999999997000
       -0.12800000000000000000
        0.01200000000000000000
       -0.00400000000000000000
        0.10600000000000000000
       -0.46200000000000002000
        0.04400000000000000000
       -0.25600000000000001000
       -0.36399999999999999000
        0.01400000000000000000
        0.13600000000000001000
        0.22800000000000001000
       -0.07199999999999999000
       -1.12078522756877952000       -5.32041193829541292000        4.02745165325800780000        0.24493551473671527000       -0.86127607306377429000      -15.72781659052318126000        2.10280842185784245000       -0.48483287270435294000       13.64855582149682434000        4.57013556011979727000       -6.43624840521844455000       -0.98493192066790736000        2.98710165449118836000       -2.77003699601940978000      -29.51106423643368260000      -26.27251688450217770000       11.24947184224845032000       -2.88677765640415185000       -3.64987007256894769000        4.83191060905120917000        0.15977131300651587000       14.24018210913777338000        7.00958849154157626000        4.58396108690986992000       -1.63343008181135829000       -8.00079134630191824000      -12.80161984764627370000        6.38734468534521227000       20.09007824193695770000