 3         8        26        48        56
        0.00    0
       1.000000       1.000000      58.300000      58.300000      58.300000      58.300000      58.300000      58.300000      58.300000      58.300000      58.300000      58.300000      58.300000      58.300000      58.300000      58.300000      58.300000      58.300000      58.300000      58.300000      58.300000      58.300000      58.300000      58.300000      58.300000      58.300000      58.300000      58.300000      58.300000      58.300000      58.300000      58.300000      58.300000      58.300000      58.300000      58.300000      58.300000      58.300000      58.300000      58.300000      58.300000      58.620000      58.620000      58.620000      58.620000      58.620000      58.620000      58.620000      58.620000      58.620000      58.620000      58.620000      58.620000      58.620000      58.620000      58.620000
      -1.000000      -1.000000       1.077000       1.077000       1.077000       1.077000       1.077000       1.077000       1.077000       1.077000       1.077000       1.077000       1.077000       1.077000       1.077000       1.077000       1.077000       1.077000       1.077000       1.077000       1.077000       1.077000       1.077000       1.077000       1.077000       1.077000       1.077000       1.077000       1.077000       1.077000       1.077000       1.077000       1.077000       1.077000       1.077000       1.077000       1.077000       1.077000       1.077000       1.077000       1.077000       1.077000       1.077000       1.077000       1.077000       1.077000       1.077000       1.077000       1.077000       1.077000       1.077000       1.077000       1.077000       1.077000       1.077000       1.077000
       -0.33200000000000002000
       -0.04600000000000000000
        0.01200000000000000000
        0.08400000000000001000
        0.10199999999999999000
       -0.29399999999999998000
        0.17799999999999999000
       -0.01000000000000000000
       -0.31000000000000000000
       -0.31400000000000000000
       -0.40600000000000003000
        0.04200000000000000000
        0.02600000000000000000
        0.09800000000000000000
        0.38000000000000000000
        0.20000000000000001000
        0.07800000000000000000
       -0.31600000000000000000
        0.09600000000000000000
       -0.15200000000000000000
        0.36599999999999999000
        0.08000000000000000000
       -0.15400000000000000000
       -0.29999999999999999000
       -0.05200000000000000000
       -0.05800000000000000000
       -0.08000000000000000000
       -0.07600000000000000000
       -0.25000000000000000000
       -0.35799999999999998000
       -0.12800000000000000000
       -0.05200000000000000000
        0.21400000000000000000
        0.16800000000000001000
       -0.27000000000000002000
       -0.04400000000000000000
        0.17399999999999999000
       -0.21800000000000000000
       -0.14799999999999999000
        0.04600000000000000000
       -0.07600000000000000000
        0.06000000000000000000
        0.23599999999999999000
        0.39200000000000002000
        0.26600000000000001000
       -0.23599999999999999000
       -0.05000000000000000000
        0.06600000000000000000
       -0.34399999999999997000
        0.07000000000000001000
       -0.09800000000000000000
        0.09600000000000000000
       -0.08200000000000000000
        0.38000000000000000000
       -0.28799999999999998000
        0.14799999999999999000
       -0.24399999999999999000
        0.28199999999999997000
        0.13400000000000001000
        0.06800000000000000000
        0.37600000000000000000
       -0.02200000000000000000
       -0.23000000000000001000
       -0.05400000000000000000
        0.31400000000000000000
       -0.21800000000000000000
        0.02200000000000000000
        0.03000000000000000000
       -0.16800000000000001000
        0.30599999999999999000
       -0.09800000000000000000
        0.00400000000000000000
       -0.03400000000000000000
       -0.26400000000000001000
       -0.26200000000000001000
       -0.28399999999999997000
        0.38200000000000001000
       -0.20999999999999999000
       -0.14799999999999999000
       -0.17399999999999999000
        0.30599999999999999000
       -0.09200000000000000000
       -0.12800000000000000000
        0.21800000000000000000
       -0.28599999999999998000
       -0.03800000000000000000
        0.10400000000000000000
        0.13000000000000000000
        0.15600000000000000000
       -0.21600000000000000000
        0.43200000000000000000
        0.08400000000000001000
       -0.19400000000000001000
        0.09800000000000000000
        0.09000000000000000000
        0.31800000000000000000
        0.20799999999999999000
       -0.14999999999999999000
        0.35399999999999998000
        0.30599999999999999000
       -0.26000000000000001000
        0.08200000000000000000
        0.36399999999999999000
        0.12400000000000000000
       -0.11000000000000000000
       -0.13200000000000001000
        0.16000000000000000000
        0.32200000000000001000
       -0.02600000000000000000
        0.08799999999999999000
        0.41799999999999998000
        0.05200000000000000000
       -0.19400000000000001000
       -0.31600000000000000000
       -0.06000000000000000000
        0.39400000000000002000
        0.07800000000000000000
       -0.27000000000000002000
        0.23400000000000001000
        0.00600000000000000000
       -0.43600000000000000000
        0.01200000000000000000
       -0.33800000000000002000
       -0.22200000000000000000
       -0.25000000000000000000
       -0.08799999999999999000
        0.13600000000000001000
        0.00000000000000000000
        0.04000000000000000000
       -0.22000000000000000000
        0.05600000000000000000
        0.02400000000000000000
       -0.27800000000000002000
        0.13600000000000001000
        0.02400000000000000000
       -0.33200000000000002000
        0.19400000000000001000
        0.14399999999999999000
       -0.26000000000000001000
        0.10600000000000000000
       -0.48999999999999999000
       -0.05600000000000000000
        0.10400000000000000000
       -0.13600000000000001000
        0.26200000000000001000
       -0.27800000000000002000
       -0.02400000000000000000
       -0.31200000000000000000
        0.36199999999999999000
       -0.03800000000000000000
       -0.28000000000000003000
        0.01200000000000000000
        0.29999999999999999000
       -0.30800000000000000000
       -0.14799999999999999000
        0.33400000000000002000
        0.17999999999999999000
       -0.11400000000000000000
        0.04800000000000000000
       -0.00800000000000000000
       -0.10800000000000000000
        0.09600000000000000000
       -0.11799999999999999000
       -0.36199999999999999000
       -0.13800000000000001000
        0.39200000000000002000
       -0.19200000000000000000
        0.28399999999999997000
        0.12200000000000000000
        0.28399999999999997000
        0.22200000000000000000
       -0.03200000000000000000
        0.01000000000000000000
        0.39400000000000002000
        0.33400000000000002000
        0.14399999999999999000
        0.29399999999999998000
       -0.12400000000000000000
       -0.29999999999999999000
        0.18400000000000000000
       -0.39600000000000002000
       -0.06600000000000000000
       -0.33200000000000002000
       -0.35399999999999998000
       -0.26800000000000002000
       -0.06400000000000000000
       -0.24800000000000000000
       -0.33400000000000002000
       -0.29799999999999999000
       -0.24199999999999999000
        0.03600000000000000000
        0.00000000000000000000
       -0.10600000000000000000
       -0.10400000000000000000
       -0.28799999999999998000
        0.06400000000000000000
        0.20999999999999999000
       -0.20200000000000001000
        0.28199999999999997000
        0.31000000000000000000
        0.09800000000000000000
        0.05400000000000000000
        0.23599999999999999000
        0.13800000000000001000
       -0.33000000000000002000
        0.28399999999999997000
       -0.14399999999999999000
        0.32200000000000001000
        0.15400000000000000000
        0.08000000000000000000
        0.36199999999999999000
        0.01800000000000000000
        0.12200000000000000000
        0.17199999999999999000
       -0.28999999999999998000
       -0.30800000000000000000
       -0.06800000000000000000
       -0.17399999999999999000
        0.05200000000000000000
       -0.05200000000000000000
        0.35999999999999999000
        0.02000000000000000000
        0.34399999999999997000
        0.06600000000000000000
        0.00800000000000000000
        0.35399999999999998000
        0.04800000000000000000
        0.22600000000000001000
       -0.27400000000000002000
       -0.14399999999999999000
        0.10199999999999999000
       -0.10000000000000001000
        0.03400000000000000000
        0.10000000000000001000
       -0.25800000000000001000
        0.33400000000000002000
       -0.35999999999999999000
        0.20599999999999999000
       -0.03000000000000000000
       -0.02400000000000000000
        0.06000000000000000000
        0.02000000000000000000
        0.38800000000000001000
        0.07400000000000000000
        0.32200000000000001000
        0.36399999999999999000
        0.16200000000000001000
        0.20000000000000001000
        0.05200000000000000000
        0.20799999999999999000
        0.14000000000000001000
       -0.03400000000000000000
        0.07000000000000001000
       -0.17999999999999999000
       -0.28000000000000003000
       -0.28599999999999998000
        0.25000000000000000000
       -0.38400000000000001000
       -0.34000000000000002000
       -0.11000000000000000000
       11.59787135480794262000        2.25201541558739793000       -1.66922749318566832000      -16.26486663734587520000       -6.25298520606903541000       -3.11080794883438916000       12.38947621402210331000       14.94364776940918027000       -0.45225260195657507000        5.87955045653708286000       -1.07913390914519702000      -18.73896428054804990000       -4.02441875469062271000      -16.19902365167062190000       -1.64409337947977119000        0.86862988393434648000       -8.82950367551346993000        4.22280072924121175000       -1.02169385735837448000       15.68753801250463020000       -0.53969476367314617000       -6.45954647599026988000       -2.81366328547705802000       24.50316061866453050000       -0.58747616705677930000        1.24474678844799702000        1.09164023396491183000        8.52419292787591765000        2.72916724528382559000       -1.61597390864468315000      -13.86396100866899417000       -4.75510284790879023000       -2.94295996295015083000       10.80007516875141249000       15.85789969955271239000       -0.59239295877496778000        6.22050609061490967000       -0.37235151509269471000      -16.08424042884496070000       -2.06459446312588568000       -7.60149559175762857000        7.03155291185475928000        2.14958966369042415000       -7.49041066788012433000        4.67622637935386454000       -0.89867439394899540000       12.36734458874026466000       -0.10236810575017549000       -7.66239207183163007000       -0.87326618630835706000       28.94740160567424070000       -0.28894747161223600000        1.48693445405390001000        4.39002820301110130000        9.19295417255860947000        5.03913969663016914000       -1.13445642209498443000      -12.92810118470382186000       -7.63515416184495965000       -2.43259012869140534000       10.07093493173038823000       16.39391000673412080000       -3.44387866698006029000        6.58376998913767597000        1.59153997849089057000      -16.44533760069217010000       -3.16125673152968023000       -5.34232512953058780000        7.12249159542149446000        0.81897015629886005000       -7.43423725831932103000        4.09958898197249155000       -0.78787365279674348000       12.36881469341357764000       -0.39693901642313795000       -6.97357343527140472000       -0.54119754227146233000       30.27562901295794260000       -0.23579030958713704000        0.86511628026236342000        5.83208812887126449000       10.20644303663852881000        6.73831621250522783000       -1.53690235635748462000      -11.32596369912059409000       -8.81188038359769976000       -2.86746147542664565000       11.40215940024276087000       17.55556975511949960000       -3.80886233824311216000        7.09611263947044613000        2.14941662468357109000      -15.78923833183257663000       -3.79386365129080527000       -5.12500865833736619000        7.49035740041894016000       -0.56053410436941797000       -6.48374818516190743000        3.73535022882788326000       -1.00205326734601630000       10.98946982061458577000        1.23663560342605816000       -6.75956470665469755000       -0.89856993412076291000       30.90828235887828160000       -0.48710401469501030000        0.96535399888069129000        5.96388863108317135000        7.32619842053744286000        7.60312375955682729000       -1.39341087042005363000       -6.75213166282940946000       -8.50458455488531406000       -2.68898564502989590000       10.65184730928518242000       17.43806997409462770000       -1.86429851866842777000        7.52947992145208644000        3.80879225977395119000      -13.18333855184826398000       -4.46253134044968647000        0.22401609526161001000       11.80337280942921119000       -0.05897294860253655000       -3.05889564925801771000        3.17834799344478425000       -0.54241808440890049000        5.47607134914783522000       -0.41090326496651342000       -6.44615373694202720000       -0.77525630164843218000       31.15073500638852620000       -0.23138506750060239000        0.61919053547168457000        7.22137031604439450000        9.28574017970017529000        9.64378030734343739000       -0.13847927309283975000       -2.73235028438331451000      -11.74057409609104852000       -3.29262415431457356000       15.07958157872476335000       16.54428175201518770000       -0.15395084160205508000        7.87443125509087416000        5.06419472553310790000      -12.77454827508161728000       -5.71302624735127917000       -0.77700258412838707000       12.21700676188060974000       -1.56903654922453351000       -2.10145904231044334000        2.33428977139808680000        0.01905803247227466000        4.05773608557855070000        1.15132936674933939000       -5.61051720596736647000       -0.28721928888570464000       31.23084903226414260000       -0.05291077451254144000       -0.34053865906274167000        5.68168132494570433000       10.12775533170941955000       11.09939370883461152000       -0.65802944070853686000       -0.85677240369487495000      -12.00948183118551427000       -2.72108188313369448000       15.07843854893849311000       17.05515440802788870000       -0.82800768752034548000        8.30210209354602924000        5.74172474298090041000      -11.61578940114798542000       -6.03996937640168952000        0.13716736883328245000       12.66683124776198355000       -2.42657047174094620000       -0.40465781928486722000        1.39984187882498179000       -0.44731017883546564000        2.69141113197888959000        1.06455044663523002000       -5.36738492440685278000       -0.16423471439661791000       31.20491375612812850000       -0.47001464166431994000       -0.23301720495949535000        6.69699954188111946000        9.98968319515931391000       12.54240157069527051000        0.51962302757888201000        2.13049486453212422000      -12.89328022652749262000       -0.49883401829530821000       10.72286113133085372000       15.57185996515077875000       -6.34034068290450836000        8.97340000737573362000        8.73584645445463614000       -8.44452247346805329000       -4.09020553077878191000        9.23114694680557690000       18.81776523471500790000       -3.61653588215541344000        1.19347185099909070000        0.70811554176985503000       -0.20206637811797573000        0.92581700234441333000        0.77383391798247925000       -5.32489691829775413000        2.73355669586166483000       32.57117013894312410000       -0.32012884104358497000       -0.38788946728765461000       11.70343940411423311000       12.95328773949698054000       12.76481062059547078000        1.96378915144445099000        3.33189932887614848000      -14.61444226721832429000        1.80089537894562235000       14.12158944212736245000       15.92259167906715689000       -7.82168387717736024000        9.23307099785765573000        9.35500781002723869000       -6.94661567699025539000       -4.39031569225826335000        3.69124638047015319000       16.08861821516183350000       -6.40380213690925348000       -0.13934809579121021000       -0.37684342375778607000       -0.25278201864723526000        0.78340653121710235000        3.39617859739733685000       -5.61265140105810456000        2.54738018501526664000       29.15782626881980020000       -0.39573474939715791000       -1.19586386636608322000        9.91139124286861772000       13.52060361915254205000       14.54641455091865687000        1.35206087499937078000        3.35036506412824364000      -15.95272677545951723000        1.65112264890997062000       13.16562148675746791000       16.57279483465128320000       -9.41817380403949222000        9.67519168397679152000       10.53933271493043300000       -7.20652731339343156000       -5.23861568670506284000        5.38350834229825725000       16.23356107034888040000       -7.16034167826823698000       -0.21623688454627119000       -1.06899176406001772000       -0.52429014567354015000        1.34305348516711187000        2.66156075930653424000       -5.77264176313949928000        2.74901252390979201000       31.09211671009534680000       -0.58529943170502130000       -0.80123832208856260000       11.21056166319185543000       15.77892301174426848000       14.19176562724608637000        0.96575554995720625000        3.56551115606062075000      -17.16672973983671820000        2.76412824309004357000        8.29865544108560549000       14.49894212350871747000      -15.97654262020697757000       11.41513787202024410000       10.87809670851389043000       -5.45959641722200129000       -5.04463525703952165000       10.61344790259981785000       17.12523493077313570000       -8.62513679599723737000       -1.29559510078780105000       -2.69666241774317639000        0.04617937129510526000        0.53396317587700515000        5.76026808075204233000       -6.82658483923331261000        3.01698499981438406000       29.14174306075515730000       -0.50446965356004747000        0.30393181847820655000       14.40867454899510491000       16.00074814816482420000       15.98832092997271559000        0.17398026417955045000        1.65108733685518505000      -20.68931360450455160000        1.51988132987778535000        7.58161574102460545000       14.45656900638663700000      -17.00237344140379040000       11.72112234493675054000       12.09139297033163984000       -8.28685005205302616000       -6.67391376109362344000       13.99073305504175480000       18.10251880965954290000       -7.05165603966699717000       -3.05241342979676800000       -2.61577469279084784000        0.10551794174395666000        2.17671965781556187000        3.96067640239362762000       -6.40579412089942313000        3.50365374767409721000       34.23412930464509430000       -0.76341749639183265000        0.37698664769412532000       15.77598302245569961000       18.92521809439143960000       16.24419017724511960000        1.09238177811184278000        4.32645406661804177000      -22.38005233704862110000        1.78120459783745222000        8.30119252669119767000       11.34474035215215792000      -17.98588176523058730000       12.29217453122833526000       13.34724892088475912000       -6.54326835041821564000       -7.75527451848765370000       12.99325191764617671000       15.80218216963611866000       -8.87965393456457797000       -3.32088715345209362000       -4.46425024330090903000        0.70848093848644100000        2.72167541504916644000        4.69094909336524779000       -6.38709327399015514000        3.64180334941743045000       30.82489136132634400000       -0.55586847895341329000        0.48939590113250675000       14.73631381947521923000       18.40751544751138980000       13.77615834159868413000       -0.35606320894484972000        3.90107780796709847000      -19.68248884192048820000        0.93561733925355717000        2.55340629221723647000        8.56305570986651610000      -19.30998978722389130000       13.74737912556080310000       12.58078705179680057000       -4.36102480970651918000       -6.93527506582260322000       19.93565642946021300000       20.15264028945980710000       -8.00582991343210537000       -3.79884980670553984000       -5.88682259302566813000        1.25847330014358350000        2.44262443802266738000        4.39717013760671804000       -9.05726362960098008000        4.86905422349091044000       32.44321864038811040000       -0.10451497926217551000        2.73565721560941189000       17.33363666851821350000       17.75473153144739770000       15.23001934323100670000       -0.52401383338594010000        5.59152468624648513000      -21.20045474630686400000       -1.37918472302783557000        2.62601695928327894000        7.09404425255818083000      -16.22373160556034580000       13.96174174159367176000       13.14388270943701364000       -5.04059754429951745000       -8.36342241605176540000       25.30465184567730570000       24.04302935074635170000       -5.88714037814402946000       -2.33037375506266198000       -5.93331723421524160000        2.04615437114701848000        1.39631452730977679000        3.29713338425291669000       -8.08274105667221754000        5.55811307090101803000       36.19719270440167950000        0.30708888759865111000        2.65870304329614893000       17.93562692171704140000       18.99470655031390720000       15.17365833977866707000       -0.71447402790634873000        7.37567975101911699000      -21.94076723927321380000       -1.27672567178578267000        1.27957978235512271000        6.16205282965695211000      -16.82476457592988340000       14.94443878597295594000       12.60927964854149152000       -4.16805866191193797000       -9.30583820098060066000       27.70929392935293830000       25.27960673940183510000       -6.63292117004557902000       -0.60439545392698901000       -6.43734277023007540000        3.17897826553343688000       -0.72643031552360282000        5.39238139653801696000       -7.63815063085639689000        5.13898367620121110000       34.40911944607401550000        1.28293353428801904000        3.21543059902234729000       18.68587804180356570000       18.32569457524160230000       15.06050079134889152000       -1.79270723991958958000        6.54842572470606310000      -20.19427070077291830000       -1.25015031268000842000       -3.32104942991068208000        6.46640138434664635000      -19.21942654772231050000       15.36290678539581833000       11.48004643066386343000       -2.95337782301814267000       -8.50567586931670405000       32.64532469065996880000       27.88759618938938090000       -6.39663987071467322000        0.85304330163801967000       -6.15192805145099264000        3.35820772560633385000       -1.86249187563642882000        6.82457111195415500000       -7.18575763959271452000        5.41108466567821456000       34.16498150045714510000        1.41028484709420332000        3.86979107782288523000       21.26800064314241110000       19.62159637502773530000       14.23526572954345859000       -1.76347796431677395000        8.09068731498582139000      -20.46850580984260400000       -2.23321267539103818000       -3.43636999278143973000        3.62943600789820486000      -18.69470116216611540000       15.66592433847106669000       10.06898620110610487000       -2.24806601238386783000       -8.41395796221133097000       33.64187229854236700000       28.41051135564431010000       -6.19638281941842717000        1.52224485397440890000       -6.39936133671007745000        4.33318653427212830000       -2.88202706979538581000        9.43748463782448255000       -6.75596981245249850000        5.21412640146946860000       32.11303389708648840000        1.98980881185263447000        4.35256369668945009000       20.84348758093075920000       16.33605533461799910000       15.21078906364780892000       -3.61931323131238702000        5.50462781372563725000      -20.27445053851875660000       -3.79516499256647810000       -6.37724239151766525000        7.56665623612608229000      -18.85336783103309700000       15.39225372205202902000        8.52793056992796394000       -4.60534231627354806000       -8.53502851542369712000       37.83868700000493850000       31.30385886839354730000       -4.53072462681123866000        1.81773984622029605000       -4.16804935585687453000        4.32813398587217879000       -3.64807086622982357000        9.65935244433203088000       -6.36497517240264621000        4.61261107483956057000       36.29718221948856180000        2.29554788260470710000        4.44485834504234312000       23.03463697843224980000       14.62287109874013424000       15.86593458308847282000       -5.02151260914362041000        3.46980177288686953000      -18.45900136511812310000       -6.16148519066244305000       -5.49150864263526728000        8.68616581154456568000      -14.79783880324802503000       14.59712405228277987000        7.60494636191263940000       -5.55733704977993970000      -10.83936386258079487000       37.37289392714164650000       29.33718169572498270000       -2.11151445097459822000        2.66083166980566288000       -4.25129233748115709000        3.84525225538368387000       -4.47246747327185812000        8.47382402994414541000       -5.25673276951084034000        2.48084379515070141000       36.89195233225979110000        1.71999195488030954000        4.47627718667416197000       21.15304197090674520000       12.54243565193586463000       18.43453315323425910000       -5.29245117639871232000        6.55091148767555431000      -21.56207107241927190000       -8.97425868913760638000       -4.29227298865280726000        7.19147923231532360000      -10.72343098601275280000       13.97975361346546741000        9.40328730376951327000       -6.36845905231802423000      -13.00683369844474235000       42.05111169255156510000       32.54780091073634200000       -0.20554988450904771000        4.73581218023973083000       -3.86893479597004619000        4.27821925819159787000       -6.70316416830566553000        5.43102625477677758000       -3.84185294761435214000        2.53626405130681265000       42.23649333399951190000        1.89426615073836135000        4.17514278684142148000       21.14895723806736780000       12.39655570525666306000       19.40050489931164530000       -6.02050606728976678000        7.82641886807546072000      -22.79403375095070320000      -10.85742910408660045000       -3.08480497310686319000        8.68785669407716910000       -8.84665604373844872000       13.87206010114788590000        9.24645705206011215000       -6.15070260274182257000      -13.91499217581573156000       44.25173756509124700000       35.53292544875412060000        0.36330003428469415000        5.97454386249024250000       -2.25361065516911108000        4.26284911911772380000       -7.86172238703573267000        6.04770316391163387000       -2.87974619677718380000        2.82382339531177218000       45.22521884335239410000        1.61712508805238730000        3.71816943374654496000       20.83657726241026960000       11.07896279460039146000       19.69445613614943010000       -6.78087607775368628000        6.38252913656752785000      -23.62743920141334540000      -13.85070349337628492000       -0.75988441962899544000       10.53651781502188278000       -5.72550684360892070000       12.70113814518838069000        9.72428595656062100000       -7.09911653362179429000      -15.19512269353353773000       44.76097067650109550000       36.20029466541724620000        1.96497883875793100000        5.69072295464150901000       -0.29981312003512678000        3.75150153231846817000       -7.76227332847728757000        5.05009297521978695000       -1.75029476982929721000        2.56927407729632851000       50.06165881908015080000        1.01968354447386145000        2.91994299571179727000       18.66816911348890070000       10.52805806418686707000       20.99980815134190590000       -7.32131601337471327000        7.69951142112111153000      -25.38229240182221600000      -15.81481149517250806000        0.78901980769025370000       10.03608493373240762000       -2.36276338362716443000       12.32276114930946598000       10.70220812592685711000       -6.83970219447650951000      -16.41498635185656600000       46.70062081158627620000       38.68503935929791740000        2.95068166953064770000        6.35297490172340051000       -0.25688521168446549000        3.44015160692021427000       -9.12459424909494743000        4.04342179579912386000       -1.22331933266641024000        3.00861107365123637000       53.29097054480506300000        0.44813627625025887000        2.73560466464605412000       18.02481480237303660000       10.96010704491615151000       20.96336310371579610000       -7.75005626650363855000        5.43599804902922568000      -26.12573867230645770000      -17.35377096974972490000        1.26962041465410813000       11.27856197091669621000       -1.93640382157089674000       11.78362490412801122000       11.13810688897652845000       -7.17590958991265815000      -17.53140835332246540000       46.94577792643123360000       39.38379292111071100000        3.11729844129513012000        5.67268458552046972000        1.27154333569323041000        3.35440527604058758000       -7.69131298996888635000        4.26884760453449186000       -0.42729951956528828000        3.11057842724369626000       56.41351494843570440000       -0.00547427491575886000        2.43596997973712659000       16.94411461385207220000       12.30008861120684216000       21.31059134883927440000       -7.32435209326528724000        1.14757000526681319000      -26.94606985703586590000      -17.45409156891766860000       -1.06398706781288999000       12.38533340207531985000       -7.93967476126335026000       11.08906974427803327000       10.11350445973974388000       -8.73033489279176500000      -14.90103911083949839000       49.34631413601454140000       41.14507606405945950000        2.56066129023684796000        2.79666215178719524000        3.42756688671268117000        3.26576725209429641000       -3.39492061381573418000        8.52604191167157133000        0.11732374406837745000        4.71756734947487821000       58.31203139374010650000       -0.17280724195007693000        1.99326379346706006000       19.41767923694563440000       11.13938224623760576000       21.86377903316137860000       -7.69446972181313704000       -1.51958281464789113000      -26.62137403642855200000      -17.52139448911356470000       -6.81016387007202528000        9.76258292000652084000      -11.83985060484937612000       10.15099902915857832000        9.15398638886268046000       -9.38607588590248021000      -12.99530778688716026000       56.62768855790123720000       43.23537903886665390000        5.32500155318531743000        1.87894336991837552000        3.99271567522179494000        3.52444199081880205000       -1.76388650842457917000        9.28035723783713706000        1.20974120303788846000        5.29701400054252147000       58.82069812632500570000        0.06513785468279340000        2.60155367125393067000       23.39586847869143680000        9.96373209236455004000       21.46494262809064680000       -7.96298639288549026000       -1.53723994879453119000      -26.06757486045261270000      -14.34101246663521678000      -10.15813481453510470000        8.21335942865476909000      -14.66951946079321622000        9.70948309673874022000        8.47398641924235818000       -9.25597255779220696000      -12.36500445731518560000       57.29964190734138900000       40.48680697483961670000        6.83845999458430143000        2.06365875953064037000        2.96792922289636296000        3.42831527485146470000       -3.11914273657273355000        8.14437707826621349000        1.60839833849478642000        4.22018360519080460000       53.50564767222926580000        0.17588229492146198000        2.93496636106584452000       25.51997655714507470000        9.34217509020911407000       20.97224918051190200000       -8.58495651909843893000       -2.80662030954239450000      -24.91530275990153950000      -13.88508228635385500000       -9.45285004515189797000        9.46408624534334209000      -13.66977779003051019000        8.85702421357142278000        7.46978380905548089000       -9.89762630340435301000      -13.49502322599163229000       53.44753908095422190000       36.07258744020528240000        7.76067430952382331000        1.96523165607909789000        2.79390402250512704000        2.73980445905520842000       -3.61265622782029094000        7.53745605038482847000        1.84967344856008387000        1.82629036675026191000       50.83875334657899000000       -0.19974313213975700000        2.59923850034584758000       24.13753689514211230000        7.74059160005538427000       20.40886885857075940000       -9.86050777252077815000       -4.91491052692455366000      -22.84566241338805880000      -14.03538968444734003000      -14.61496569171980298000        9.37661149051929854000      -15.90910931086955493000        8.52837031421460701000        6.26431457662882174000       -9.35512341978390793000      -12.35802830489612702000       56.06507159780866090000       35.79173349774717390000        8.58628178234360107000        2.14725423570587637000        3.02986187497209913000        2.14128342715716746000       -4.05969715775814777000        7.83257577084401024000        2.17864707734685537000        1.10228411332471055000       49.34764092918852900000       -0.77435945661134531000        2.97431309368224950000       26.21000441579709770000        5.92942666489820880000       20.38638366852961070000      -10.73419875476764140000       -4.43725913764209068000      -20.54091930167328070000      -13.63320456638217593000      -18.73949559589939540000        7.34962515000169958000      -16.52675808692437090000        7.79464662753356396000        5.86519819917424190000       -8.10296674582684240000      -11.72144161012051633000       58.41728135431454660000       34.23826552431973620000        9.92731468535606609000        4.18803004306385951000        1.96324592853680557000        1.45285429193424975000       -5.14414166555475383000        5.37254588788627796000        3.42782171241476830000        0.75537076446096563000       46.29370726321156580000       -1.34120385799101327000        3.06420523355833385000       27.57920062936461390000        6.78765705008450038000       19.47820627486206040000      -10.53611629313094689000       -3.37181764528438110000      -21.57618806629994520000      -13.73972590064357213000      -15.73221576464163363000        5.71645846132808710000      -14.62170241583805108000        6.74221894694487212000        5.14776186699549410000       -8.47473791917191477000      -11.74248291602256344000       55.69917085655662700000       32.88601064312494770000       10.72727585687773200000        4.08739077990909205000        2.58510408389779833000        1.63336946143855499000       -6.01944290333628373000        6.58070232018519885000        3.86954434370431066000       -0.37081030799883341000       43.63650195237742930000       -1.13708896974255769000        3.00935509735193962000       26.14136031152233740000        7.11907434235393577000       18.71924851267879220000      -11.16871387581264941000       -4.64119703540686768000      -23.13366132133449330000      -13.28097867548113875000      -17.23565317699652160000        4.90088642858822343000      -16.10548924525685170000        6.77802385851494904000        4.56089453455771920000       -9.47913373472110443000      -12.84428589685797739000       54.08077828577947340000       29.63994592794148630000       10.72221318204245399000        2.78614240206088670000        2.39037398630116726000        1.80838528302381296000       -6.17420601404830460000        6.81187476796355718000        4.06896382738526441000       -1.61010106041421541000       40.92171243555921480000       -1.22550139430238647000        3.25036114461450065000       25.77440279630330270000        6.10728789201511102000       17.95532732496139160000      -11.53481010760705239000       -5.28755068496055802000      -20.96150298523418700000      -12.01085126646337464000      -18.41521247330960160000        4.25387792447213808000      -16.61040401372040880000        5.86790398181340933000        4.53933776135276368000       -8.66244982516468198000      -11.81211426410400556000       51.32837350492115290000       26.09253232309075440000       10.88474276528152629000        2.78270845451532978000        1.74878201402818467000        0.82947483193114824000       -5.16862746215478985000        4.18595586890416804000        4.44745392848654664000       -1.60451259767270571000       37.75741675117524920000       -1.88974711830749920000        3.20432355554715897000       25.25099320008090230000        5.17519609704869943000       16.74382464690597420000      -10.79646118632515694000       -2.82274462778635327000      -22.41562475801575260000       -9.38017085321455113000      -17.00422052193838950000        2.21520154322215435000      -17.16055379048364320000        4.56381399345483008000        4.34660080428494755000       -8.68352459622504469000      -10.16550832925224945000       48.87786874702278790000       24.57085748229551920000       11.26004935206659319000        2.89741197405491713000        2.35328733301565762000        0.80273500300931444000       -7.25512971065998880000        4.16775057528896919000        4.65282640847820606000       -1.77111020443887424000       32.58360389940774130000       -1.78080352821177890000        3.05555704242240322000       25.28632134838849770000        3.74746588052474383000       16.53022775633976950000      -10.78128973310360017000       -4.28862558680800454000      -20.74016727202628020000       -7.27465949479823504000      -19.63064546362550900000        3.99790829571789219000      -19.94606331916832080000        4.15438062757481141000        2.53986534838431721000       -8.88973882305514351000       -8.17681109619318036000       49.45699565378284750000       24.43692436196328900000       11.92721708585586526000        2.94042337389581077000        3.18053503535674720000        0.72964548819324082000       -8.22816112848119019000        6.45055385104401680000        5.13874563086230118000       -2.58598789979907773000       29.30622288051023010000       -1.51091801364405187000        2.61693754588164840000       27.53566017842508270000        2.31077275490669853000       16.60707953438463850000      -10.93431537800325337000       -2.44072851207691999000      -19.43282837420622760000       -5.19338052873307365000      -21.39798112536589510000        2.20262057283295665000      -20.68115009297411430000        3.39354802852290050000        1.07979090204833117000       -8.55393777159509305000       -6.78105017009439681000       49.66563426005556890000       22.42566791373380040000       13.29267087111002610000        4.62753869530987405000        2.29819385311552971000        0.50438981962398666000      -10.24491040383925444000        6.20557843461205749000        5.96961594129318218000       -3.29628086581091617000       23.54372635827818530000       -1.46740225271037228000        2.69870913604000995000       29.01335381926145730000        0.43188731802250074000       15.59513717623348938000       -9.37355232996862142000        0.05739428760220140000      -20.70805705585223680000       -1.88649841245211425000      -19.76522647776740980000        1.03013945549657837000      -20.64591336694380890000        2.00554195498669241000        2.23269922974460711000       -8.53214691758360289000       -6.03705855338656239000       45.54652261232504170000       19.37492447899720460000       13.42460782467790104000        4.42389830662352512000        2.56651303167385425000        0.46967627327222772000      -11.75489251488997056000        3.78095895431510742000        6.09826180561145925000       -3.87839514463370083000       18.58246836401819380000       -1.26625516902559165000        1.78272357558378625000       28.27734598586184940000       -2.52948068789685099000       15.09803790446541960000       -9.32325887421574251000        0.92900683011863139000      -21.23018621749456970000       -1.42533336256846810000      -19.71663007148136870000        1.74798501178320276000      -19.89948282788746780000        1.37143006513387800000        2.47584806868713025000       -9.19470350140862003000       -5.77071870170533252000       45.74360049962665190000       20.00414436713455050000       14.40058858626134786000        4.55750339861836906000        3.86612165030132671000        0.53258683789523686000      -13.53223366898132696000        2.36760408200415950000        5.98724559146896329000       -4.22367147259266318000       18.67307846661334740000       -1.33619832853211173000        1.37631230589769160000       28.43041574858018800000       -1.64550813019179265000       12.54580982370330311000       -8.49964680822778540000       -0.58583283367502736000      -19.07625084578329930000       -2.79586993522919602000      -18.60632741465623850000       -0.19626462711471909000      -18.10211413227777300000        1.09019939092394469000        1.41613361157010220000       -8.57111326769250503000       -5.03427417036143776000       43.25285166093124190000       19.14221314919971560000       14.95509498526545933000        2.35936838971506901000        4.17214573826425639000        0.91177508394824447000      -10.36232704485447975000        3.23174326691575597000        5.21207198338183453000       -3.56398313198583061000       17.70615552674874140000       -1.34230016740790603000        1.39850047538497901000       25.79270918516283470000       -1.09723805061614299000       10.34768092951649621000       -7.18018223596641825000       -2.17595650017545550000      -18.38197886917406270000       -2.93782702728748468000      -18.40502212763210820000       -1.22060067976830733000      -19.02303410725111380000        0.55087914750942102000        1.24371289089818959000       -8.36433874047741099000       -3.30190078719249858000       41.52105276846839390000       19.19036804514160010000       14.15358075839228214000        0.02269640914658129000        5.32584670168041452000        1.24755384120851209000       -7.32951436424908476000        4.52647382191386072000        4.34359637291085843000       -2.21734041227026291000       17.36433383452535750000       -1.17768073355421854000        1.20327692284617527000       24.62591036796179370000       -3.05796534665056718000        8.43924121005133543000       -6.92778359481268602000       -1.99322914762106107000      -16.76652313874663490000       -0.34818429214228930000      -17.83417162342453110000        0.45688654359648911000      -19.10958321981051710000       -0.18126117938931058000       -0.45789816056962562000       -8.25979457793672900000       -1.19210622630417951000       37.99236363360855510000       18.42360286895205950000       14.55900887433454649000       -0.05406282809618593000        6.54111804783716888000        1.03485732120414475000       -9.18058218028896711000        5.46002988999106531000        3.97736169992983957000       -2.80824094051390238000       13.21198561206851530000       -1.06558319640013988000        0.59892340141643019000       24.60538935213093130000       -0.95411263433666116000        6.07391909465163948000       -4.40680675049639614000       -0.11480652930005955000      -15.27256379657657170000        0.81269181207235375000      -16.27904502704173240000       -4.98095271925280070000      -18.80914341853299380000       -0.61041401260372397000       -0.08343185016626846000       -6.05388578864874649000        0.19559713779306148000       34.24115956612005360000       15.31586353548176405000       14.17036266559012425000       -1.52331431521779748000        4.76720701495965571000        1.55840859765623430000       -7.10454739589239903000        5.97045953939546425000        3.10686799370377686000       -2.30391281530733139000        7.20048555370287957000       -1.04719738537969675000        0.26265011932433535000       22.56166849240431920000       -0.43116651540674283000        4.43325276170272264000       -4.74591992690211928000       -1.32390081436580864000      -15.97958873194085427000        0.15167636361650455000      -17.86387944079998390000       -5.30699186508772858000      -20.52016964794829330000       -0.18776446385453616000        0.20020822131469923000       -5.46603024500453660000       -0.14586026732400853000       34.28778643369666670000       15.09780126866511196000       12.61034715912485638000       -3.06950356066357122000        5.38886961200788051000        1.88542558184177089000       -6.31152291132069010000        6.94804591436745955000        2.25459290155272951000       -1.78171283936545577000        7.33683831859053282000       -1.27992712626747673000        0.77722669198997762000       21.77595793408563550000       -1.00448396033008192000        2.69223138052318856000       -4.18645631536242302000       -2.36263289693790801000      -17.22919563629446670000        1.01268637857008481000      -17.93152811919077650000       -3.21262727675856530000      -21.76984683439646420000        0.41348267505357661000       -1.07145328355289204000       -7.64721784863871612000       -0.08275083621503342000       31.00927704759234520000       13.81371006247560906000       11.38596638041028264000       -4.79690990470665124000        6.81051159245658333000        2.70292561523264085000       -6.60805658115693984000        9.29280251709791294000        1.38093467189966801000       -2.22788536215078059000        4.39078337366629423000       -0.95839522450423742000        0.00414048659971039000       21.21713505465326220000        0.32516958003426916000        2.54703889193918620000       -2.96637508758449320000       -2.35979975285333365000      -17.24293975783576730000        0.90921990896148930000      -16.29215919468967040000       -4.54045060648283716000      -21.32440963858827490000        0.15265299105033733000       -0.90751633923214714000       -7.48516127848288892000       -0.30666444482301497000       30.05926285014656680000       13.04787382220122716000       11.75318698301704856000       -5.73963233562169961000        6.38357646081850216000        3.12646842815769599000       -5.40813403158882533000       10.52050237239096653000        1.40676747252262557000       -2.62206306902598163000        3.75405443002399641000       -0.70749307973763775000       -0.48819071249154650000       20.32939731043170180000       -0.85485770947398454000        1.72009872861344482000       -1.76821897543955986000       -1.24630872992805619000      -17.49136394452556330000        3.92760377945472605000      -18.31306588636379120000       -3.52030172058165514000      -25.09870996382293740000        0.34312261056953736000       -0.58633692026597850000       -6.18065118053116169000        1.71860908916817956000       31.64234999944921970000       16.09295996701627370000       10.12337860273995993000       -5.86700986164266691000        7.57043795786958018000        3.55850670133175884000       -6.65073829210235346000       12.08946925622718815000        0.57134846033182018000       -1.09929143636205451000        1.94128315351992486000       -0.51405054852890342000       -0.84652824427810813000       22.49274481263653060000       -1.30008044728387429000        1.15992327891220892000        0.21827105069096439000        0.20831981483814441000      -18.00258696989616070000        5.35341928822095348000      -15.32451385871160276000       -2.34380372535911352000      -25.03481855755075710000       -0.10856195738261240000       -1.02250729176465160000       -6.85479926102892634000        2.23472450711385306000       26.96503238733403410000       13.81185700561445984000        8.82390265365850546000       -6.13331242172734292000        8.49313252694884468000        4.21435788475122131000       -7.04444207695106428000       13.90054712933859094000        1.06877363151711968000       -1.54769161452784454000       -1.90629569168103674000        0.11249728478215730000       -2.40177342550353945000       20.60076809026310230000