11         8        20        48        56
        0.00    0
       1.000000       1.000000      58.300000      58.300000      58.300000      58.300000      58.300000      58.300000      58.300000      58.300000      58.300000      58.300000      58.300000      58.300000      58.300000      58.300000      58.300000      58.300000      58.300000      58.300000      58.300000      58.300000      58.300000      58.300000      58.300000      58.300000      58.300000      58.300000      58.300000      58.300000      58.300000      58.300000      58.300000      58.300000      58.300000      58.300000      58.300000      58.300000      58.300000      58.300000      58.300000      58.620000      58.620000      58.620000      58.620000      58.620000      58.620000      58.620000      58.620000      58.620000      58.620000      58.620000      58.620000      58.620000      58.620000      58.620000
      -1.000000      -1.000000       1.077000       1.077000       1.077000       1.077000       1.077000       1.077000       1.077000       1.077000       1.077000       1.077000       1.077000       1.077000       1.077000       1.077000       1.077000       1.077000       1.077000       1.077000       1.077000       1.077000       1.077000       1.077000       1.077000       1.077000       1.077000       1.077000       1.077000       1.077000       1.077000       1.077000       1.077000       1.077000       1.077000       1.077000       1.077000       1.077000       1.077000       1.077000       1.077000       1.077000       1.077000       1.077000       1.077000       1.077000       1.077000       1.077000       1.077000       1.077000       1.077000       1.077000       1.077000       1.077000       1.077000       1.077000
        0.32600000000000001000
       -0.02600000000000000000
        0.16200000000000001000
       -0.13600000000000001000
        0.35599999999999998000
        0.00200000000000000000
       -0.05800000000000000000
        0.04400000000000000000
       -0.30199999999999999000
        0.16800000000000001000
       -0.16000000000000000000
        0.06800000000000000000
        0.33000000000000002000
        0.28000000000000003000
        0.27000000000000002000
        0.03600000000000000000
        0.09000000000000000000
       -0.19800000000000001000
        0.03200000000000000000
       -0.10600000000000000000
        0.13000000000000000000
        0.05200000000000000000
       -0.07400000000000000000
        0.11400000000000000000
       -0.34999999999999998000
        0.23400000000000001000
       -0.36799999999999999000
        0.03600000000000000000
       -0.18200000000000000000
       -0.03000000000000000000
       -0.37800000000000000000
        0.08400000000000001000
        0.02600000000000000000
        0.33200000000000002000
       -0.29399999999999998000
        0.10400000000000000000
       -0.40000000000000002000
       -0.04600000000000000000
        0.23200000000000001000
       -0.10400000000000000000
        0.09600000000000000000
       -0.09000000000000000000
        0.30800000000000000000
        0.05800000000000000000
        0.06200000000000000000
        0.00800000000000000000
       -0.07199999999999999000
        0.18800000000000000000
        0.27600000000000002000
       -0.33600000000000002000
       -0.31400000000000000000
       -0.05600000000000000000
       -0.16200000000000001000
       -0.05000000000000000000
       -0.09800000000000000000
        0.03600000000000000000
        0.19400000000000001000
        0.00400000000000000000
        0.07199999999999999000
        0.05000000000000000000
       -0.27400000000000002000
       -0.06600000000000000000
       -0.02000000000000000000
       -0.30800000000000000000
        0.20200000000000001000
       -0.25600000000000001000
        0.38200000000000001000
       -0.36799999999999999000
        0.20200000000000001000
        0.06800000000000000000
        0.20200000000000001000
        0.02600000000000000000
        0.24800000000000000000
        0.08599999999999999000
       -0.37800000000000000000
        0.33400000000000002000
       -0.03400000000000000000
        0.23999999999999999000
        0.32400000000000001000
       -0.13400000000000001000
       -0.41199999999999998000
        0.05800000000000000000
        0.01400000000000000000
        0.17799999999999999000
       -0.17599999999999999000
       -0.32200000000000001000
       -0.22600000000000001000
        0.15400000000000000000
       -0.33800000000000002000
        0.14199999999999999000
       -0.09000000000000000000
        0.04800000000000000000
       -0.38200000000000001000
       -0.12600000000000000000
       -0.14799999999999999000
        0.17999999999999999000
        0.39800000000000002000
       -0.32400000000000001000
        0.21199999999999999000
        0.06000000000000000000
       -0.35199999999999998000
       -0.09800000000000000000
       -0.01400000000000000000
       -0.14799999999999999000
       -0.01200000000000000000
       -0.12600000000000000000
       -0.02000000000000000000
        0.22000000000000000000
        0.31200000000000000000
        0.22800000000000001000
        0.00600000000000000000
        0.02400000000000000000
        0.10800000000000000000
       -0.17999999999999999000
        0.23400000000000001000
        0.01400000000000000000
        0.14799999999999999000
        0.11400000000000000000
       -0.12000000000000000000
        0.04800000000000000000
       -0.17599999999999999000
        0.09400000000000000000
        0.14399999999999999000
       -0.12000000000000000000
        0.33200000000000002000
        0.08000000000000000000
        0.14199999999999999000
       -0.16000000000000000000
        0.28199999999999997000
        0.38800000000000001000
        0.47999999999999998000
       -0.09800000000000000000
        0.36399999999999999000
        0.37600000000000000000
       -0.27600000000000002000
        0.31600000000000000000
        0.33400000000000002000
       -0.30599999999999999000
       -0.09400000000000000000
       -0.15400000000000000000
        0.04400000000000000000
       -0.06800000000000000000
        0.07600000000000000000
        0.32600000000000001000
        0.29799999999999999000
        0.22800000000000001000
       -0.23000000000000001000
       -0.38400000000000001000
       -0.04000000000000000000
       -0.29999999999999999000
        0.39800000000000002000
       -0.07400000000000000000
       -0.14799999999999999000
        0.35399999999999998000
       -0.37400000000000000000
        0.34999999999999998000
       -0.01400000000000000000
       -0.22200000000000000000
        0.23799999999999999000
       -0.07800000000000000000
        0.48799999999999999000
        0.01200000000000000000
       -0.35599999999999998000
        0.32200000000000001000
        0.22000000000000000000
        0.24800000000000000000
       -0.04800000000000000000
       -0.09800000000000000000
        0.38400000000000001000
        0.14000000000000001000
       -0.14000000000000001000
        0.08599999999999999000
       -0.07400000000000000000
       -0.17000000000000001000
        0.21199999999999999000
        0.00000000000000000000
       -0.20000000000000001000
        0.38600000000000001000
        0.35399999999999998000
       -0.07800000000000000000
       -0.16200000000000001000
        0.04600000000000000000
        0.14999999999999999000
        0.34799999999999998000
       -0.02600000000000000000
       -0.37600000000000000000
        0.04400000000000000000
       -0.15400000000000000000
        0.10600000000000000000
       -0.30399999999999999000
       -0.38200000000000001000
        0.02000000000000000000
       -0.28000000000000003000
        0.34200000000000003000
       -0.10199999999999999000
        0.04200000000000000000
       -0.37400000000000000000
       -0.35599999999999998000
        0.21600000000000000000
       -0.17799999999999999000
        3.90796867755934052000       -0.56403537854478691000      -12.61299737639377305000        2.57449274396563377000       -6.45302153668043488000       -5.64956735924285702000       -1.40996287647361407000        4.62504883183788706000        1.12399945604232165000       -0.76883426519691678000        4.55159953702611375000       -6.42676547387356845000       -4.02550865855290851000       -0.79664007952587834000        2.19031023540179159000        1.22261618769041247000       -0.52809290877972348000       -2.62843308821431876000       -4.90828435994077594000       -0.65166856914894888000       -1.23545209899805575000        2.13824062679216143000       -0.30201813908662695000       -8.24761038886973985000        2.77362256886574965000       -2.87811827563991152000       -0.31450790261766759000       -0.84625749534244099000        1.69363469208517992000        1.51486101499719461000       -0.90726134659159063000        4.79398015729177906000       -5.76719525406693645000       -1.98239108378567064000       -0.54524864580127175000        2.59098111787073249000        0.42448600403644093000       -0.26396708645413275000       -2.93705610316579913000       -4.48035858731113468000       -1.68168565744894094000        1.11697996146141043000        4.23568482378305333000       -2.77932377907878259000      -11.39094696009080465000        3.56427694838556519000        1.29993174137360157000        3.25231575206623624000       -1.77635177151673940000        0.60544184633818154000        2.60090778422256852000       -0.98977995101018990000        7.22286035066246335000       -7.84014345625245301000       -2.90417021513117835000       -0.90553994288411410000        4.48880359510721672000        0.69264489517614170000        0.07049931222255272000       -6.90840248355175124000       -6.63206426741942323000       -2.12910436609653875000        1.30982834949153704000        2.77410023536935757000       -5.03911218284052609000      -12.68652218768822237000        4.26567134930075653000        2.40748568432469101000        1.42541649424373973000       -2.16228385037083859000       -0.04620275090862989000        3.66314462893809667000       -0.14240265382144135000        9.74527972655612196000       -5.95865140806616278000       -3.47159670201579473000       -0.79659896042418987000        7.03482794652054011000        1.27472290720243064000        0.30811818564329729000       -8.51622308209175216000       -7.09745895370363211000       -3.73257333057762386000        1.11505927835686913000        1.07779442862633479000       -3.47757242631695451000       -7.46283766313997887000        3.06600778007628927000        4.41871518208156022000        4.74283672492608854000       -2.23059315535562286000       -1.83382153257981950000        4.33169948636110913000        1.18986591205788161000       10.79645652270054335000       -6.27600836950404428000       -2.10814970020619752000       -0.28121961910047349000        7.58356363936729050000       -1.12054152313366084000        0.79091409215088093000       -7.89974524599772554000       -6.02259411558052094000       -5.00028880735719383000        3.11495777865639711000        1.18734573288078082000       -4.57414336288730183000       -6.05440563811065502000        3.92159384910177122000        6.38494320613441158000        7.88227872400551810000       -1.84867534484156049000       -3.98915090835570485000        3.95026154258609141000        0.39594561966449582000       11.20007665760517668000       -3.89592724568882387000       -1.75504608461718892000        0.31864334363954233000        7.33053940339123589000        0.08533793889330166000        0.80200294280226558000       -7.95963885052585418000       -5.13104659255331352000       -5.15531773338778176000        3.67201686655755033000       -1.60970206358302503000       -4.92654033296404847000       -5.27571922400080240000        2.71174435714314122000        6.01168613005461339000        6.41922379031794410000       -1.32429780330842273000       -3.76294713047885665000        4.88655736814431929000        0.39708882756650471000       14.40913652552368696000       -1.12387452486611594000       -2.37112039270315833000       -0.10463886029399619000        9.87052299950482670000        0.75932742673256137000        0.94620757112779397000       -9.04686473124719726000       -5.21065605576114166000       -6.09079286616978166000        4.23006219645838222000       -1.24649965234796811000       -7.02101387207218774000       -5.55494653051100418000        0.32969727650215219000        7.54997230382733431000        0.24661279120163440000       -2.41006561413919851000       -2.79920382317953909000        6.45178206573256130000        4.01324696469158315000       18.97878677566752970000       -1.31988946614963232000       -3.21404602484277202000       -0.32482593035540441000       12.62802994817563729000        0.90178391096971344000        1.57568408090625378000      -11.01763694761685031000       -4.48546660336808944000       -7.25343700118246737000        1.93768779750003128000       -0.11917372619466121000       -7.05181978566919465000       -5.75930643014220856000        2.62415865434827111000        3.42976790755123417000       -8.14615995947262839000       -4.86853319781940996000       -3.47049418876330229000        2.65599215485651330000        6.34582351177997328000       19.57572352205177070000        4.37522189238203385000       -3.69467081297673117000        0.03083880981862442000        9.57841936764809532000        2.35794738239392743000        0.58035519216741893000       -9.72720327094975268000       -0.56813901071425588000       -6.46331388489674641000       -0.49034443222181340000        0.26576059580134104000       -7.34558929059840260000       -4.32152008274878519000        1.56662234761309049000        3.26989810739227993000       -6.07858575208228036000       -4.05449382734302155000       -3.25765504305697995000        2.76405249784596263000        5.38002123466511417000       19.82562996018219080000        4.25979673084217847000       -3.53776061375889883000        0.38696097210815039000       10.03942595277755778000        2.55891962430032605000        0.81251134928264868000       -9.09294586916621839000        0.06959979877211796000       -6.47257956118390254000       -0.47453806050121378000       -0.85369553589446889000       -9.63466857256546305000       -6.77052206926464795000       -0.15836171608577465000        3.09846553741509290000       -8.80854613582028989000       -4.73273402010582167000       -0.38263498393267137000        4.40455316999261814000        6.61204184674701168000       21.63361576337214840000        2.54646233102295305000       -3.76570692916186767000       -0.46838057104699038000       13.54350810652931791000        1.18371547673843747000        1.27845006751632617000      -11.16425854938437290000       -0.38084586898519363000       -7.33919074021653461000       -1.12043770614330329000       -0.62797531784556726000       -9.66967489314814088000       -6.28403659867717312000       -0.19391432022701810000        2.65089635341344732000      -10.39288577763958088000       -5.73863200404201024000       -0.61425053284052489000        3.32787341055690433000        7.47788900145628688000       23.38102683937299280000        4.42651385345495285000       -4.14541900080838488000       -0.67506557043284543000       13.31335711757496298000        1.39425344739859192000        1.08873084108490703000      -11.91660337393260249000        0.86463909293576025000       -7.13521034631221429000       -1.49960157697974106000        0.08001168241669901000       -8.96312033981090472000       -3.49600318838163915000       -0.49286778249204122000        2.25782196338316643000       -6.24222642868633493000       -5.09405778645013285000       -0.16893994881611824000        3.12511474906998332000        7.09137438883504068000       20.33273130811698690000        3.16216794741296425000       -2.37646026662678356000       -0.69115157115236014000       12.47098696105113369000        0.24469544972303586000        1.12561301041419615000      -10.12237396829640446000        2.52765379868911610000       -7.32479623984373873000       -0.64758921787994228000        0.24125266463059403000       -9.24941585865782123000       -3.60710811303478351000        0.07914766628708644000        1.29234210714336428000       -9.52159123086549286000       -6.29650369084637340000        0.29538995034467880000        2.04247079434234102000        8.53855555810567779000       18.61345015469042610000        3.98893664963323502000       -1.31444138174500447000       -1.19475418790258359000       11.16561278252593858000        0.27201619396984894000        0.70430781223926042000       -9.73474526525206407000        4.04549397062363791000       -7.08299352444625363000       -1.71759244309541792000       -0.03629778219920893000      -10.71553431865275385000       -3.66833342961657793000        0.37413491149274669000        3.04320768382823115000       -8.47888173542849621000       -6.52652448446472810000        0.02543610129699132000        2.63502543903768371000        8.59915612613175284000       18.36623430230307720000        3.55287091544692668000       -0.66383934284472002000       -1.53595061554657808000       12.42394261879055506000        0.12795528945267096000        0.98076697110256139000      -10.64606158908641831000        3.47637293840522643000       -7.89415223676651223000       -1.78950776457564009000        0.76488728970104514000      -10.50297511974341091000       -2.32495547005176917000        0.03671015231506505000        1.42616601172262913000      -10.38226714718380705000       -6.84212585850441535000        0.24055741209707490000        1.59310290387363396000        9.26283696717109706000       18.13114481844914040000        4.25920508752574722000       -0.49170937751287025000       -1.37585882934499604000       11.59243166532627889000        0.49738764310796835000        0.82414074317254837000       -9.26856399946090193000        5.44709098738534792000       -8.05694145022914654000       -2.90140928877996007000       -1.75681574044777866000       -9.12344218025311449000       -0.75473559649675692000        0.03780176844001980000       -1.31397508087883197000      -15.09058015815524278000       -7.13913414179362604000        0.30296305825846787000        1.65712256938619396000       10.41673715757225516000       17.91679609160556550000        8.49746633303322518000       -0.46170037822652082000       -1.18382011131264253000       10.78916223885955006000        0.72699268240289439000        0.55135083373656169000       -7.31339411664058137000        6.67882358487923078000       -8.16389566841569270000       -2.93734331941543791000       -1.65476224001323291000       -9.49246606789797731000        0.09493305196438262000        0.17041803262364741000        0.65410531741715139000      -12.73035654107820136000       -7.17459703098835799000       -0.51531113599150014000        1.45521388205109536000       10.04597626868699223000       17.70191276428991500000        8.63565527122568710000        0.10896199847690934000       -1.61686711133699923000       10.82095068759522860000        0.92700535459442612000        0.60382352056717048000       -8.11461127381216762000        6.52851932896178155000       -8.09719567783867156000       -2.52132742362139250000       -2.57742272226523994000       -8.78557921570208933000        0.12431269552989953000        0.93767004972181345000       -1.31142268698595554000      -16.59837425101152420000       -8.54552109009624417000        0.23498436384702681000        0.40445720096250343000       11.99914990062984721000       17.04031262178589760000       10.50019424741052454000        0.53336417315261175000       -2.51059237909235211000       10.10608691516506852000        0.31759315516075615000        0.12602701434490254000       -7.99820146320844216000        8.12518218766413192000       -8.36139264627293422000       -2.75694339091596241000       -3.30377298935540775000       -7.37978076346153156000        0.10570907686688198000        1.29553862972279932000       -3.64679751924369722000      -18.24265776993786400000       -9.44642803036143164000        1.04775604936327982000       -0.41486044880678019000       12.59012828386907223000       15.28748779292736692000       11.55519029242515927000        0.93660445864703146000       -2.95390001778267886000        8.78554462595475805000       -0.90013582367160461000       -0.31287303135020761000       -6.81923795801999155000        9.14208614954384302000       -7.58761276027287135000       -2.20958270699566528000       -3.38407739564051813000       -7.20723046907574805000        1.38358195473275103000        0.83784644352877768000       -4.23006661177510512000      -19.73721223066220890000       -9.01592222080518013000        1.24107738685611091000       -0.51904907839171266000       13.05682584129437806000       14.60759243034888044000       13.15258330599576020000        1.16138827172613368000       -2.85478781920513525000        8.13149680972010991000       -0.25544578309275906000       -0.31345844490034558000       -5.44368305619506110000       10.41734421706074620000       -7.31677975151190463000       -2.77296167935136761000       -3.11219079750644534000       -6.68305264811946831000        2.71208666161921519000       -0.17832920767816113000       -5.26444149494041636000      -21.83010027087040680000       -9.34627609770030787000        2.51081591494133427000       -0.29912110268965242000       14.89932321534661952000       12.50259710965478455000       12.86187719997095513000        2.33746400281448619000       -3.02619545226445119000        7.21718234692886806000       -1.26529745614237021000       -0.22459509855750617000       -4.19604798507636367000       12.13637762384884056000       -7.19910591651414578000       -3.51358324354205154000       -2.64885792524565211000       -6.30832269519149058000        3.85756224500195177000        1.10878352250536216000       -4.57525537604163546000      -20.67469621091084160000       -9.63720591909503632000        1.07034845546938873000       -1.18653340946131669000       14.80289886973310054000       11.30238299878387487000       14.95574591682111887000        2.83891632644884062000       -3.10101664164568991000        5.50370376522534688000       -0.56917735973178918000       -0.43381539691423859000       -3.89653698323991415000       12.83792759617691814000       -6.82808959087382661000       -3.27165832326053563000       -3.36251331752771998000       -7.17413706792314532000        4.01608188513983500000        0.43803620416039080000       -3.66629848287661764000      -24.19885803078764400000       -9.76563176901359675000        0.79524801145039670000       -0.09372827853978458000       16.53844216077252580000       11.64337348893281288000       15.90502979107662895000        2.81545287730645866000       -2.85872672585875387000        5.77719076022855482000       -0.12322350274363184000       -0.02417407021694451000       -3.59284120416741004000       13.42915772881285186000       -7.59777147096301153000       -4.45298439301856508000       -4.10598450172543128000       -5.38114062162788454000        7.60042897208451151000        0.75645276597729827000       -5.81772900074904431000      -24.03740928691232880000       -8.86576965794932192000        0.40354482644366274000       -1.01495868263957090000       16.13290879429954220000       11.33974075619822486000       19.06695799229412810000        2.97797713121146668000       -2.39373542575215748000        4.43966412651600617000       -0.03644507938789954000       -0.07488791080124861000       -1.24761837793444341000       15.14768104123180947000       -7.37272944358534499000       -3.70649208434116062000       -5.37413036234034003000       -5.88487903623794573000        6.66713256692912548000        0.48477545136487760000       -6.89545970576257172000      -31.20189826021900710000       -9.71751579348750028000        0.98666412467349718000       -0.35126396191215370000       18.81029227643870170000       12.89637891981888096000       19.96477022755763290000        2.51563840529740501000       -2.55106836492430400000        5.42027120942422602000       -0.25258155321968506000        0.10411430016894846000       -1.22846444909551078000       15.70110641119764949000       -8.44510651390887901000       -5.08494870883124062000       -7.35433747532474058000       -4.82646209140979732000        8.82793736010612307000       -0.83643912039949175000      -10.07705401513491594000      -31.39511882791815370000       -8.86423446145947835000        2.70748829427717697000       -0.02479139113368237000       18.23516323338362710000       12.11047155741491466000       20.92856727638573130000        3.16040972422897770000       -2.55561254303040064000        5.95910757506172928000       -1.30216591117934510000        0.20463231855105654000        0.55296471323483776000       16.87751173917130740000       -8.80057539146107537000       -4.39606066856628264000       -8.01146383838947784000       -4.37758114220719285000        8.76785364383609789000       -0.75163046335863370000      -10.98647434074808160000      -31.40687055900480830000       -9.02753344879059938000        3.42658180237499499000       -0.34870093160292198000       18.22176281974447680000       11.89923823165575456000       21.21221349245441350000        3.18991843322296997000       -3.05099317866249731000        6.10578455962697753000       -1.97376982649834876000        0.07581898270295072000        0.37225421328445396000       17.02645132125618590000       -8.72926358600337871000       -3.85762640282739166000      -10.59085232987266956000       -4.04771496670833830000        9.10097709449303061000       -2.07344945549680393000      -11.72144197802754739000      -34.85726479794967500000       -9.28370337736900098000        3.89838058936313514000        0.70152090268709810000       19.30724387672479740000       12.95735479658400280000       21.42275689968901990000        3.32212332600127969000       -3.39519706534067378000        7.47715821887165522000       -3.04812013482713651000        0.43183827104489092000        0.45260030813529400000       17.08987816849782960000       -9.69392198897876689000       -3.74778949981320375000      -12.24179927569115378000       -2.94303295210532623000        9.76435491983527903000       -3.72288740429983589000      -18.55017588718098760000      -41.70294091218958950000       -8.26686035106212280000        8.17966725664119387000        1.32360194246627128000       19.93182353348197470000       11.97431019652887585000       23.59301222969865820000        2.90518185328420708000       -3.41352349089893004000        8.27216629833402095000       -3.44227158185777693000        0.28769602976353542000        4.10779694746848989000       18.66126045132063990000       -9.52819550376102598000       -4.87084469308582335000      -12.21734026136503992000       -1.47079290018976438000       10.25887221915085234000       -3.79511069609252738000      -19.52722039433138330000      -43.33008056771858920000       -8.26780304507737895000        8.81388656050374308000        0.95910920423140322000       20.99285971419586970000       11.23258564027516471000       23.89017281128699470000        2.82108374061638800000       -3.90197819145563285000        7.30053725928530817000       -3.79068498951222921000        0.14698374726730301000        4.44990925975212814000       19.12954073847241790000       -9.18573311674399306000       -4.90916282205067311000      -12.24248237793377747000       -0.97656896510867075000       10.67687160923670753000       -3.87031853520660230000      -19.90948258404032600000      -43.77956998964172190000       -7.93051111655669505000        8.27985528892192946000        0.88498792996113540000       20.60041608973996220000       10.11550187008867141000       23.96821021509326850000        2.98915356114861641000       -3.77767248717554738000        6.43596176976497514000       -3.28662414100877065000        0.20404921754756930000        5.51296889603670426000       19.32286747562109500000       -9.28175635438711844000       -5.28852023927267112000      -14.84009952555683398000        0.05984881703215010000       11.00132307412378019000       -4.35727759220254462000      -22.20457926126308120000      -44.70798346450167320000       -6.13731994412369364000        9.58886399521318467000        1.96088293338650055000       19.57555885262160440000       10.02597135200686473000       25.28486681131152740000        2.13919756462032495000       -3.66525665003019130000        7.62701780456622558000       -3.24616639161488907000        0.28008781978392377000        7.23077342577608650000       18.49658371683760550000       -9.59501148908686474000       -4.39136287438770179000      -16.25173167307043440000        1.49163513490343735000       11.69384296480309082000       -4.00863316416194682000      -23.59312555260750700000      -44.37294715556902960000       -5.03906042341291816000        9.24884929876035677000        1.31777546257808775000       18.15309710220626370000        9.80750892459991697000       27.41307464909215950000        1.65754733184770986000       -3.62570700552144842000        6.87595357531515106000       -2.49756712885236087000        0.08887520031516370000        7.79832161828901604000       18.10578867346042030000       -9.04575665362481018000       -3.63501701924033949000      -15.46598845739026551000        0.77396605870053592000       10.55089250099684861000       -2.99914862700850238000      -23.60192351220216980000      -46.14595675099091920000       -4.85150266481640013000        8.35976599396827957000        0.88614388569729474000       17.60907155177963190000        9.67026165799983417000       29.43650427051933960000        0.93842588139328753000       -3.44094415198473014000        5.90682938573143801000       -0.33640394453455774000       -0.02743811354798876000        7.90099446101670466000       17.92384643875928060000       -8.75807604204955759000       -4.86438595542826935000      -16.83112062518108230000        2.02860532787389225000       12.77488621409927205000       -1.10613397005178893000      -24.19312284942851930000      -44.50334852874594560000       -3.85628746375082132000        6.06124495380012007000       -0.92345407136995206000       16.03147864571306870000        9.45270686562528084000       33.42676000567302450000        0.73464025698939395000       -2.72831026866860205000        4.07464274241124880000        0.70813906537866311000       -0.26923242087787036000        9.17334368299625247000       18.66135136586942170000       -8.47648852987240353000       -3.68421941300885658000      -17.53215445467484200000        2.54029751691321337000       12.85211230592362064000       -0.08145013212362907000      -24.59643466578967260000      -45.06981527781112360000       -3.50626045654908536000        5.43772070720572387000       -1.09739281188376525000       15.72349976783800329000        9.38746480695831842000       35.24028804669053730000        0.25647540470370583000       -2.49320827303666093000        3.49403371833558563000        1.05516605107588268000       -0.30339584607755532000        9.53157453383643549000       18.21381848949719990000       -8.30149902343459090000       -3.31396612445047012000      -16.37199546435068950000        2.13752788004797667000       12.29106610638429764000       -0.63959927835914987000      -23.81424673276583800000      -42.59197110818443120000       -3.00289707554429697000        5.42745733073516146000       -1.28554662407453835000       14.44219759040107753000        9.13185673553948440000       33.24510599348057130000        0.19562978303891154000       -2.35698939000348329000        3.51835137817114063000        1.14543824440961983000       -0.24424458314953262000        9.23957224549765499000       17.63067562006241930000       -7.72405776804720823000       -3.35308556273567238000      -16.35131059342825920000        2.86791849716776026000       13.48453931109906101000       -1.08843741475185474000      -23.87716216429772230000      -41.67818125242843760000       -2.39009119059210517000        5.39406530246550808000       -1.45290319699400094000       13.77390383249126771000        8.42233119841472799000       32.77686618486553980000        0.46274304708419933000       -2.27497438838431609000        2.91296920424143702000        0.98516882240345693000       -0.06943722990548373000        9.73323957507633963000       17.44225074435506070000       -7.41128370882432552000       -3.29363957376686356000      -16.73769572288142630000        3.24920722411785379000       13.06312923216528787000        0.12744253323334478000      -22.99913709327505630000      -40.65273798851966800000       -2.11637408902486168000        4.34801937197054578000       -1.48336397532935393000       13.21340450127210531000        7.73796803417138435000       32.55573444852578290000        0.30569719907484072000       -2.21741397052888889000        2.40658477962622985000        1.04625677628694480000       -0.05621497223769113000        9.56850386304370382000       16.20624539765406170000       -7.58963159309469670000       -2.74284961928317683000      -18.59350488007238770000        3.59571865788293144000       13.56096479578493685000        1.39052723736872030000      -20.98839661993086740000      -32.61106498787793840000       -0.53424623322115339000        2.82477154085162319000       -1.25384933379620511000        9.63391767591207504000        6.99855988351064795000       32.27097012322997930000        0.63203347907254248000       -2.21712507099501011000        3.10474018079088276000        0.77940770059082343000        0.01054762209859862000        8.54416931979194061000       13.65306029978379243000       -7.65655151980458726000        0.28517945955534113000      -19.05540201509977290000        3.57804965117967733000       14.68584737761296744000       -0.23831576014797390000      -20.20396024054136670000      -30.39864927203787560000        0.96160006077902460000        3.77374014659498069000        0.05756423527724079000        8.54657677321020159000        5.90334519946073311000       30.48522646654901180000        1.12338714577129228000       -2.37715508946650322000        4.00296252466622260000        0.52935968996654381000        0.53849864321817176000        9.09285336707659653000       12.90562208893820184000       -7.83051223510261973000        0.45527303645319345000      -18.97104550559349080000        3.91615160370343585000       14.75518156741786413000        0.28383437890982899000      -18.68758908797347830000      -26.14077750324679880000        1.85113673628136288000        3.10781681210624194000        0.41097338555737245000        6.98804172736662732000        4.87431264044244816000       28.85617187000856280000        1.21000303814363619000       -2.31554415328338692000        3.90955254968244326000        0.13955288694764567000        0.75251701292817141000        8.81219311017006923000       11.39320841458565248000       -7.79882167183978314000        1.62003320788003258000      -20.55005243297014060000        3.92451953464091208000       14.78366277592503408000        3.36027144667144340000      -16.00186339245713900000      -18.91915328895219870000        3.34477537191284213000       -0.22363369804535935000       -0.36873896482814228000        3.25172843562155878000        4.66774956643642902000       30.53897016951002640000        1.47439818854573712000       -2.47987696438357608000        3.80265286008119707000        1.29999532822683683000        0.55597793146805763000        7.31406922470391141000        9.19174915725648844000       -7.87892815712802630000        4.64698268435442152000      -20.39402865413924460000        3.05582363777400667000       13.53443242466433460000        4.16709655022705761000      -13.37607633994147349000      -16.48505772609425080000        3.70471230297870235000       -1.19810161456094755000        0.35594046366853471000        2.45177588207202435000        5.09869870508287892000       29.31191803849761260000        1.03628491123833744000       -2.59523412681566645000        4.63010941945045573000        1.48955331787268430000        0.91816020080487071000        5.68053742561204977000        7.18270247727491906000       -8.32797765325094908000        5.09205675428696303000      -20.84441544795323510000        1.95366396364725370000       13.12415307739234294000        5.86200055791618979000      -10.61591703031296063000      -14.15774729072088078000        4.06341851110050456000       -3.55426457754487002000        0.48790529829052498000        1.36076592223687487000        5.42695060791642980000       30.01120437094278870000        0.98484501591139684000       -2.17776656203746333000        4.74444903005876739000        2.22231461759779858000        1.21763871155747205000        4.36557791419239027000        5.62620838579107652000       -8.90712261117499970000        5.57984192089340159000      -18.96038553119572610000        0.70314858122450696000        9.64074594581495603000        8.96799986425468276000       -8.63233254869963140000      -17.04136740624644380000        2.71409065829975615000       -6.13307199240686440000       -1.03149227499122942000        2.00285508815370106000        6.26266047274510207000       31.05225583256292760000       -0.04701763690464027000       -2.12973770457009026000        3.17503540215153368000        4.11982544723542521000        0.75265814080539095000        2.64422655487253389000        4.72635012282611466000       -8.43216385443105487000        4.35075053963853708000      -16.88382155449905400000       -1.06368495155951193000        6.45969984235239192000       10.00783384767490425000       -5.96917412039974415000      -17.81667653731161850000        1.24485423963480923000       -6.86823759152452684000       -1.28229796262257678000        3.02675024625942468000        7.45146786702486263000       29.90415279542261470000       -0.75583858122366354000       -2.40679179350071415000        3.16057805283526649000        4.52384222380379697000        0.66567893883772067000        0.06250859201545424000        3.79365965836234897000       -8.07048404201304948000        3.40708824327962345000