 9         8        29        48        56
        0.00    0
       1.000000       1.000000      58.300000      58.300000      58.300000      58.300000      58.300000      58.300000      58.300000      58.300000      58.300000      58.300000      58.300000      58.300000      58.300000      58.300000      58.300000      58.300000      58.300000      58.300000      58.300000      58.300000      58.300000      58.300000      58.300000      58.300000      58.300000      58.300000      58.300000      58.300000      58.300000      58.300000      58.300000      58.300000      58.300000      58.300000      58.300000      58.300000      58.300000      58.300000      58.300000      58.620000      58.620000      58.620000      58.620000      58.620000      58.620000      58.620000      58.620000      58.620000      58.620000      58.620000      58.620000      58.620000      58.620000      58.620000
      -1.000000      -1.000000       1.077000       1.077000       1.077000       1.077000       1.077000       1.077000       1.077000       1.077000       1.077000       1.077000       1.077000       1.077000       1.077000       1.077000       1.077000       1.077000       1.077000       1.077000       1.077000       1.077000       1.077000       1.077000       1.077000       1.077000       1.077000       1.077000       1.077000       1.077000       1.077000       1.077000       1.077000       1.077000       1.077000       1.077000       1.077000       1.077000       1.077000       1.077000       1.077000       1.077000       1.077000       1.077000       1.077000       1.077000       1.077000       1.077000       1.077000       1.077000       1.077000       1.077000       1.077000       1.077000       1.077000       1.077000
        0.20999999999999999000
       -0.09200000000000000000
       -0.33000000000000002000
       -0.27800000000000002000
        0.08799999999999999000
        0.35799999999999998000
        0.35399999999999998000
        0.39000000000000001000
        0.13600000000000001000
        0.38600000000000001000
       -0.29399999999999998000
        0.08799999999999999000
        0.13600000000000001000
       -0.37800000000000000000
        0.36799999999999999000
        0.19600000000000001000
        0.03600000000000000000
       -0.11000000000000000000
       -0.20000000000000001000
        0.00000000000000000000
        0.49199999999999999000
        0.05800000000000000000
        0.04000000000000000000
        0.14799999999999999000
        0.15400000000000000000
       -0.37200000000000000000
        0.19200000000000000000
        0.19000000000000000000
        0.22200000000000000000
       -0.24399999999999999000
       -0.20799999999999999000
        0.03200000000000000000
       -0.17599999999999999000
       -0.22800000000000001000
        0.05800000000000000000
       -0.20000000000000001000
        0.11799999999999999000
        0.09600000000000000000
       -0.04800000000000000000
        0.20000000000000001000
        0.09200000000000000000
        0.09800000000000000000
        0.05800000000000000000
       -0.28399999999999997000
        0.28399999999999997000
        0.33200000000000002000
       -0.27400000000000002000
       -0.12200000000000000000
        0.11200000000000000000
       -0.07800000000000000000
        0.40200000000000002000
        0.08799999999999999000
        0.24399999999999999000
       -0.40000000000000002000
        0.03400000000000000000
       -0.10000000000000001000
       -0.33200000000000002000
       -0.33400000000000002000
       -0.22000000000000000000
        0.05400000000000000000
        0.39000000000000001000
       -0.09000000000000000000
       -0.01000000000000000000
        0.01800000000000000000
       -0.00600000000000000000
       -0.03800000000000000000
        0.18400000000000000000
       -0.13600000000000001000
        0.10800000000000000000
       -0.23200000000000001000
       -0.15600000000000000000
        0.01000000000000000000
        0.29599999999999999000
       -0.00800000000000000000
        0.35799999999999998000
       -0.34599999999999997000
       -0.27200000000000002000
        0.32000000000000001000
       -0.09800000000000000000
        0.14999999999999999000
        0.04400000000000000000
       -0.09000000000000000000
       -0.10400000000000000000
       -0.18800000000000000000
        0.35199999999999998000
        0.13800000000000001000
       -0.33600000000000002000
       -0.38400000000000001000
       -0.13800000000000001000
        0.22000000000000000000
        0.40999999999999998000
       -0.04200000000000000000
        0.32800000000000001000
        0.10199999999999999000
       -0.19600000000000001000
       -0.37000000000000000000
       -0.38400000000000001000
        0.00000000000000000000
       -0.28399999999999997000
        0.14000000000000001000
        0.33800000000000002000
       -0.02000000000000000000
        0.34000000000000002000
       -0.26600000000000001000
       -0.23999999999999999000
       -0.14399999999999999000
       -0.08599999999999999000
       -0.05600000000000000000
       -0.35999999999999999000
        0.16200000000000001000
       -0.42399999999999999000
       -0.01800000000000000000
       -0.12200000000000000000
       -0.29799999999999999000
        0.06800000000000000000
       -0.01000000000000000000
       -0.04000000000000000000
       -0.05400000000000000000
       -0.26200000000000001000
       -0.38800000000000001000
       -0.22200000000000000000
        0.05400000000000000000
        0.37200000000000000000
       -0.28999999999999998000
        0.27200000000000002000
       -0.13000000000000000000
        0.01400000000000000000
       -0.21800000000000000000
        0.28999999999999998000
        0.19600000000000001000
        0.10000000000000001000
        0.01400000000000000000
        0.07199999999999999000
       -0.19000000000000000000
       -0.06400000000000000000
       -0.30599999999999999000
       -0.32200000000000001000
       -0.03000000000000000000
        0.14599999999999999000
       -0.02200000000000000000
        0.07600000000000000000
        0.08400000000000001000
       -0.27400000000000002000
       -0.06000000000000000000
       -0.02600000000000000000
       -0.33800000000000002000
        0.14399999999999999000
        0.13200000000000001000
       -0.03400000000000000000
       -0.16600000000000001000
        0.27200000000000002000
        0.00400000000000000000
        0.09400000000000000000
        0.29599999999999999000
       -0.18600000000000000000
        0.27400000000000002000
       -0.18400000000000000000
       -0.01400000000000000000
        0.13200000000000001000
       -0.08799999999999999000
       -0.14999999999999999000
       -0.06000000000000000000
       -0.33600000000000002000
       -0.13600000000000001000
       -0.14999999999999999000
       -0.19400000000000001000
       -0.39200000000000002000
        0.15600000000000000000
        0.33200000000000002000
       -0.37200000000000000000
       -0.20399999999999999000
        0.08599999999999999000
       -0.11400000000000000000
       -0.34399999999999997000
        0.38600000000000001000
        0.32400000000000001000
        0.11600000000000001000
        0.39400000000000002000
       -0.40000000000000002000
        0.29399999999999998000
       -0.32600000000000001000
        0.03200000000000000000
        0.23400000000000001000
       -0.02600000000000000000
        0.29199999999999998000
       -0.39000000000000001000
       -0.08799999999999999000
        0.13400000000000001000
       -0.11000000000000000000
       -0.19800000000000001000
        0.02800000000000000000
       -0.08599999999999999000
       -0.28799999999999998000
        0.03400000000000000000
        0.22200000000000000000
       -0.17999999999999999000
        0.00000000000000000000
       -0.20999999999999999000
        0.26600000000000001000
        0.37200000000000000000
        0.33000000000000002000
       -0.04000000000000000000
       -0.07600000000000000000
       -0.32200000000000001000
        0.08000000000000000000
        0.01600000000000000000
       -0.10800000000000000000
       -0.17000000000000001000
        0.36199999999999999000
        0.08799999999999999000
       -0.41999999999999998000
       -0.06600000000000000000
        0.30599999999999999000
       -0.12200000000000000000
       -0.32400000000000001000
        0.04000000000000000000
       -0.11600000000000001000
       -0.17599999999999999000
        0.09000000000000000000
       -0.09000000000000000000
        0.35799999999999998000
        0.04600000000000000000
       -0.08000000000000000000
       -0.31000000000000000000
       -0.22400000000000000000
       -0.34999999999999998000
       -0.33400000000000002000
        0.19800000000000001000
        0.18200000000000000000
       -0.04200000000000000000
        0.47799999999999998000
        0.05000000000000000000
        0.27800000000000002000
        0.12600000000000000000
        0.31600000000000000000
        0.18400000000000000000
       -0.33200000000000002000
        0.04400000000000000000
        0.05600000000000000000
       -0.17799999999999999000
        0.28799999999999998000
       -0.04000000000000000000
        0.13200000000000001000
        0.14399999999999999000
        0.35599999999999998000
        0.01800000000000000000
        0.00000000000000000000
       -0.22200000000000000000
       -0.19000000000000000000
        0.31600000000000000000
        0.41999999999999998000
       -0.04400000000000000000
       -0.33800000000000002000
        0.31600000000000000000
       -0.38200000000000001000
        0.06800000000000000000
        0.32200000000000001000
        0.16800000000000001000
        0.07400000000000000000
       -0.32000000000000001000
        0.14399999999999999000
        0.00200000000000000000
       -0.00800000000000000000
        0.12000000000000000000
        0.23999999999999999000
        0.12000000000000000000
       -0.12200000000000000000
       -0.29599999999999999000
       -0.26600000000000001000
       -0.12600000000000000000
       -0.18400000000000000000
        0.07000000000000001000
        0.30599999999999999000
       -0.33400000000000002000
        0.16600000000000001000
        0.00400000000000000000
        0.24399999999999999000
        0.22000000000000000000
        0.21800000000000000000
        0.17000000000000001000
        0.08200000000000000000
       -0.05800000000000000000
        0.39800000000000002000
       -0.26000000000000001000
        0.33400000000000002000
        0.08400000000000001000
        0.07199999999999999000
        0.27600000000000002000
        0.26200000000000001000
       -0.34599999999999997000
        0.61086947340676845000       -1.96977892832785462000       -9.28584089039162386000      -23.51988319827635010000       11.52445106572164057000        1.72258047087710686000      -38.79615135833459760000      -18.69003652097955380000       -6.30957702559572020000       -1.54199480108309195000       -3.37220062585743552000       -5.12313884058558511000        9.89331047026511889000       10.24264479605124834000        4.60117538163608941000      -14.64535925844621289000        7.08931886081308882000        0.16604072098127465000       17.82652327053769880000       -0.32890093214525307000      -10.32448119259412955000       -5.12271686326683362000       -5.10546856153619810000      -15.76542388506277348000       13.57856609070008780000        6.87837241540165412000       -6.76144643232036024000       -2.56662929356924296000        4.68595479377678092000       23.30340893969190220000        0.93769611206660641000        0.79061355952687939000       -4.25235340050494592000      -22.85007723158304320000       11.06813038745450761000        1.48179787993370549000      -29.96264262654699450000       -8.92203192635983733000       -1.39407059710081316000       -1.25964659484140928000       -2.99211490957208293000       -4.50030451771119733000        8.04808911287388895000        6.19977685489716102000        5.79218871738233876000      -14.53225209883253122000        7.71826940144290674000       -0.76954427161846028000        7.54889803955186256000       -0.69301562360893354000      -12.11444358221838513000        0.54276510814540502000       -3.11793248221394048000      -16.43629321931748070000       14.01297174350243857000        8.89475730210185844000       -6.71921599248014179000       -1.64763829401043194000        4.16501661225395114000       18.29606603061735370000        1.02260759610563068000       -1.66692578741765240000       -3.53790844225151568000      -23.92909258564282380000        9.50364915851633363000        2.55252856976937448000      -42.57787258835634250000      -16.88553881656110180000       -2.43274713518093710000       -0.15250459338936004000       -6.45650339806309770000       -4.70499587336182756000       13.39425883819188989000        8.81038804215980065000        1.41746388868171391000      -19.36122107352785090000        7.13103116550315974000        0.85160717731605040000       13.71533600475675385000       -3.00886955119532784000      -11.04828218475616097000       -2.69632409035532739000       -3.93839700401601966000      -14.25180687283658010000       10.93242143991025017000       10.80758977163795187000       -5.28363068069461494000       -3.22086835818844008000        3.46239714620979600000       23.01118174367523040000        0.77873975888496061000       -3.01298792873280386000       -6.36480029049799256000      -20.45361259181811060000        7.56117956703154803000        2.56305362808000892000      -36.63974799897545150000      -17.38558445725380610000       -2.14383279159617768000        1.11047890686799322000       -8.03207032568860058000       -4.47140475070417587000       15.39241698354732790000        8.74246920550299755000       -1.40798936896869864000      -18.23011268174881390000        6.14948577321406198000        2.50340052175286854000       15.18601516229749571000       -2.36172017928276867000      -11.89947533152497705000       -4.05424140471406158000       -3.29368402580544695000      -13.14613288015702430000        7.26852908988140722000       10.20364257702856037000       -4.59006134686911160000       -4.27322312470021704000        3.73624085318087174000       23.58596200428182140000        0.70073455892653169000       -2.49011443121948295000       -6.62881460469719919000      -19.09533876136873330000        4.98571709928006257000        3.29794074943551507000      -25.69555812428692930000      -11.48334796578800265000       -0.15205130532079553000        1.96072706556119369000       -9.33352598868335726000       -4.40611063856780927000       12.21199129248362070000        6.26074638819737395000       -3.14863068024134485000      -19.18257814239936470000        7.69136693245798941000        3.02646477843858275000       10.09417916289358175000       -2.62915953047620743000      -12.03245214019224640000       -1.55624684929638080000       -2.20996674550674665000      -13.13469243088846028000        8.11062629447557981000        9.35470561245644205000       -5.06562519456458382000       -3.55760135274340827000        4.34975411519553479000       20.53040975144656600000        0.36055750805248882000       -3.08081583639078671000      -12.44474916471476256000      -15.86157627886412946000        3.24303668588166927000        4.16944519257164092000      -16.36890334678208700000       -9.89597815015815918000       -2.08610627479735866000        2.66374630426150860000       -9.70186167010684208000       -4.21225339977373103000       12.27455796461526383000        2.93215864257299108000       -3.80606386374042982000      -17.02756385827015250000        8.63596183463175215000        3.87871473067765438000       11.21367504763958856000       -0.41807517329288130000      -11.32828171629374836000       -2.07762883713871771000       -1.36945248124062990000      -10.28862849659552658000        6.69474432985728374000        7.88739681709861173000       -5.60487025641316094000       -4.49534585989576030000        4.99147005579557224000       19.66119264078425030000        0.39332065478339218000       -2.62281089694448744000      -13.95011991275764274000      -15.42640668273220328000        1.69569862376872793000        4.64238930376527836000       -9.54204298457645805000       -6.37257387133370035000       -0.29728564608965274000        2.92411851527458433000      -10.08468614472433344000       -3.94571159344400524000       11.29641097935978244000        0.16264425931054111000       -4.29324950646544590000      -16.82009374270140610000        8.31519736559930322000        3.82079079854151527000        9.81049946484694857000        0.18121027348781796000      -11.12760579892304236000       -1.23990551236362778000       -0.54246922582678214000       -9.15735879706035938000        4.87426662217430540000        7.55290865175714199000       -7.24818145956911408000       -4.69372534291276633000        4.69376428888016051000       18.46437617491110220000        0.22276755477226839000       -3.58227189567650628000      -12.07502991125187108000      -21.93752255921042500000       -0.19964737656166354000        5.54891360776385589000       -7.40698639593993224000       -6.85020499085226930000       -0.82888707859227362000        3.21546730252871082000      -10.78993069031563579000       -3.73033413521005874000        6.63698896440157959000       -1.37793096068614229000       -8.78882610171573120000      -24.09444518708237840000       10.62175475583431350000        4.49425527611925357000        8.83117108431041942000        0.45406323241051549000       -9.65747126969140091000       -1.04858969754108178000        0.43034808137516972000      -10.04015860111753078000        7.55468880774742857000        4.13199600973210313000       -9.33152205887377484000       -4.26864322068628610000        5.31735695535735964000       17.38057725850058690000        0.13517674379181296000       -0.90419838583083967000      -13.90727048506298047000      -15.83664716499341196000       -4.25958703262672778000        6.28312205619017039000        3.70911035863764393000       -2.03923926273967560000        0.77717998226050333000        2.20086580288265044000      -10.07167978679630416000       -2.71286626511636619000        3.08787443983286503000       -3.28537634808344947000       -9.88443157531526140000      -18.59497517154984440000       10.73376444563746723000        3.11413900074595285000        5.84139048245931125000        1.47609440522139224000       -9.14653896674760425000       -1.04007147478805084000        0.54702572341717359000       -7.20760253463480005000        5.61395007435980276000        1.55463741693728186000      -11.28557353232034366000       -4.04779208977816829000        5.67234584148005894000       14.65001391405532871000        0.17002439128398933000        0.82660150051299497000      -14.79581833772849464000      -18.54926396574591150000       -5.89150372734899896000        7.45933571083098101000        5.63704323644721761000        0.23247428806207876000        1.54409116966226034000        1.51781113735395601000      -10.55623074026866348000       -2.63555970249515692000        1.74799021519774556000       -5.82816785485865374000      -10.96625740350835976000      -21.52140420340002790000       10.42088510341545948000        1.92316021001871751000        5.37490362276384825000        2.95234612476274760000       -8.87570137713882801000       -0.17572305003620892000        0.88969041593538289000       -6.06133290477222886000        3.50173728073237234000        1.72996139925235881000      -12.84727881740028721000       -3.84816050657395214000        4.89888938979152666000       15.55523492575798628000        0.50385672220332078000        4.68700313126907631000      -10.76746959802701831000      -19.16176343005419010000       -6.62456853885193730000        8.37748985151143621000       12.22431033591329808000        6.17265479097839265000        5.57972411400632051000        1.68214812791857038000      -11.33925475490682722000       -1.45472999361612865000       -1.74192284025966182000       -7.80188047261341033000      -11.48962809712332778000      -21.14003388491967430000       10.78839851356442914000        0.45637804976238100000       -0.00363771724989411000        3.39891336331430383000      -10.84351438342546281000        3.18987908785475804000        1.59199473423638405000       -6.69501819892019956000        4.42812516975525838000        2.18462064659433697000      -16.93042687234729020000       -2.95380789155831680000        4.03117314511607727000       13.07031174905393556000        0.88878938509687799000        6.97115299293536506000      -12.17496017921847518000      -17.74234946996189420000       -9.54398679189218413000        8.69319094800812309000        7.40835051659193500000        4.96646669724832002000        5.33146342157519015000        1.03303579706635973000      -11.50387286649966434000       -1.15592525349575936000       -0.18121135479737807000       -4.46003491689098297000      -10.07338368660872874000      -17.22083871207538410000        9.26679822224507355000        0.36107141592794134000        1.91464818946783932000        3.56361869825627275000       -8.73153514555914079000        1.79267435382682105000       -0.03469019772535666000       -4.89656913597032872000        2.25931319723540502000        3.79578387652794769000      -15.95178685107676308000       -3.75871255205938759000        4.36517373015294563000       14.20646173015537350000        1.08360519691563484000        8.49597354289256401000      -12.99394370077138028000      -15.65664358863478789000      -12.32673085148774739000        9.59769851458779755000        6.83965279630705059000        3.21034091171531166000        5.26386259022409320000        0.68910116029928004000      -12.26332918309665132000       -1.03033566916739572000       -0.75058379912602569000       -4.47552018931310514000      -12.08502240752419610000      -16.68127159389629810000        9.89098279500575117000       -0.59944737775956880000        4.11218042257413163000        3.37166897864788373000       -8.04236164339864601000        0.96747801565235647000       -0.66944755314921045000       -3.39418295352907595000        2.02465635490977514000        3.33192725910051424000      -16.64257989082361530000       -3.24891722984377029000        4.08684735572614510000       15.61450182607107528000        0.89832245407241507000        8.46920595308916724000       -7.43389927605429079000      -22.23727967448007450000      -10.52090206297951980000        9.18642301009863438000        9.82858286756729527000        7.66294041070565513000        7.42994469435746474000        0.36594463247120412000      -10.58555965590688963000       -0.31547988149136130000       -4.87756436468656052000       -7.11586328778762312000      -10.43444862044488275000      -20.96524023371906150000       10.55033295757070277000       -0.81252886412891356000       -3.41838100329215289000        4.12289052646795806000      -10.29659947640014828000        4.06481894938068855000        0.45036955135663570000       -5.41739459312202776000        3.39111341497213159000        0.50213956881457145000      -18.62201439836170280000       -2.33068260524156123000        4.32279230324996089000       12.72563246339935894000        1.28344598144679800000       10.48379260339502039000       -6.77128258995860488000      -18.56898674237385190000      -11.23902428468458403000        9.58853799467139822000        7.54236759908109811000        6.51200325188063100000        7.05600956509377397000        0.08671352929299000000      -11.13565594435582184000        0.32923433520066492000       -4.79900852322983784000       -4.15597628321067258000       -9.17538066182056333000      -16.40262267816074270000        9.87132361918625811000       -1.63379873380185647000       -2.81600654170077913000        3.03506940492768251000       -9.60511473342356759000        3.32252857297578918000       -0.92762156153851949000       -4.57639178469780905000        4.35731710071377254000        0.80805664810436983000      -19.06795610862383580000       -2.25479565911121016000        4.05544848252842005000       12.51641836097943639000        1.21598867302488811000       10.69034897644908710000       -8.88780364857823812000      -16.20936820712637070000      -13.96315595630703576000       10.69087611876303967000       14.39124905775899599000        6.11685317541579732000        7.90561246640114312000        1.22162437758750420000      -12.81236613415533654000        1.10448888888246977000       -5.75520652108115804000       -3.02571754597582299000       -9.55890710946179567000      -13.03489849490860841000        9.32877786041180279000       -0.43626518138605525000       -1.55328416276404346000        2.23817969191888455000       -8.10448220086828108000        1.88215312297373050000       -2.07238546003953195000       -3.06503724684940471000        4.54445823378097113000       -0.84925571942755662000      -22.79264503892285280000       -2.75465535686872043000        3.85693128589738254000       10.77549042284152136000        0.70906082803296400000        9.27335523152022567000       -8.48605219200043059000      -22.62811818977731450000      -13.97952295473686846000       10.37256789688714953000       18.21040725469105580000        6.62569815228005599000        8.20201218680486654000        2.27273566987587472000      -12.64940205875299739000        0.88149666839216667000       -7.64799875055405742000       -3.23253538359067738000       -9.26474821636918300000      -15.83351341655247424000        8.66367947465224120000        2.06162269399126252000       -2.19514782137565323000        3.12014933094888480000       -6.74962228792014951000        1.81330856140049201000       -1.63253954063534001000       -4.18740625889485418000        3.76675329103035583000       -2.93762226218956535000      -24.27209906418197960000       -2.83056425752565088000        3.77030347642374464000        8.83386171786683327000        0.46736924580542810000       10.79999029491136398000      -10.63127866639525188000      -19.35493116339859650000      -14.73604120937380912000       11.35901440339299029000       26.73359979391750230000       10.04481336902030186000       10.37358381063903678000        1.92399958276362137000      -12.89556107815872110000        1.29218592066541027000       -9.58224381044984597000       -6.10238620016230460000      -10.52819030911829934000      -13.74092535128958481000        7.82860931953577666000        0.72411857155895165000       -2.20685237128706246000        4.18434703615559833000       -7.49330154750541144000        1.63312962139302198000       -1.19091197376743363000       -0.82430150322984197000        0.32422751393494303000       -3.43344737694772473000      -27.79332012515768470000       -1.92923293804042695000        1.92512294800340933000        7.77638296641938531000        0.41150421708735502000       10.59236123130058616000      -11.24034847764914602000      -17.38097566855772060000      -14.35843826195991113000       11.85355477734837137000       35.27569042032418170000       11.95656216451423859000       12.03136052909193410000        2.23412299955773230000      -13.11901501564127592000        2.19675271431623065000      -11.02094857893923852000       -6.03025950768992036000       -9.81439852347612884000      -10.85072845804598529000        6.70228768990113632000        0.95242022820421335000       -3.24173104316445082000        4.00041912110823805000       -8.34349864023605114000        1.41688682513199748000       -1.73606396018236464000        0.04853903156293603000        0.12958599475986299000       -5.10062350829577049000      -31.89581600991246900000       -1.95631192423300715000        0.96964733683533411000        5.30834122253139729000       -0.15623111527614145000        8.26356604060351430000      -14.15561207551549572000      -16.51561998476494610000      -14.59702649865088730000       11.48505662696153706000       45.95275476868426520000       12.09567731983030292000       12.64749152610045080000        3.66015975441601826000      -13.18936757430117090000        2.09025491060235202000      -11.50492489922543449000       -4.73779599923114070000      -10.47506958710739511000       -8.29131901399817828000        4.89945050894367284000        3.93603354654384097000       -1.09726137539856583000        5.43845457882179684000       -8.21326737639174986000       -0.63089132891718658000       -2.29403037059305159000        0.53041207743208318000       -3.38265686323961789000       -7.76736477120461632000      -33.90481714299717450000       -2.64620820912290444000        0.65593719344950430000        3.30292942744744877000       -0.28451750252633051000        9.96570716840873594000       -8.81124199385307172000      -10.52082357461897999000      -15.52469077046059809000       11.98528097705957407000       53.27375585953801360000       15.06510297971309953000       17.27625420167247580000        4.26542201828679701000      -14.58416687668866452000        2.87066127769374502000      -14.41193684111022577000       -6.24371810680268169000      -15.78451998744041696000       -5.63038044425950357000        4.62508246725518468000        3.12573197210556719000       -4.14967306331460239000        4.26270390159490020000      -10.77794019624432309000        0.57275576189745858000       -1.67677464372433982000       -0.38317376912461026000       -6.17545918726217291000       -9.59575354904908018000      -36.21257967954701230000       -1.86481268426480185000       -0.48915531256244005000        2.08973468649895056000       -0.08083753334043338000       11.89573619085310518000       -7.92876244759830495000       -4.08692361107658808000      -16.66004907326783170000       12.77150988321482927000       52.28868237722961250000       14.64487751243344071000       17.02015737001419990000        3.72916845152922294000      -14.83249323027945898000        3.54211540727012153000      -14.63847798624260577000       -6.98515305241503981000      -16.42972166650119800000       -1.64549472619776060000        5.27936662742519314000        1.30512090599109798000       -3.62326443637780926000        3.53926223268294571000      -10.89204870713848550000        0.69369890976016757000       -2.32741069146602175000        1.14778421181106571000       -5.76386871953211521000       -9.91201308859693597000      -36.05119016294778330000       -1.11156154000170915000       -1.19279940090042835000        2.89381811459408000000        0.02669408519018467000       14.29725313672645726000       -9.28903365407526671000        3.21127446274501827000      -15.69161671295695726000       12.34733849098656222000       55.62035597116571490000       16.30830682494386250000       18.50127429237677030000        3.83207790470362930000      -14.47929938213136580000        3.88554611870740052000      -12.91205153106816894000       -5.61710173622544584000      -13.98611169045582159000        6.64861026249052145000        2.41702106236542091000        0.58493092677039304000       -1.48534964594372121000        4.63046744543401623000      -12.09219575761136589000        0.41939935559569724000       -3.50979504133599374000        2.51653315300229252000       -9.54653549400955548000       -8.01196532746036283000      -36.73471894364268310000       -1.11137822539222597000       -2.69231695831225215000        3.17838961071783999000       -0.25653941157864135000       13.70546284276291438000      -12.14804229041718564000       -4.43014441924114788000      -15.08995349686399301000       13.06581334052790844000       52.30403453316771590000       15.11109421323130420000       18.52597099935412220000        4.59884474797686149000      -15.94406085064199807000        3.03732118037034349000      -11.09398811295405096000       -3.89417700393198629000      -10.59962857298811478000        5.00124932896022223000        1.05120167117256758000        2.40979170499983697000        0.93878100671783071000        5.00393290422625814000      -10.71250687874569962000       -0.52476595152560024000       -4.45505592417743745000        1.41613292168434701000      -10.31115985682775360000       -6.40502828127106927000      -38.71428226568925620000       -1.96465865553677954000       -2.48637309286976560000        4.42669437321077996000       -0.15868685611278532000       14.64198480528446389000      -10.42651088434035067000       -2.50186182265973889000      -14.65075526352461210000       12.65870788747561804000       49.90842128414816870000       14.60916460029999442000       18.34302765120801480000        3.86435852614413822000      -15.19322133187025870000        3.26348030858858795000      -11.64285718884938348000       -4.10688085150279480000      -12.39494472403264958000        4.87675698340793229000        0.82284124911773571000        0.91323312300125681000        1.40730369018501777000        5.25913172833418763000      -11.16621519944286511000       -0.42659148234449246000       -4.34595592178712664000        1.83749623276548535000      -11.33870294860460426000       -6.35215166090923589000      -37.77470529676593710000       -1.21750523336424643000       -3.31644962161011403000        5.47746435070636295000       -0.42645668742625409000       13.42828885716233778000       -8.01419975658568973000       -5.67473102702969445000      -10.37958781382249107000       11.18796839097955953000       44.85856994275334130000       14.49271988451444670000       16.62439952427650520000        2.54834666416638900000      -11.92273856078503336000        3.39763796558607867000      -10.18478717797055211000       -3.98584813022599471000       -6.74098009466920534000        5.86276532756773694000       -1.20882084831281977000        0.91709911907671915000       -0.99587336633834089000        6.66681191382140081000      -12.53153813122657034000       -0.27392569742016359000       -4.45127719004875910000        0.89115632568388026000      -13.13883481887175719000       -8.22560655649090222000      -35.74011913467703750000       -1.64999842887681303000       -3.66593531679744356000        5.41902197144698850000       -0.35060390506975259000       14.22808115538501106000       -9.98357880122273755000       -5.51812048814634171000       -8.06940509720404364000       11.28395884514159952000       40.17638078251106040000       15.00626487009569488000       11.58529739769660161000        1.38820225035549849000      -10.54059482395810221000        3.80142324012413857000       -9.26194940068131700000       -3.69331279940582746000       -2.72200319590556461000        8.33285768980960562000       -2.02811162159313296000        0.17743431751373995000       -1.00534339592686850000        8.46172008097661710000      -10.96293164786978736000       -0.04804512451109577000       -4.51376534850391575000        1.28125735720217127000      -12.15947282161428866000       -7.82607868454304079000      -32.20120839276785320000       -1.68053531063826522000       -4.15414281956610054000        6.00443621060939048000       -0.36105596240984378000       13.79400564422847708000       -9.43626072403848326000       -6.57172163789027142000       -7.84719562100262902000       10.48921643276192839000       34.45035247339460230000       12.42947870531656207000       10.33284661800502136000        0.58402377114051141000       -9.20631145930279260000        3.52143955512412665000       -7.87444413020599665000       -1.09967813981944840000       -0.40999318577779020000        9.30977186622396502000       -3.21134347471587045000        0.48577847238092059000        0.42446398270479480000        7.98468560549807904000       -9.30676525021366885000       -1.34367527466663050000       -5.81635934811878208000        1.51320899000053277000      -12.71501727092611134000       -8.01899439998658181000      -30.69328377519937590000       -2.03887101708567675000       -4.26994054681480595000        6.48946325733485185000       -0.14122726365735799000       13.22284391050329333000       -2.95703958158868208000       -3.73809594238918397000       -4.35707180365299607000        9.27197668247706375000       24.12256844385290220000       11.38968446734864592000        9.88778623040789917000       -1.02793408393889818000       -7.53188287675352441000        4.01696907720873053000       -4.48884615535839071000        0.47436925278179370000        2.99441428887073169000       10.49401546262621920000       -4.63296738052808088000       -0.88292931646396977000       -3.10100946729175053000        6.07408705653615311000      -11.63802894647425745000       -0.56631573055748363000       -6.03178206721023624000        1.24337329626408044000      -13.00875690998116596000       -7.56182186779877785000      -26.58918681443658370000       -2.32574030676950860000       -4.96785145326811683000        7.03841803375749908000       -0.37930577404818644000       14.45460446743298810000       -1.81682742406301734000       -8.87936625461414941000       -4.17967241325704819000        7.54255768478066901000       16.25689100098108850000       10.44516746554187137000       11.26332541007234234000       -1.95632205829784023000       -5.22571043838933225000        3.33126298599155524000       -1.44857356592633013000        3.82122542500531148000        8.08435593487093840000       12.58249112323723828000       -6.57581384771876820000        0.15651133313556825000       -3.19921645413110944000        5.56494149590947806000       -9.96010437882083899000       -1.55085589442027150000       -7.12964904311922165000       -0.03994216321191752000      -13.92399635108343148000       -5.09862418283028340000      -26.33414301898191920000       -3.91500254109334689000       -4.34663156217407121000        6.84579047683399455000       -0.19661062130709181000       15.04116055153055775000       -2.00692427044170829000       -8.89850095474388603000       -3.04981432037928268000        7.20686252586905507000        7.93906271818224063000        8.65041788489348384000        7.53780319747511474000       -2.90131514200770191000       -3.63026578795260058000        3.47148689039939651000        1.24973365676881998000        4.63727974525684328000       12.92284559960469714000       15.29767043813859218000       -6.55494993559081518000       -0.31708031551826504000       -2.77927006968757029000        5.87203506753761495000       -8.46108767014789365000       -1.53817783950507025000       -8.02784290811100298000       -0.26380390174289475000      -11.97044972144797370000       -4.48233988603648381000      -23.04991537331154210000       -4.48820619882255656000       -3.99717919472891348000        7.99555363495334070000       -0.57484423537739382000       11.81797103078071842000        0.02914964071457203000      -14.12757710008465573000       -0.49552683494965843000        6.23363916468854207000        2.30192802380617589000        8.42313062703164484000        7.15814240930999279000       -3.52781772402243154000       -1.29729923621286347000        3.37344763677104753000        3.48969643434022192000        4.03562707359326733000       18.67573008123869730000       13.81859603109289480000       -8.40326365507151429000        0.95737783378807506000       -5.37197288842170284000        6.62976003726929886000       -8.71576798245606277000       -1.06777549004056382000       -7.87170010976154000000       -1.31583192994258180000      -13.41541094710746940000       -5.56884117866649397000      -20.64378954891738970000       -5.51410554188524138000       -2.88310044688534806000        7.40962424666460429000       -0.63858272765410828000       13.70609142441431416000        1.58471360622542257000      -12.31325817221669716000        0.56334012530756128000        4.59778300266126561000        5.35830911666201626000       12.18509094351504984000       11.29187559556501697000       -4.29022678072055275000        0.66644010856291247000        3.24508876476587726000        4.34472461859933290000        4.45479845060737123000       23.37400509216800160000       19.72333603380985780000       -9.67364326435175848000        0.17968553106369772000       -8.74277544969769238000        5.07191697724043777000       -9.34846353354625315000       -0.23868512734554964000       -8.15735894837879094000       -1.83182829604982622000      -13.73775849061905952000       -3.91954054922337569000      -22.20016372397840600000       -5.43208394041194520000       -3.33206161432126136000        4.44903025176888978000       -0.65830021694753338000       13.06971191800304588000        1.39128011861726009000       -9.18505701027036281000        4.49190750396414185000        3.80003899777746801000        2.81515001850177615000       12.95840847200424406000        8.88252853895331995000       -5.43573764135556825000        2.98000767641122843000        4.03047971534103855000        7.93320111016142171000        4.62867890796759607000       29.86036385683515700000       24.90998367995346290000      -11.91079013495216543000       -0.70691395676936086000      -10.39668987449356585000        5.98475905510457284000      -10.51800377807434117000       -0.01477183857265421000       -8.79730273505180804000       -1.98088916395507675000      -14.31313708794611372000       -3.66023888822079924000      -19.24536242281219240000       -5.98848213718872113000       -3.80860017866952649000        4.26955489326198023000       -1.01542703433880588000       10.43466054363495310000        1.66598070011873567000      -13.73700516579275010000        5.46663493051658111000        2.84995696778044927000       -5.29883029864107513000        9.35289733975724857000        5.71910267329697053000       -5.85008853505150839000        5.05587388934810988000        3.47931639478537713000        8.60263829268196645000        3.75117686240473214000       31.53645943509404500000       21.03395964860646570000      -11.37996347893579951000       -0.10823028248428923000       -8.97928523660535482000        7.08909073057321049000       -8.85580428166023914000       -0.70484376241300517000       -8.48457943567913020000       -2.03135086122517627000      -13.73937646990716566000       -5.18779397488071581000      -15.73800551521050472000       -5.91243774292889412000       -2.73195823290725492000        5.42797091248834729000       -1.30479500517165992000        8.34571035254099769000        1.47793186024938961000      -14.79861218521779520000        7.41433849253415556000        2.64624181993712515000        0.56340701615167421000       10.48488729101268113000        6.39433123255505809000       -4.54626518876121022000        5.49000594869720349000        3.46095458211968809000        7.39827347590070339000       -0.89932474458953338000       31.27257387948193570000       19.66334302502375310000       -9.90343868291664364000        0.60708948165227783000       -9.56707192912102222000        7.55397378284773335000       -9.21811000906003386000        0.94224072377981993000       -6.62976145102397840000       -2.31190467163844371000      -11.66624264233434438000       -6.09847976956428184000      -17.43107715845069090000       -5.39189531679974632000       -2.84732988185668701000        3.12197237827307461000       -1.43242414363062931000        6.88712721101891656000        2.16263862408309748000      -13.44797565302769726000        9.61691893352206328000        2.55490849978468759000        1.06293672926707372000        9.95860533023275352000        4.82518875240091027000       -4.05451484671282980000        5.62360803405533272000        4.02821031145256292000        7.96566630856809432000       -2.79573135003149131000       31.34408995960421860000       19.40078168958816820000       -8.81849929732319104000        0.42129539818001777000      -10.48760729798259206000        7.17775648168054570000      -10.16941717193156514000        1.39624726377120090000       -5.98301503973735471000       -3.04884885194170785000       -9.16476766420286459000       -7.22703067128925092000      -17.17903770945725840000       -5.52103210052074811000       -2.88220714303413628000        2.79139568355426348000       -1.56885391707902366000        2.68986684506890894000       -0.51579242615915077000      -12.44983504486791759000        8.34552992809532235000        1.95722764288286655000      -15.86467919594558396000       -1.49348658905242959000       -2.01748893825156905000       -4.70733015319505377000        6.07873102660960729000        3.37035533800494713000       11.94886468858280360000       -1.24106267164921436000       27.35549387209658430000       15.50820783118291857000       -8.13454188188167215000        0.98410061040524133000       -0.32485706352718258000        6.60815537084666893000       -6.87625938609715615000       -4.15847504457870798000       -6.12203474275100135000       -1.02475172150997373000      -10.27841671472545926000       -8.53388448497215002000      -10.46670348599214151000       -6.10582709001592416000       -2.11836724003713650000        9.15179891465357365000       -1.99143720469159669000       -0.21189925184990702000       -3.73681159649292605000      -12.77875839027018934000        8.73057896229866515000        1.64941052641646424000      -10.77179111225023078000       -2.01094280582881657000       -2.43650933358189992000       -3.16073419121880805000        5.84778806292467923000        3.39035718534417674000       13.23341327570931725000       -3.52395702783946874000       27.11882073634228970000       16.20449966251855760000       -7.90761474899754457000        3.14245152308195763000        1.68002951880670981000        6.96300477784759142000       -5.87887971669262210000       -5.07475708175091356000       -4.77457490557512010000       -1.03420465353144753000      -10.30629870561515915000       -8.95842192880362553000      -10.71071507534401057000       -6.70290239540760524000       -1.69269771494555887000        7.80894546641824938000       -2.03366578512325669000       -0.83409581974694447000       -0.81559832581105229000      -11.33916902294535589000       10.61004784455770533000        0.51924179209470889000      -13.03992336106629857000       -1.85582102654872405000       -3.32067732776547464000       -3.97266547982600748000        7.70420200941393674000        3.85296957004436669000       13.60209951846984744000       -5.41421157883374615000       27.65184652179565110000       16.17274029451179730000       -7.40191612061161752000        1.88627709497295326000       -0.84414657373297031000        6.58346197705680147000       -6.56542214601112928000       -4.02916774012854351000       -3.51906165390472614000       -1.84328480000644590000       -8.78935833787762810000       -9.59146702998415357000       -7.79865882661171383000       -5.94798368090772378000       -1.84497633491254298000        7.03529588825117980000       -2.00781413295484557000       -0.76897581939868631000       -3.66969854591911560000       -5.75829609120061825000        6.37802894566898715000        1.59686035568142648000       -8.21404578292073673000       -1.51272391000824746000       -2.17017568354791379000       -3.22430360013178507000        5.78945367060982896000        4.13823446311646315000       13.40814679462881998000       -6.12733599648446159000       24.99494007597963830000       19.54616657669289030000       -5.78525610756035746000        2.27337609832149923000        0.92214650170664181000        3.68760775913514394000       -3.88585821129354381000       -5.26838505209661712000       -3.52458838862052781000       -1.23636743364753965000       -6.16993132751839379000       -8.88384114850510187000       -9.13147825709726924000       -6.29580646118603582000       -0.98134651196821310000        5.88570418939229256000       -2.10534420134353706000       -0.68683758893968627000       -0.63696478312843852000       -5.59325886147682283000        4.55915870208548846000        1.34480672939702339000       -6.92927545527497912000       -0.36749759724596576000        2.29903295974929822000       -3.88514888593911811000        5.94853155295429836000        4.30711256971883483000       13.08030851256209992000       -7.53302133595154722000       23.58277410990678650000       20.16003830945577140000       -5.48385080287576354000        1.41893503910179652000       -1.05388374128814744000        1.90248397241783862000       -4.67532225868948537000       -5.47783983178031253000       -2.93920519989888973000       -2.08209443934954619000       -7.67835535369006106000       -9.41022855140749925000      -10.61334670712389894000       -6.13157776033687973000       -0.25332396731348250000        5.05033291894130532000       -2.08465946310677941000       -0.76414305261102633000       -0.76808207267920681000       -5.13408969270838256000        4.07584023173215026000        1.85857068902306577000       -7.90718911213898412000        0.98479544731862279000        1.20209105241556768000       -4.62127999307517889000        6.46587305635196508000        4.95141933812303048000       12.80254938114845764000      -10.29815677947190267000       24.18228384413499300000       20.37525545732719580000       -4.83044921485845702000        0.28249497005546526000       -2.42327486067966635000        2.19113228892609557000       -3.65135404951678000000       -4.62828677786500808000       -2.04175948080697678000       -2.52586833717528458000       -6.31523098789380466000       -9.64973373888580177000       -8.84909005351750899000       -5.80280554188989850000        0.36268799773989652000        4.94752427505287251000       -2.41267200938806647000       -1.62880816213582325000       -5.81631411041555069000       -6.70924534364007474000        2.05570295777767109000        2.33489983992018146000       -8.94957359178061651000       -2.46480905208395429000       -0.08624668288285622000       -3.89804317274006795000        5.18101530035972679000        3.73012391477700600000       12.79964297665777373000      -10.16491631309115284000       21.29345587572738910000       17.96219248378614350000       -4.05396311804818854000        1.10657197098885929000        3.57697172119430018000        3.29801263325331551000       -2.39558970273271576000       -6.70407025535095258000       -2.11157307025565721000       -2.21068497386426799000       -7.18772151051668828000       -9.38332620212679558000       -8.92338057005611063000       -5.66630821857554690000        1.32996036698120390000        8.04864186984897145000       -2.63704154153809611000       -2.66264878523372372000      -11.23738227685791458000       -9.63085411526346569000        0.34998960629259362000        2.76898430467655521000       -7.84442499133210536000       -2.58205668738927230000       -0.08457380708087284000       -3.76474617000383072000        4.48411472826739477000        2.71302035735612801000       13.68654534417382784000      -10.57730726059294213000       23.72320473613143220000       17.75703815613303500000       -3.60546040228867914000        1.68636246860203620000        5.60209801428862964000        3.75319509982370692000       -1.39880389269593053000       -7.68042636817172664000       -2.54223522919632483000       -2.58326661377003219000       -7.31117858028169376000       -9.17495047497974703000       -9.36450022827458994000       -5.79601213738865351000        3.12597000576668549000        9.37629167246904416000       -2.73424737709022203000       -3.05312495314132804000      -11.15702808682462255000      -10.80579891989490982000       -1.23799590746339327000        2.30449091851804244000      -11.42248318547831687000       -2.86090957038630922000       -0.80206709738087478000       -4.85109593949248019000        6.04947064326630279000        2.30920659489886404000       13.62429505875320501000      -12.26148952336416720000       22.96679658991689270000       15.61671240495872936000       -2.34623203237650158000        1.05418115289482417000        5.32240340402611434000        3.46851681052856664000        0.66988742108548116000       -7.66921923662215210000       -1.78840125933608229000       -2.72771163620215829000       -6.10903046030896935000       -8.79624010526493905000       -6.83520836599151682000       -5.79922342745517749000        4.24942886097485406000        9.41594089745470519000       -2.91717052536932053000       -2.34543519391078892000      -13.55228113355162734000      -10.79103747974401450000       -6.89688147869352797000        2.84348129418052942000      -12.46194094429685784000       -3.91349734884371925000        0.17574498880354478000       -4.48904233300732081000        4.73143570545256953000        1.66994639776443843000       14.24460295692244394000      -13.23065467685523444000       19.49810799411332600000       14.15192622859808402000       -1.45694702499748829000        1.84987551434295927000        7.94437372659939811000        2.68184843433717601000        3.78375739062235095000       -8.87392455287063697000       -1.03922048272410161000       -1.34044442110488293000       -7.10270394824599194000       -7.24188524948232892000       -6.11166444063089376000       -6.43849200646129205000        5.39893766420975485000       10.35061560393632796000       -2.72760421362659633000       -1.60297911056351805000      -11.05210338268005366000      -10.19925971313914026000       -7.38499103794149292000        2.13423914072961329000      -16.80018899787089380000       -4.24898838924555822000        1.52281561041830193000       -5.02210858367541846000        5.28478128987035056000        1.55197928594020063000       15.64124253654909502000      -12.02651655501651540000       20.89128901231408620000       16.15330043043590180000       -2.12171767862459815000        1.45363711305589782000        7.24906155965596799000        1.69143114713761111000        4.00974258452657306000       -8.77210456989252307000       -1.48970263127646763000       -2.13845750850920657000       -8.21059308318461412000       -6.31199462632481545000       -4.34295929122960533000       -6.39587577229927096000        5.71685612985712943000       10.61474819291258242000