 1         8        28        48        56
        0.00    0
       1.000000       1.000000      58.300000      58.300000      58.300000      58.300000      58.300000      58.300000      58.300000      58.300000      58.300000      58.300000      58.300000      58.300000      58.300000      58.300000      58.300000      58.300000      58.300000      58.300000      58.300000      58.300000      58.300000      58.300000      58.300000      58.300000      58.300000      58.300000      58.300000      58.300000      58.300000      58.300000      58.300000      58.300000      58.300000      58.300000      58.300000      58.300000      58.300000      58.300000      58.300000      58.620000      58.620000      58.620000      58.620000      58.620000      58.620000      58.620000      58.620000      58.620000      58.620000      58.620000      58.620000      58.620000      58.620000      58.620000
      -1.000000      -1.000000       1.077000       1.077000       1.077000       1.077000       1.077000       1.077000       1.077000       1.077000       1.077000       1.077000       1.077000       1.077000       1.077000       1.077000       1.077000       1.077000       1.077000       1.077000       1.077000       1.077000       1.077000       1.077000       1.077000       1.077000       1.077000       1.077000       1.077000       1.077000       1.077000       1.077000       1.077000       1.077000       1.077000       1.077000       1.077000       1.077000       1.077000       1.077000       1.077000       1.077000       1.077000       1.077000       1.077000       1.077000       1.077000       1.077000       1.077000       1.077000       1.077000       1.077000       1.077000       1.077000       1.077000       1.077000
        0.41399999999999998000
       -0.08200000000000000000
       -0.29999999999999999000
        0.10199999999999999000
       -0.25200000000000000000
        0.06000000000000000000
        0.03000000000000000000
        0.20599999999999999000
       -0.38600000000000001000
        0.26000000000000001000
       -0.31400000000000000000
        0.06800000000000000000
       -0.38800000000000001000
        0.38600000000000001000
       -0.29799999999999999000
        0.26600000000000001000
        0.24800000000000000000
        0.23999999999999999000
        0.23400000000000001000
        0.34399999999999997000
        0.09400000000000000000
       -0.01000000000000000000
        0.34000000000000002000
       -0.37200000000000000000
        0.00800000000000000000
        0.17799999999999999000
        0.01400000000000000000
       -0.31600000000000000000
        0.39400000000000002000
        0.28399999999999997000
        0.42199999999999999000
       -0.02800000000000000000
       -0.14999999999999999000
       -0.00200000000000000000
        0.03800000000000000000
        0.01400000000000000000
        0.32400000000000001000
        0.00400000000000000000
        0.25600000000000001000
       -0.25000000000000000000
       -0.24199999999999999000
        0.01400000000000000000
       -0.13800000000000001000
       -0.09600000000000000000
       -0.06400000000000000000
        0.39200000000000002000
       -0.14399999999999999000
        0.11799999999999999000
       -0.07199999999999999000
        0.27000000000000002000
        0.49199999999999999000
       -0.06400000000000000000
       -0.31600000000000000000
        0.09000000000000000000
       -0.23200000000000001000
       -0.25200000000000000000
       -0.12000000000000000000
       -0.38000000000000000000
        0.10000000000000001000
       -0.40000000000000002000
       -0.09400000000000000000
       -0.03000000000000000000
       -0.16200000000000001000
       -0.32400000000000001000
        0.37600000000000000000
        0.23000000000000001000
       -0.13600000000000001000
        0.22200000000000000000
       -0.12000000000000000000
       -0.03800000000000000000
       -0.39000000000000001000
       -0.07199999999999999000
        0.07199999999999999000
       -0.21400000000000000000
       -0.31000000000000000000
        0.23200000000000001000
        0.05600000000000000000
       -0.03200000000000000000
       -0.04000000000000000000
       -0.20399999999999999000
       -0.10199999999999999000
       -0.08599999999999999000
        0.05200000000000000000
       -0.33000000000000002000
        0.11200000000000000000
        0.36399999999999999000
        0.19400000000000001000
       -0.20399999999999999000
       -0.26200000000000001000
       -0.12200000000000000000
       -0.11400000000000000000
       -0.09800000000000000000
        0.17399999999999999000
        0.20399999999999999000
       -0.24800000000000000000
        0.14799999999999999000
       -0.12200000000000000000
        0.10600000000000000000
        0.14399999999999999000
        0.26400000000000001000
        0.01000000000000000000
        0.04200000000000000000
        0.19800000000000001000
        0.16800000000000001000
       -0.10199999999999999000
        0.34399999999999997000
       -0.31000000000000000000
       -0.14399999999999999000
        0.02800000000000000000
       -0.32000000000000001000
        0.41599999999999998000
        0.09600000000000000000
       -0.08400000000000001000
       -0.39200000000000002000
        0.26200000000000001000
        0.04600000000000000000
        0.17599999999999999000
       -0.02600000000000000000
       -0.12600000000000000000
        0.15600000000000000000
       -0.25800000000000001000
       -0.02200000000000000000
       -0.22200000000000000000
        0.12400000000000000000
       -0.17599999999999999000
       -0.24600000000000000000
       -0.22400000000000000000
        0.10000000000000001000
        0.18400000000000000000
        0.27400000000000002000
        0.01200000000000000000
        0.02200000000000000000
        0.35399999999999998000
       -0.01400000000000000000
        0.02400000000000000000
       -0.19400000000000001000
       -0.17399999999999999000
       -0.04400000000000000000
       -0.31800000000000000000
       -0.22000000000000000000
       -0.04000000000000000000
       -0.10000000000000001000
       -0.34999999999999998000
        0.37600000000000000000
        0.28000000000000003000
       -0.19000000000000000000
        0.23000000000000001000
       -0.36399999999999999000
       -0.04400000000000000000
       -0.37400000000000000000
       -0.22000000000000000000
       -0.04400000000000000000
       -0.27800000000000002000
        0.01400000000000000000
        0.21199999999999999000
       -0.06200000000000000000
        0.02000000000000000000
       -0.23200000000000001000
        0.37200000000000000000
       -0.27000000000000002000
       -0.26400000000000001000
       -0.02800000000000000000
       -0.04800000000000000000
        0.06200000000000000000
        0.23000000000000001000
        0.25600000000000001000
        0.16800000000000001000
       -0.07000000000000001000
       -0.13400000000000001000
       -0.23599999999999999000
       -0.43800000000000000000
        0.05400000000000000000
        0.05000000000000000000
        0.12000000000000000000
       -0.24399999999999999000
       -0.33000000000000002000
       -0.36399999999999999000
        0.08400000000000001000
       -0.26600000000000001000
        0.01000000000000000000
       -0.00200000000000000000
       -0.01800000000000000000
       -0.17199999999999999000
       -0.39400000000000002000
        0.26400000000000001000
        0.16800000000000001000
        0.27600000000000002000
        0.27800000000000002000
        0.37400000000000000000
        0.19200000000000000000
        0.45200000000000001000
       -0.04000000000000000000
        0.24199999999999999000
       -0.17599999999999999000
        0.22600000000000001000
        0.15400000000000000000
        0.21400000000000000000
        0.15800000000000000000
        0.39400000000000002000
       -0.34999999999999998000
        0.35599999999999998000
       -0.04800000000000000000
       -0.26200000000000001000
       -0.20799999999999999000
       -0.28399999999999997000
        0.34000000000000002000
        0.05000000000000000000
        0.38800000000000001000
       -0.33200000000000002000
        0.35399999999999998000
       -0.11200000000000000000
       -0.01400000000000000000
       -0.29399999999999998000
       -0.17199999999999999000
        0.03000000000000000000
       -0.27600000000000002000
        0.01800000000000000000
        0.08000000000000000000
       -0.00600000000000000000
       -0.02200000000000000000
       -0.30599999999999999000
       -0.08000000000000000000
        0.12800000000000000000
        0.27200000000000002000
       -0.23599999999999999000
        0.26400000000000001000
        0.05000000000000000000
       -0.04400000000000000000
       -0.26200000000000001000
        0.37800000000000000000
        0.03000000000000000000
       -0.02600000000000000000
        0.01600000000000000000
       -0.13000000000000000000
        0.25600000000000001000
        0.35199999999999998000
        0.07000000000000001000
       -0.33000000000000002000
       -0.10000000000000001000
       -0.34200000000000003000
        0.40400000000000003000
       -0.03600000000000000000
        0.05400000000000000000
        0.23599999999999999000
       -0.25000000000000000000
       -0.25200000000000000000
        0.13400000000000001000
       -0.19200000000000000000
        0.25000000000000000000
       -0.03000000000000000000
        0.44400000000000001000
        0.07000000000000001000
        0.29599999999999999000
       -0.38800000000000001000
        0.02000000000000000000
       -0.15400000000000000000
       -0.36799999999999999000
       -0.09600000000000000000
        0.00400000000000000000
        0.26400000000000001000
        0.38400000000000001000
       -0.02200000000000000000
        0.34599999999999997000
        0.20799999999999999000
       -0.14399999999999999000
        0.20200000000000001000
        0.07600000000000000000
       -0.25200000000000000000
       -0.12600000000000000000
        0.23999999999999999000
        0.29399999999999998000
        0.00400000000000000000
       -0.18600000000000000000
        0.35799999999999998000
        0.02800000000000000000
       -0.30800000000000000000
       -0.34200000000000003000
        0.04800000000000000000
        0.21400000000000000000
       -0.29399999999999998000
       -1.99282926566894636000        0.22561192985095546000       -1.74531580048752044000       14.62663257085791457000        7.87834057788716002000       -0.75374998661772663000        1.25617174637088480000        0.75135489287124690000       -6.47557970347493672000       -8.90936724226286891000       -2.88225939645678109000       -0.90416640260268966000        4.46337208885630954000        4.60890365381640166000       -9.49733303927252592000        5.63009260266636868000        3.43070355153554996000        3.98748503874901594000       -0.05693555523960961000        5.29214995615295347000       -4.61592233682521513000       19.54560925772329940000       17.82444759376981840000        7.91142928439276449000       -2.27371989157624199000        2.32811912585343173000       15.80462632323404648000        5.72965418157234296000        0.03711449918429461000       -1.51578030363136862000        0.22449347333133748000       -0.04990249562433095000       13.29970563023299412000        8.21044850418011585000       -0.30237065697796173000       -2.79262528713089120000        1.09694246980408061000       -9.16162204787440082000       -5.56849588218874292000       -3.18356398552915110000       -0.73996692704201250000        4.34957427950895426000        5.15973631927664744000       -8.03328073139575594000        3.98081478682139434000        6.28632145727833791000        3.78648651106837830000        0.57741245571530686000        5.21246492565518871000       -4.26567293790224422000       22.11600322083583590000       15.14463982296451228000       10.04751322553235582000       -6.50458575521384041000        2.21813871088737224000       15.20095832846672401000        5.25466407418291137000        1.60456343979018579000       -4.96819148814272360000       -0.08409800869579458000       -2.19643524992900963000        8.67709392042561056000        8.87506104560875997000       -0.57893933364192973000       -0.91099609629559841000        2.23716252574837737000       -8.85593806050361465000       -9.14552541734701130000       -3.46842881980128048000       -2.69767552843406300000        3.08271902971615175000        4.30190267295966944000      -11.11842011743990000000        8.07945476376697158000        9.17539575930418394000        2.22763759102748082000       -0.19925939824563285000        5.52559695167688947000       -4.48275747883259168000       26.69571691692927120000       20.33446234790007520000        7.11019376955993465000       -3.46016417336304549000        2.09737218861612718000       16.65030149015902340000        4.76939493123396208000        7.17682669360047498000       -5.08431569227259583000       -0.18401890922739400000       -2.75005345948706248000        8.41347849027096117000        8.19113963592713645000       -0.66248658841433661000       -1.33173776242975839000        5.97122833217372406000      -15.22052465303417357000      -12.09269708233647300000       -6.49379595392922759000       -2.89042455393879072000        2.70621261076800002000        3.46588839196888276000      -13.40214557231057313000        7.80144381419428346000        5.70092936715362608000       -0.03499463081014755000       -0.96186162735130631000        3.47469602268485422000       -6.74354679016407221000       24.14456698157794530000       22.85037583885032930000       12.66120765466233244000       -6.96957949746484839000        0.36628705943835338000       14.69882339939790583000        4.12969250565789281000       10.38760396151323384000       -3.07632460144497744000        0.30749949735218651000       -0.28848962245902793000       13.10145798687618068000       12.36302106260020395000       -1.10506894127545108000       -1.38092481098634212000       -4.40239301106456260000       -1.84770907967582954000      -18.62672304976029030000       -0.68785860779842389000       -3.97641891301958994000        0.66864889107394943000        4.61693209921799586000      -12.87083391740144833000        8.25516000221981905000        4.59897203336832217000        2.95942888478150357000       -0.27464561135140109000        3.90121956988977292000       -3.68141877576916610000       18.66979190863762740000       19.16002295936464960000        1.08297589157231067000       -0.61481269247060732000        0.59010242989810879000       14.92950447443403839000        7.97526442631079835000        0.46248310103128470000       -2.38474541062075351000        1.29120250152104998000        2.99453469487452306000       11.46381295475903173000       12.93639548805739814000       -1.94227845281510136000        3.81505796684348386000       -4.81307461482523813000       -0.28757628511051342000      -21.59205948628181200000       -4.31021359704359597000       -9.80990301528533237000        3.16562020641264219000        5.21182942059284127000      -11.37394748859621529000        2.73256224162578443000        5.42214899978471898000        1.43727185128128676000       -1.30493636991519968000        2.30256185606483577000       -1.43689157249308241000       11.53293888772200049000       14.65689385266469635000        3.68514860734882399000        7.43469680262780308000        0.61806422800120786000       11.86451841175875543000        9.74618189952705549000       -1.89340882437325808000       -2.05502610646257633000        1.44996938460798086000        4.17306263420119183000       11.24647327763021742000       13.92476714405961680000       -2.04072633384037916000        3.48347866561044750000       -2.04930055954633383000       -3.80081463190134183000      -25.12280825428788230000       -4.00601040157402366000       -8.97162944269543416000        1.91730662365347881000        5.40977908811920560000      -10.32480208797658605000        1.48451499257494568000        3.24138916368634478000       -0.98545447300678068000       -1.66015459261523879000        0.19681091562439240000       -3.05380817827156204000        7.70849644970101888000       15.40921303380420859000        2.61507133819958826000        5.29147969489315706000       -0.36966080436403242000        8.73018833636146674000        9.01056124707031891000       -0.13032552080131862000        0.31170699701166327000        1.39530476355526911000        1.29241261606283198000       11.09369615803315945000       11.05247962058500555000       -2.29930335165351840000        5.59510515201255920000       -3.10879589932680256000       -1.34756134818533924000      -25.63599236239985400000       -2.85713743461521608000       -8.11607125299283894000        4.65158489036093759000        2.86768436640698976000      -12.62884598623747046000        4.80512271929981960000        4.31307057379416481000        0.77864608406830182000       -2.36404172434657989000        2.98546466285252077000       -3.51281618785091121000        7.53553105004517665000       15.34375790609024470000        2.19569110449439231000        7.85793105183299456000        1.71224270444562654000       12.40987254078551771000        7.96546807555023317000       -3.12750870025804018000       -0.15641778553857763000        2.16321482449928748000        2.62508245020475250000       10.88479408525819281000       12.29616090423830954000       -3.01798645403400556000       10.02696683337659600000       -2.19101533535297488000        2.44544287420011175000      -31.56830818015188810000       -5.10653799267360409000      -12.27580435582302876000        2.49860316875680866000        4.05152374761415501000      -13.34954296304323229000        5.76461656906916620000        4.88405682202021030000       -1.86604959552742633000       -3.10514520319024001000       -0.21978180645633957000       -3.22865347610950959000        1.12332396996733586000       14.59409489172638175000       -4.00415840202971918000       13.66740470533618890000        1.79256296954211991000       11.06180955818109446000       10.61728752998996939000       -3.38157153057581450000        0.27165293196322382000        1.86629134162856491000        4.82362468923847310000       10.78162779650953596000       11.82186704933707588000       -3.03540507825509964000       11.03880420669781515000       -1.75077737697827884000        1.21866871799932719000      -32.41355274564916300000       -1.68171884702913532000      -11.08018468143763613000        2.97224734693643677000        2.98560988812275996000       -9.37295285132067413000        1.73279532257126689000        2.82333697781059989000       -1.98735358887748359000       -3.13477429535110241000       -0.17938487469435396000       -2.87660623232691881000       -0.93498865378678175000       12.93685139855033306000       -6.51122207118058149000       12.27062112624135004000        0.88634351137710354000        8.93627796920731754000        9.40290191342354653000       -4.25598372060108954000        1.02994605693929353000        1.44271221737926925000        2.08362351488842679000        8.58469643322966824000        9.47285879214420667000       -3.71337214819641703000       15.53676328364098147000        0.38727587635636768000        1.21041511478225638000      -31.25181157802801120000       -3.87332694315420278000      -12.68380908563160148000        6.36747655768745613000        1.59873102066361383000      -12.38449907172521236000        2.63455653458417594000        3.81184119463411752000       -3.47122162753648489000       -4.06726395245332739000        0.44943261153745073000       -4.57061452143746916000        1.09680100005973680000       13.67152518853078291000       -2.70840141753518582000       17.05860102171694590000        1.04494849912274046000       11.53570064727153088000        8.72507788168440079000       -3.24825628121020715000        0.70147837135590552000        1.21382290837281070000        2.26946572537156355000       10.54315600581022494000       11.25691686695302884000       -3.86038101655523214000       12.80476429285696938000        0.28321486796273543000        5.19490668094528996000      -33.92740608489430800000       -3.33849551244297116000      -11.55425014638739434000        3.41079113661823152000        2.72952421412330759000      -12.33210179677186780000        4.60327766796517501000        0.04298962811940155000       -5.10171461844089080000       -3.74908807949515932000       -2.45057112047219228000       -6.17495093262040573000       -3.70154520047904034000       13.73703457538505823000       -9.49622622610458578000       13.08829344084937851000       -0.89945374538531753000        9.34229666421736304000       10.34425730161774659000       -2.05072850037686294000        1.67378779534193267000        0.87449373119296792000        2.61571528885079374000       11.15932139023909819000       10.59714923573506518000       -3.67619010931968715000       12.21639455986414724000       -0.79996345760609622000        6.08147557991332821000      -35.22390881689688770000        0.23557401242439638000       -9.27314162061581904000        2.78212934738672280000        1.79533184774393395000      -10.92589175393987233000        4.16851836628586625000       -3.49173485426191377000       -4.71069354413130892000       -3.34952570622832768000       -2.77627668107605308000       -6.50132258009985353000       -7.21872618907637165000       12.97809378302132011000      -12.85878979538508737000       10.83415201371409431000       -2.08181633415984324000        7.36575496516239880000        9.42862833090167385000       -3.32889170799087797000        0.41886142793987702000       -0.03627411985016112000       -0.08562446451015940000       11.52854928773245291000       12.96510296253274142000       -3.89936846667285275000       10.60666787133743227000       -1.34237045615775363000        8.81171770657238085000      -36.50682735237085550000        0.57914911950369896000       -8.47760375750925377000        2.86040143830982307000        1.26395486952610137000      -13.43331841007522876000        7.41960166171281621000       -3.76599112778182787000       -4.53240052968936968000       -3.01139866049931060000       -1.95374572124628032000       -8.16190031786306847000       -4.78153541520210368000       15.23932817661891192000      -14.69205870437134820000       10.83217582048544791000       -2.25207051022110960000        9.85986437607857091000       10.28374296094293605000       -2.10342431263425933000        0.71052984712136691000       -0.62726828525193468000        0.05544786322496190000       12.10302608991959339000       15.37999664360370034000       -3.88949391159259861000        6.96174379670896482000       -3.61161395763938575000       12.63257135445213919000      -33.32053754337542980000        2.05559934283460377000       -7.02540321278709268000        1.91021417843230701000        1.41652082834636617000      -11.63927869159623896000        5.90349117034035498000       -4.68438899403600662000       -4.35431172737234462000       -2.53002364791262124000       -2.40696610658915189000       -8.63502722493405983000       -3.84516519257804212000       11.41277379956714810000      -17.55083117224528880000        7.89162324139364024000       -3.32667271267026221000       10.07396156856006186000       10.74838555555724717000       -2.91905415816910097000        1.39742821648525561000       -1.53669424985128122000       -1.06146605902015767000       13.10997011741345020000       13.69866545910541511000       -4.12356780808951662000        5.14779041940351778000       -8.10613806655041991000       19.36574075204563530000      -31.94230973324611260000        4.19539983967570240000       -5.99078349060142834000        4.05301587774384320000       -0.29009397808975618000      -13.15092563549808880000        6.46438843642260874000       -7.09588561422901787000       -2.50315519761929917000       -2.27010762945591527000       -0.99844499541677523000       -8.89969948702826663000       -3.78138852753136767000       11.14139490671327337000      -18.19856075901397570000        7.60159401418749958000       -5.01447882198258821000        9.75056996933450115000       11.37725850232114411000       -4.50307626911698033000        2.12543528028538287000       -2.28661220980727453000       -1.41785352978753365000       15.80589400550595336000       15.14739948878435705000       -3.86088499761298864000       -2.27831128544716632000       -9.03387966959815003000       20.11021395764503690000      -32.40435301533687350000        4.86705629149638064000       -2.77241220476855199000        3.87597212755621268000       -1.04912518652466225000      -13.28131374290978428000        8.45454837043619634000       -9.54098357550929954000       -0.91942161172554682000       -1.72958611937292672000       -0.55406625668932663000       -9.53931143155620198000       -6.78513035043194002000       10.73780441931125829000      -18.87556073157824340000       -0.94626901037806166000       -5.36230146099427518000        9.22297056657201075000       12.21308218418182712000       -4.66410681209147437000        2.17589124251373933000       -2.35313727520081306000       -1.00846477986198635000       17.03649599432585400000       16.09571266483833440000       -3.64421575641980455000       -4.48817534587436295000       -9.40721847760373464000       22.22065115506587320000      -30.35143688078649050000        2.37981662159291085000       -3.05917611671791700000        3.95178875509379424000       -0.78525749941468137000      -12.47720102726031932000        7.04823128896469697000       -9.70461259886137562000       -0.70383775357504730000       -1.71160326898697268000       -1.91451312293528297000       -9.36753213264396045000      -10.26084873739973880000        7.40979404387740548000      -18.71126063866606510000       -3.23428574058240503000       -5.45615362587764530000        8.25041458520157889000       13.58743374206558485000       -5.03031848293164607000        1.25185811231894384000       -3.11425879659847560000       -1.68154264469711112000       16.22302973390541330000       16.25747630116917010000       -4.07052159068013086000       -3.48483188499859020000      -11.97096671638149701000       28.38264190234171740000      -31.02290255000470860000        5.10618508270096072000       -2.83809980850910204000        5.00798059159770936000       -1.67998240526095066000      -12.62933617274849141000        7.94162124132414782000       -9.29612706409194622000       -0.05942807237812991000       -1.72129831721228532000       -0.89394560894911990000       -8.91816643618906646000       -9.96792353522108954000        7.54147419794740870000      -23.91294540379653450000        0.00829957718130093000       -6.13989751267880379000        8.32568753239634951000       14.18692265873580105000       -5.37170113464513754000        4.09086197436611521000       -3.30420029908323443000       -2.39578590382029333000       16.24075690007144250000       11.29131833037273047000       -3.96872393712454397000       -3.95060722332940850000      -10.89098998054927847000       28.55583338633188360000      -26.48953990368249120000        3.41588424393386392000       -1.71631874586923683000        8.26344584838923524000       -3.50582531672658826000      -13.05490665720356880000        8.48550196806685086000      -11.36285782553404822000        0.43499800089167029000       -2.33862216748284535000       -0.89590562492742287000       -9.85849443724448804000      -13.68394954651605922000        5.06757922097658398000      -19.54057891170145570000       -3.67418625610980154000       -6.51257105212453791000        7.71462134983036218000       13.05797982245747413000       -5.48468674498173314000        3.67736353914403891000       -3.31840134119262453000       -3.27781748240629867000       14.49834005300906803000       10.17568037263061598000       -4.05230327304472659000       -0.17498950674901259000      -12.55661627344934850000       35.70674356710615170000      -24.42400206994966180000        1.59919005344361898000       -4.03599129258487466000        8.28057961445917989000       -3.75863132905472197000      -13.97248677520302884000        9.58615788862663543000       -9.53516963782205274000        0.32145481372605844000       -2.72831768792306306000       -1.77427324831096156000       -9.48426431540196724000      -14.61038640310108150000        3.94962852679170551000      -22.97474213462623990000        2.21257562487393900000       -6.28154809628597377000        8.04751390382335252000       14.42547022393287115000       -5.49649207324898903000        1.86328677800741871000       -4.06806215691813300000       -5.42043885013243276000       11.85156245597221414000        9.13065998916210830000       -4.24704158145319166000       -0.42106229989079086000      -13.81013860310753216000       40.46635072316075110000      -20.40312504911160470000        0.09068871896959112000       -5.43420943018158464000        9.37686320795384631000       -5.45689733274824995000      -15.71489962350291236000       10.72231910712578618000       -8.33127741756349494000        0.37449874685464396000       -3.35486919944123585000       -0.67705984712397671000       -9.88910029304414984000      -10.44376331265550562000        4.27987312165498412000      -22.03276167025927630000        3.97641337539430850000       -7.04597102473359804000        8.61223122016186338000       14.51483308709732967000       -2.56051692973896072000        4.85844805884042241000       -4.72850257896617521000       -7.60927279778138299000       11.66588182955950792000        5.50710847686593485000       -4.49450928186740040000        1.36632725921188802000      -15.08572047818489459000       44.83179723883975500000      -16.43119899188394580000        1.56049224954938337000       -4.35676045146659607000       10.58207716768035844000       -8.48445903777759192000      -17.48190176640354920000       13.57079712330275534000       -7.74010199304871360000        1.52232218189672031000       -4.13531615969331234000        0.71998202099684427000      -11.44155356558621328000       -8.23880686821948771000        2.33366806462032450000      -23.42521237223039420000        4.87419611037572409000       -6.41357340482345251000       12.43039644248891662000       13.88970066881781307000       -4.81261070572919980000        3.65762994361786564000       -4.60470039671522890000       -8.33464793588218633000        8.41267831470812943000        5.45873209172183582000       -4.46651218023740260000        7.48104349687259518000      -14.65984441547979067000       47.80766817249115520000      -15.01101471032842127000       -0.67371974989541694000       -7.85100088029611864000        9.74732184056535544000       -8.22708380985364052000      -18.51299901597769800000       13.87239140471421983000       -4.90839753919874422000       -0.07051803312921480000       -4.69686528601336306000       -1.03500040351379274000      -11.33790521296764986000       -8.55425475082983056000        1.29300149543762499000      -25.06412299222979460000       13.81020953375169746000       -6.35553563403159139000       11.87317605649782948000       13.88232348394233107000       -3.39776018394946711000        3.48177630197190480000       -5.10373811764687879000       -9.38580461566943569000       10.20438219420115544000        6.49290281255481716000       -4.48658485141517804000        4.67240790277811335000      -13.46110868612695910000       46.52662947750151550000      -16.91564541202446390000       -0.47189445106641054000       -6.52898237162756079000        7.50805869219440414000       -8.86055476606484760000      -19.92086658773170170000       15.93582452058718957000       -8.25772412389684085000       -0.85499941200558038000       -4.69839866544520302000       -2.29098545701947165000      -13.44021065401307702000       -8.77066588725132590000        3.36036526274297653000      -25.94839625938704230000        8.06234310220061090000       -7.35127865505502065000       12.28850347330232395000       14.22757425145706556000       -1.68515010579010660000        1.67726650880825701000       -4.74533109989780222000      -12.05569126301178962000        5.27599077767636526000        7.74542905515742586000       -5.05855394284678450000        9.60667805346331072000      -13.10112563825401821000       47.42968197292206870000      -15.70436859828231668000       -1.95528017560541278000      -10.20394533216548183000        5.87467039632870325000       -8.49327229280358509000      -21.66935727661305930000       18.98186223795605440000       -1.95370015130355612000       -1.81663495373035189000       -5.17768096176854886000       -0.86743717940615850000      -11.92749063423266520000       -1.73889945039224703000        3.23674202376485320000      -27.13147177873333860000       18.01394244837903360000       -4.59821590541137759000       16.86674541168984120000       13.63696278977363896000       -1.16438241674762311000        2.16048375491966604000       -5.02897645864873866000      -10.93427466046336605000        8.44221692820805991000        9.53645916486082434000       -4.75935399813006654000        3.52376357174423838000      -13.49837359481792909000       44.25044173303081150000      -13.29094770004790504000        1.12921182220709326000       -7.19188375346017672000        4.35599359656908636000       -8.99476191726912688000      -19.15051443436538040000       15.82732455592639731000       -3.51387389417910967000       -0.99526495762160061000       -4.40153495932444994000       -0.54093830470852033000      -12.94927495817741381000        2.30802620807415515000        1.76939171633203807000      -26.13826350175012440000        9.54096746856857969000       -4.82297735113915227000       16.92050853480059300000       12.94811988827007632000       -1.73814479836950930000        0.83126756126959322000       -5.35094713143762490000      -13.89278056870906575000        7.34573023276213011000        9.02256202294477383000       -4.51257201873404412000        4.03938289835601783000      -13.73640950084707946000       47.48513743629026610000      -11.48801406127840075000        0.64090568847572404000       -7.64779628812308587000        2.19388356240206583000       -9.82302505002733106000      -22.10360650834186910000       21.46302683120931580000       -1.22554187034867668000       -0.66394307848019829000       -4.64600343763095136000       -0.47714103190743140000      -13.24289893976641252000        5.55601542246193780000        3.07439896169802118000      -29.70845104140439120000        9.80553737177218032000       -3.76112727102384614000       20.20918940188301600000       13.48821731995882622000        0.17006305109419495000       -2.29621875926254182000       -5.56660926942780954000      -14.58672504463657838000        5.03286480487968468000        9.69442096972550082000       -4.57899821095898130000        3.06884128846854098000      -13.89700373073994300000       48.14755559586961200000      -12.67161553564302068000        0.28111312115114456000       -9.27839785494403912000        0.77712206575725018000       -9.42644506577622998000      -22.86047580952833510000       23.26930517187683020000       -1.26256415527816146000       -1.22928996520589262000       -4.24532222037229001000       -0.06637914194214659000      -12.58196903739185402000        8.64217554636835317000        6.61286800765352201000      -30.53472087344408340000        9.79219643042234189000       -4.45687459693624000000       19.28986421100590220000       13.55884029175689953000        4.21391383486246252000       -2.16774238319591417000       -5.33341985094064697000      -14.75140247993712350000        4.81190736216643344000        8.91191646141462357000       -4.52957638333393220000        1.28614704570215976000      -14.36721648947620089000       48.12176620290806280000      -13.89195470374347074000        1.28015195663475967000       -9.00219760070189956000       -0.62265582046270918000       -9.57278618783301560000      -23.61400810223241110000       25.72685806385232610000       -1.18769485797502306000       -1.05532434442852452000       -4.01626935657612894000       -0.00655009303182376000      -12.20456754995803550000        8.24979462760065552000        7.82721653239921533000      -31.97885020971414600000        7.86358611817348674000       -3.92961228927252781000       18.51226031594051950000       13.34109849682608484000        4.84553373320085790000       -4.36582934325301508000       -5.77609939595177568000      -16.26944290121197410000       -0.10347134498523299000        7.15083011839806204000       -4.13652431679484334000        1.92992023144038094000      -14.28734393802504421000       48.83255584243544690000      -10.30622356207276269000        0.76102360712875672000      -11.17508856754050761000       -1.52210218681714093000      -11.10169389955506602000      -24.46792851824685040000       28.90938973849983280000        5.02142269504413363000       -0.25009590589597758000       -4.11051231102072023000        2.09617466884469206000      -10.49721969059115345000       15.27717083452600555000        8.64082979849096056000      -33.08492499554162690000        9.95928230198254916000       -2.30806244782675174000       20.96903270098387400000       12.12420075795549934000        8.44992764849800793000       -3.76228006712831320000       -5.75816266173927893000      -14.86989168832066710000       -1.49817718187252846000        3.64790394914775673000       -3.25813586783801146000       -2.25884331786342063000      -10.70388398846961664000       42.28641114933325440000       -5.23639984013162785000       -0.83382417158463185000       -9.66152146412403212000       -0.13349458196511754000      -11.93636357729585207000      -21.99983460496245510000       26.08322911453279150000        3.41632292371315049000       -0.28891972344962497000       -3.87458444427783011000        2.04751754398185781000      -10.71944902276422695000       14.08368481297905639000        8.41895153090446691000      -25.88933621478682670000        1.68901571649084570000       -3.17273763187985036000       16.11571069541694360000        9.45206004392734123000       12.73285179821091440000       -4.10106122156944952000       -4.95357711979635251000      -15.74654117278370258000       -2.79691817819675137000        1.48494944852487798000       -2.86027128993973001000       -1.83425052307290093000      -10.81796096158069176000       44.04372842762398220000       -7.87237494748650857000       -1.76544248195827125000      -10.58214667257790076000       -2.39007679987679378000      -10.78334542912849692000      -24.39512086503668800000       32.08754723364317840000        5.17455850676008922000       -0.33910496051690153000       -3.43443741785000034000        1.00608457372082483000       -9.72416835620720832000        9.96366958341018183000       10.93767743681922333000      -29.86456919296988490000        3.59345923511554055000       -1.99217273670237538000       13.94497170969552791000        9.32277106561163826000       14.38028287289217921000       -5.27550141454773058000       -4.72200221084865657000      -15.91114629505499245000       -5.87245431228414549000       -0.02578701189531511000       -2.53167566396019605000        0.07096311911121439000      -11.07020973952941745000       43.65382690882452720000       -8.29346887864199900000       -1.46869059346447850000      -11.91626422312335620000       -1.80590032983581428000      -11.12230516268033398000      -24.56883911246764280000       33.01752904052263200000        9.38122363249942204000        0.22712490365678900000       -3.27287180381175657000        2.13671470277529396000       -7.82583334806914710000       11.06517865347998075000       11.79283667332845376000      -30.55194058561546200000        7.74258424995204653000       -0.55945870063003544000       13.50231740280842452000        8.03466616053011506000       15.43477352013924353000       -7.49398475876973080000       -4.52216103903021160000      -16.92234818980431400000       -9.89598964579208484000       -3.35406139781449752000       -2.37304640764560570000        1.34968248111363143000       -5.81410995882014259000       36.38563528717129710000       -4.71536961185984715000       -6.21485204821008619000      -13.54522325503778113000        1.45197885247046821000      -11.58426327063698302000      -25.45829762802883420000       32.06888029650843920000       11.12429950727644368000       -1.47617893048182136000       -3.91329859472761132000        2.48257056885413752000       -8.16028630666071386000       14.37439521776042462000       14.36708498321515215000      -20.83492386774912570000        7.40506117261880448000       -0.38748524151708880000       12.34437073123391393000        5.76173254277789138000       21.71553260347554120000       -7.59277060034333306000       -4.32888163312584684000      -16.22323514939420970000       -8.51856893678175275000       -2.59384564722909339000       -2.11249979257937204000       -0.71812618672423290000       -8.00455932333315800000       39.17803784483801620000       -7.58093333765030231000       -6.04852716288345604000      -13.50659319085606036000        0.38487175116132916000      -10.41329857814462478000      -25.55383787725384790000       33.23573729239551260000        9.52158709656796987000       -0.87289113917228744000       -3.18072405082993059000        1.31304686398366410000       -7.15000937160457806000        9.38378415873723881000       14.72153890273520993000      -23.72691737784745670000        6.36445842685065344000       -0.73860971812018328000        9.90171459512165519000        6.65722851532808058000       20.95686981217221150000       -8.45450714989925700000       -3.75435875821969978000      -15.55379304468687529000       -9.88323867179789062000       -2.24564469627804719000       -1.87266819075224444000        0.85263870033491340000       -6.55898740563794735000       36.65660473008679790000       -7.66593691619184625000       -7.36306466053642872000      -15.09245768926068365000        0.32965431207509582000       -9.36428225941681802000      -24.85389725338551510000       31.94699427372196610000       12.19437563581094075000       -1.63126659817540931000       -2.93441786148026207000        0.74851313867799096000       -6.55374222004357598000        9.86260726170768187000       15.11615337185223851000      -22.30733453578368500000        9.26477709977599773000        0.39975251428658964000        8.63909774094852168000        5.81319614472122570000       22.32267002997975070000      -11.59031713102793226000       -3.88817909261894590000      -17.96333397460803740000      -14.56649899603782217000       -4.37089453596314037000       -1.85241186488288090000        4.22886323381544571000       -3.24037790640847501000       32.34416052094775300000       -3.92593836570557553000      -11.54560504806327437000      -17.57494971144161160000        2.96149822376728178000      -10.07381500716428491000      -26.78256784922128730000       31.68140976699253390000       16.03215392813476470000       -2.90677643789347373000       -3.69111073385399147000        1.98666561243185247000       -6.67846183782005287000       16.94267825865095390000       17.35440418235526750000      -15.05627310943610198000       13.04710827030379328000        0.96443193716174647000       10.60497938916783589000        4.04329958680946255000       27.37086947695497940000      -11.53387627576035079000       -3.55733719031798490000      -17.47298928421227520000      -14.71222985829555263000       -3.94293867537644038000       -1.96964745600749791000        4.59922479185766253000       -1.98342388864666153000       29.80450528931921280000       -5.15790899833242644000      -12.14112014224729741000      -18.28713437440805480000        2.30765074726755914000      -10.06752947606502957000      -26.55466408848732840000       31.84132648770786740000       16.58392431779478220000       -3.33485186237677267000       -4.04902939350403468000        1.89010161230317264000       -5.95065800930736177000       16.95331901334391130000       17.61215031177378520000      -14.11085267700516788000       12.32409980182265308000        2.11265784715042404000       11.56977231625726610000        4.38973695635440109000       27.07907710910541250000      -12.32936990445360337000       -3.14677864420322306000      -15.01089366909448053000      -16.00079145840075870000       -3.92536820493416005000       -1.90893658223674301000        5.70830887721628777000       -2.14740574724068267000       26.73789106868795070000       -4.87838986969128641000      -12.75755378533423290000      -20.69907515395639660000        2.93117241554691921000       -9.44502868684554109000      -23.92922249634547780000       27.09116565128717720000       17.46549729968325690000       -3.50736086544804149000       -3.80149455783486490000        2.29049360378623090000       -3.83987941113378994000       18.19357018745061440000       16.89031028391218210000      -10.14594750967602543000       15.00009716198322174000        2.26514202873070492000        9.33338684719915790000        3.44848373708119471000       26.78985100339619050000      -13.98341112435518774000       -2.89044840390749247000      -15.87330696730316504000      -18.91337219785249250000       -4.84224012013115335000       -1.90907990146237583000       10.40663766355227970000        0.94648217290131431000       22.43270063596956730000       -3.68225883418591593000      -16.22470523853615630000      -22.98804106464937290000        4.16181517825684377000       -9.17360266028585514000      -24.14714345065679520000       25.24962655197613160000       20.13837488095169800000       -4.51267514912288270000       -4.17514982700875681000        2.44989872501612682000       -3.18362636494219942000       20.30201569903649880000       17.88912201634926190000       -5.14011160294148439000       20.52498086286875180000        3.24431837477482476000        9.70600947333017316000        2.36986897843229505000       28.60046179262310770000      -12.58795756484231987000       -2.78660042967823252000      -14.05984914201491698000      -18.95169378833941920000       -6.20025756092229230000       -1.53662243880077809000        9.24865616200153617000        0.80597820821403354000       22.50672625161537610000       -2.87210458564127835000      -16.00042616293146120000      -22.16905745098636520000        3.23653864709660910000       -8.78494849329919347000      -23.13406705914086460000       24.73461664315807340000       19.17482988308285740000       -4.70314981378438546000       -3.78274512573441690000        0.94927099461955367000       -2.75024013692737945000       15.71672969682900423000       16.24613254127386240000       -5.64865694390949713000       18.88913251153737960000        2.34706014569964960000        6.13747768506913616000        2.68092893873191862000       28.14013555531396450000      -12.38333094949909707000       -2.43685728926374656000      -12.07369024222031228000      -18.69486168782891870000       -6.75370968723723220000       -1.73038553032411846000       13.34505291100319546000        1.10754189721960916000       21.18745430251474460000       -4.41476973874692646000      -15.98351938535861550000      -23.71924460929598410000        4.59846700630308192000       -8.41884742115306572000      -20.68467887827586080000       21.02085329243007190000       18.53982399522778120000       -4.63791739460110897000       -3.74752024272159634000        1.07856931348379059000       -1.16431861867341402000       13.92309259880330608000       15.61969250844400037000       -4.23835929788736721000       23.36623208238125930000        2.73506907567297253000        5.51839980225652038000        2.46150375278716060000       25.55392920846378860000      -13.80060346385472414000       -2.33328761120913031000      -11.43481692876055256000      -20.36698944916107120000       -8.21338778458261132000       -1.21718716664669957000       15.14496808339736056000        3.83083608434294653000       13.89740522356916053000       -1.02410913461307640000      -17.53112896462800660000      -23.64413228290031200000        6.19270262883199685000       -8.27490914706984171000      -18.95285864081681030000       15.74747120889704455000       18.89892439171076430000       -5.63908526367309904000       -3.86051845539226424000        0.80922214734511344000       -1.34783769780034945000       17.10234292247565340000       15.72834371816898624000        3.14794523343063126000       23.67990910351610620000        2.04474451926305356000        3.63703311188159173000       -0.16695482705134118000       27.83179128471835640000      -14.77915351998008830000       -2.17739352719361001000      -11.00930093901919449000      -20.96565294730159930000       -7.97960029639799373000       -1.09319062003088630000       13.49856942070931964000        4.87394755959696990000        9.91369227524767105000       -2.40064092522700312000      -17.50271548248046830000      -23.60140934039768010000        5.70528046579737946000       -8.01560059310156525000      -18.73798208762062600000       16.43359074403578290000       19.86311290017595610000       -5.52686741992174646000       -3.73582184923386684000        1.30766695774043784000        0.00105572478767298000       18.18347855466510410000       16.77394360411774340000        4.63614026194896578000       21.33538975443658000000        2.70153843849353326000        4.07162247183686876000       -0.73315059164531016000       28.80356891515832630000      -15.69228797997628355000       -1.59780185944944986000       -9.94569064372994305000      -21.80679362288030280000       -8.05059780124958557000       -1.32429311849996467000       19.57117311771793310000        6.49887120026035259000        7.36429384792264496000       -4.04023552237730854000      -18.94158419481113140000      -26.34280346736198200000        7.34645830851380044000       -7.26566949675676277000      -17.67029209011824880000       13.22970687699514869000       21.60104470917514870000       -6.23743330047881006000       -4.13675871293546393000        1.32830666664910413000        1.27330124251099863000       18.16433909920040430000       17.35835069255674770000        6.96130692831885245000       28.59220864077218850000        3.86550267301355799000        4.01474115761020922000       -1.06443531212241926000       27.88237100396266040000      -13.69188732560997757000       -1.74741378848699047000       -8.64799523187624963000      -24.26213604996276980000      -11.56432350733925496000       -0.91948899032344134000       22.99872664580765050000       12.85356650706759396000       -5.78875905443280203000        1.07421449369624167000      -20.65463758881235280000      -24.47662502452253010000        9.01494919276205664000       -9.05904844185376668000      -14.28119927966609204000        5.97386749915018544000       21.51744159164445590000       -8.12231072063231885000       -5.39968967673606848000        0.72824816559369454000       -0.56266130509750334000       19.40015836752320770000       14.79618545307974920000       16.83787620395712990000       27.46614780074142460000        3.47582727403155856000        1.94316993315793662000       -6.01957029703222002000       28.99440299116767860000      -14.10790686277908890000       -1.91765518845456628000       -8.34893566639856921000      -24.96100252194695200000      -11.36039760746222704000       -0.90377489988756432000       23.57621552674677900000       13.37194002891564360000       -7.82168136060217467000       -0.74164424483469715000      -20.17227946616064570000      -24.11575983717080970000        8.51133793525569438000       -8.95066816290070122000      -13.62716272369578974000        6.34729455545137800000       21.67054849194513010000       -7.73502285967353220000       -5.08718847731644264000        1.36118778046568023000        0.67268160508777841000       19.62348023583353650000       15.75138212075826694000       16.62769529779872710000       28.30684236112387000000        3.74827249118661721000        2.90310526004440783000       -6.27820921661967990000       28.22672619287997970000