 5         6         2        48        54
        0.00    0
      45.830000      45.830000      45.830000      46.508000      46.508000      46.508000      46.508000      46.508000      46.508000      46.508000      46.508000      46.508000      45.830000      45.830000      45.830000      45.283000      45.283000      45.017000      45.017000      45.017000      45.017000      45.830000      45.830000      45.830000      45.830000      45.830000      45.830000      49.075000      49.075000      49.075000      49.075000      49.075000      49.075000      49.075000      49.075000      49.075000      49.075000      49.075000      49.075000      49.075000      49.075000      49.075000      49.075000      49.075000      48.634000      48.634000      48.634000      48.479000      48.266000      45.830000      45.830000      45.830000      45.830000      45.830000
      -0.387000      -0.992000      -0.259000      -0.966000      -0.379000      -0.926000      -0.707000      -0.922000      -0.612000      -0.966000      -0.500000      -0.991000      -0.387000      -1.000000      -0.259000      -0.992000      -0.259000      -0.966000      -0.379000      -0.926000      -0.791000      -0.866000      -0.866000      -0.796000      -0.707000      -0.707000      -0.791000      -0.612000      -0.866000      -0.500000      -0.922000      -0.387000      -0.966000      -0.259000      -0.991000      -0.135000      -1.000000       0.000000      -0.992000       0.126000      -0.966000       0.135000      -0.926000       0.000000      -0.866000      -0.126000      -0.796000      -0.259000      -0.707000      -0.379000      -0.612000      -0.500000      -0.500000      -0.605000
       -0.30599999999999999000
       -0.00200000000000000000
        0.33800000000000002000
        0.29999999999999999000
       -0.30599999999999999000
        0.26800000000000002000
        0.22600000000000001000
        0.28799999999999998000
        0.38400000000000001000
        0.09800000000000000000
        0.35199999999999998000
       -0.27000000000000002000
        0.30199999999999999000
       -0.29399999999999998000
       -0.32000000000000001000
       -0.19400000000000001000
        0.34869289631517142000       -1.77499569270056057000        0.66570048006943006000        0.28735287501051565000       -1.88766939667543698000        0.68819100057204008000        0.12107082542559980000       -1.98393289529056061000        0.54288418634403146000        0.13854335874090115000       -1.16245570732785608000        0.40369789216395902000        0.39050410646727240000       -0.35056827226577669000        0.28168042628640022000        0.33965614415299628000       -0.48945171165751572000        0.33635574757356490000       -0.46122478504197983000       -0.41548468958164503000        0.01592608980228092000        0.02015558230147516000        0.05126473530931339000        0.03931607302142629000        0.12611500462820688000        0.49662643708799464000        0.01822571517402396000        0.15378356523898379000        0.45483892545126164000        0.04318624692944947000        0.02159400856922339000       -0.04790229153087650000        0.12561196296415852000        0.21964895568662193000        0.13332306185587986000        0.10696734833216912000        0.14438300641187085000       -0.00365629504678245000        0.15243881600817122000        0.17488782418533502000        0.21103425438693327000        0.10844420398340716000       -0.08383168417049849000        0.37631798785719084000       -0.18230037222556772000        0.20279773002143961000        0.72099324283336907000       -0.28845449369188630000        0.07266657828241588000        0.60049024682565100000       -0.24083611010410311000        0.64204146719434485000        0.74793203978532863000       -0.13881762904405329000        0.49369636087513896000       -0.06381059543374153000        0.02558628084504539000        0.62857639328016868000       -0.35523681319374439000        0.16584441356133076000       -0.21544345000217960000       -1.03425329261194476000        0.18620551742145869000       -0.48456911647704465000       -1.71423172067789387000        0.25481200176328456000       -1.02364493230241971000       -1.43182856435747885000       -0.00164768550250522000       -1.24225382050229971000       -1.63886577590227289000        0.04665311585514963000       -0.75677933530929553000       -1.07732985168908835000       -0.00302395315820300000       -0.70492604075285381000       -1.10400429323722249000        0.04215174560635240000       -0.30975923251744208000       -0.67007669662024671000        0.00949915249826135000       -0.53119221915512449000       -0.66222572615159481000       -0.00802249184236024000       -0.61031500558365170000        0.06045302662308615000       -0.25607922398544147000       -0.84069284397458599000        0.35862946262015133000       -0.35402296109514553000       -0.66551175044744992000        0.79127914006361688000       -0.18379935367800079000       -0.78538161056727962000        0.54579207174177502000       -0.22515546166697153000       -0.83804888586591486000        0.22060972307921248000       -0.13916886068916323000       -1.03630483917354765000        0.29339790934907523000       -0.18376333576226062000       -1.13738970010958385000        0.41171070123007170000       -0.10680346934599953000       -1.34235077604111575000        0.44046922176326686000       -0.13409416854578729000       -0.99234235503062429000        1.14520231706009135000       -0.19270325774589731000       -0.81204589695843321000        1.56223407745744836000       -0.36643763320438549000       -1.15953864776974003000        1.09253617765019473000       -0.40592250579889994000       -0.83278454977332428000        1.39533638221717848000       -0.54242554002546595000       -0.30977878813394960000        1.50222538484008838000       -0.53905987988105497000       -0.11405009618788549000        1.85531314601753561000       -0.76323268478579653000        0.09828087518533249000        1.74127700880571923000       -0.69818822710214379000        0.23693099053665162000        1.71486258454271123000       -0.56619716547898657000        0.60197949983049293000        2.73172724062348182000       -0.87673178987849354000        0.68677014627411115000        3.03406574340436341000       -0.99555716690303653000        1.37752428212219247000        3.14895478809246265000       -0.70961094494279398000        1.88528372925515630000        3.53755355595713006000       -0.69527038629225346000