0.992 -0.126 3.097 7.515 7.219 8.936 7.293 6.639 2.292 1.248 0.657 1.600 4.948 4.822 2.728 8.671 13.254 18.966 17.069 16.393 12.311 12.463 6.758 4.631 2.996 3.221 7.173 7.121 13.838 17.031 18.203 14.09 12.204 14.869 18.208 16.493 15.283 16.844 18.091 21.01 28.327 35.759 36.508 40.345 38.994 44.256 42.451 42.225 38.389 27.633 14.621 21.626 49.26 15.744 18.094 9.419 
0.966 -0.259 7.515 7.219 8.936 7.293 6.639 5.146 1.248 0.657 1.600 4.948 4.822 2.728 8.671 13.254 18.966 17.069 16.393 12.311 12.463 6.758 4.631 2.996 3.221 7.173 7.121 13.838 17.031 18.203 14.09 12.204 14.869 18.208 16.493 15.283 16.844 18.091 21.01 28.327 35.759 36.508 40.345 38.994 44.256 42.451 42.225 38.389 27.633 14.621 21.626 49.26 15.744 18.094 9.419 3.197 
0.926 -0.379 7.219 8.936 7.293 6.639 5.146 4.076 0.657 1.600 4.948 4.822 2.728 8.671 13.254 18.966 17.069 16.393 12.311 12.463 6.758 4.631 2.996 3.221 7.173 7.121 13.838 17.031 18.203 14.09 12.204 14.869 18.208 16.493 15.283 16.844 18.091 21.01 28.327 35.759 36.508 40.345 38.994 44.256 42.451 42.225 38.389 27.633 14.621 21.626 49.26 15.744 18.094 9.419 3.197 0.742 
-0.126 -0.992 2.728 8.671 13.254 18.966 17.069 16.393 1.461 2.865 7.029 4.586 1.115 2.572 2.46 6.352 15.35 20.838 22.376 22.038 14.685 4.557 2.154 1.893 0.922 1.769 3.019 4.277 7.792 12.74 18.454 18.157 20.191 19.98 22.599 22.127 20.584 19.619 19.296 9.416 22.198 26.681 28.448 19.996 18.492 12.975 12.088 6.937 2.723 5.068 8.648 7.148 9.175 15.297 11.787 11.917 
-0.259 -0.966 8.671 13.254 18.966 17.069 16.393 12.311 2.865 7.029 4.586 1.115 2.572 2.46 6.352 15.35 20.838 22.376 22.038 14.685 4.557 2.154 1.893 0.922 1.769 3.019 4.277 7.792 12.74 18.454 18.157 20.191 19.98 22.599 22.127 20.584 19.619 19.296 9.416 22.198 26.681 28.448 19.996 18.492 12.975 12.088 6.937 2.723 5.068 8.648 7.148 9.175 15.297 11.787 11.917 11.573 
-0.379 -0.926 13.254 18.966 17.069 16.393 12.311 12.463 7.029 4.586 1.115 2.572 2.46 6.352 15.35 20.838 22.376 22.038 14.685 4.557 2.154 1.893 0.922 1.769 3.019 4.277 7.792 12.74 18.454 18.157 20.191 19.98 22.599 22.127 20.584 19.619 19.296 9.416 22.198 26.681 28.448 19.996 18.492 12.975 12.088 6.937 2.723 5.068 8.648 7.148 9.175 15.297 11.787 11.917 11.573 10.358 
0.259 -0.966 2.761 1.546 7.050 10.864 6.503 4.002 19.291 22.217 20.387 16.727 9.100 7.001 10.675 9.450 9.162 8.152 8.678 8.356 7.917 7.663 7.679 6.912 13.781 15.571 16.229 18.118 17.589 16.847 15.979 14.947 15.584 16.066 18.577 18.624 22.672 24.47 21.061 25.41 26.09 21.368 34.851 38.409 27 19.362 13.395 6.279 4.594 15.707 28.169 32.549 36.244 35.423 32.368 32.205 
0.135 -0.991 1.546 7.050 10.864 6.503 4.002 4.988 22.217 20.387 16.727 9.100 7.001 10.675 9.450 9.162 8.152 8.678 8.356 7.917 7.663 7.679 6.912 13.781 15.571 16.229 18.118 17.589 16.847 15.979 14.947 15.584 16.066 18.577 18.624 22.672 24.47 21.061 25.41 26.09 21.368 34.851 38.409 27 19.362 13.395 6.279 4.594 15.707 28.169 32.549 36.244 35.423 32.368 32.205 30.628 
0 -1 7.050 10.864 6.503 4.002 4.988 5.360 20.387 16.727 9.100 7.001 10.675 9.450 9.162 8.152 8.678 8.356 7.917 7.663 7.679 6.912 13.781 15.571 16.229 18.118 17.589 16.847 15.979 14.947 15.584 16.066 18.577 18.624 22.672 24.47 21.061 25.41 26.09 21.368 34.851 38.409 27 19.362 13.395 6.279 4.594 15.707 28.169 32.549 36.244 35.423 32.368 32.205 30.628 21.078 
-0.126 -0.992 10.864 6.503 4.002 4.988 5.360 8.497 16.727 9.100 7.001 10.675 9.450 9.162 8.152 8.678 8.356 7.917 7.663 7.679 6.912 13.781 15.571 16.229 18.118 17.589 16.847 15.979 14.947 15.584 16.066 18.577 18.624 22.672 24.47 21.061 25.41 26.09 21.368 34.851 38.409 27 19.362 13.395 6.279 4.594 15.707 28.169 32.549 36.244 35.423 32.368 32.205 30.628 21.078 14.422 
-0.259 -0.966 6.503 4.002 4.988 5.360 8.497 9.092 9.100 7.001 10.675 9.450 9.162 8.152 8.678 8.356 7.917 7.663 7.679 6.912 13.781 15.571 16.229 18.118 17.589 16.847 15.979 14.947 15.584 16.066 18.577 18.624 22.672 24.47 21.061 25.41 26.09 21.368 34.851 38.409 27 19.362 13.395 6.279 4.594 15.707 28.169 32.549 36.244 35.423 32.368 32.205 30.628 21.078 14.422 15.885 
-0.379 -0.926 4.002 4.988 5.360 8.497 9.092 5.129 7.001 10.675 9.450 9.162 8.152 8.678 8.356 7.917 7.663 7.679 6.912 13.781 15.571 16.229 18.118 17.589 16.847 15.979 14.947 15.584 16.066 18.577 18.624 22.672 24.47 21.061 25.41 26.09 21.368 34.851 38.409 27 19.362 13.395 6.279 4.594 15.707 28.169 32.549 36.244 35.423 32.368 32.205 30.628 21.078 14.422 15.885 17.447 
-0.5 -0.866 4.988 5.360 8.497 9.092 5.129 7.772 10.675 9.450 9.162 8.152 8.678 8.356 7.917 7.663 7.679 6.912 13.781 15.571 16.229 18.118 17.589 16.847 15.979 14.947 15.584 16.066 18.577 18.624 22.672 24.47 21.061 25.41 26.09 21.368 34.851 38.409 27 19.362 13.395 6.279 4.594 15.707 28.169 32.549 36.244 35.423 32.368 32.205 30.628 21.078 14.422 15.885 17.447 18.487 
-0.605 -0.796 5.360 8.497 9.092 5.129 7.772 10.043 9.450 9.162 8.152 8.678 8.356 7.917 7.663 7.679 6.912 13.781 15.571 16.229 18.118 17.589 16.847 15.979 14.947 15.584 16.066 18.577 18.624 22.672 24.47 21.061 25.41 26.09 21.368 34.851 38.409 27 19.362 13.395 6.279 4.594 15.707 28.169 32.549 36.244 35.423 32.368 32.205 30.628 21.078 14.422 15.885 17.447 18.487 28.973 
-0.707 -0.707 8.497 9.092 5.129 7.772 10.043 9.283 9.162 8.152 8.678 8.356 7.917 7.663 7.679 6.912 13.781 15.571 16.229 18.118 17.589 16.847 15.979 14.947 15.584 16.066 18.577 18.624 22.672 24.47 21.061 25.41 26.09 21.368 34.851 38.409 27 19.362 13.395 6.279 4.594 15.707 28.169 32.549 36.244 35.423 32.368 32.205 30.628 21.078 14.422 15.885 17.447 18.487 28.973 32.779 
-0.791 -0.612 9.092 5.129 7.772 10.043 9.283 12.856 8.152 8.678 8.356 7.917 7.663 7.679 6.912 13.781 15.571 16.229 18.118 17.589 16.847 15.979 14.947 15.584 16.066 18.577 18.624 22.672 24.47 21.061 25.41 26.09 21.368 34.851 38.409 27 19.362 13.395 6.279 4.594 15.707 28.169 32.549 36.244 35.423 32.368 32.205 30.628 21.078 14.422 15.885 17.447 18.487 28.973 32.779 28.819 
-0.866 -0.5 5.129 7.772 10.043 9.283 12.856 14.095 8.678 8.356 7.917 7.663 7.679 6.912 13.781 15.571 16.229 18.118 17.589 16.847 15.979 14.947 15.584 16.066 18.577 18.624 22.672 24.47 21.061 25.41 26.09 21.368 34.851 38.409 27 19.362 13.395 6.279 4.594 15.707 28.169 32.549 36.244 35.423 32.368 32.205 30.628 21.078 14.422 15.885 17.447 18.487 28.973 32.779 28.819 29.929 
-0.922 -0.387 7.772 10.043 9.283 12.856 14.095 10.46 8.356 7.917 7.663 7.679 6.912 13.781 15.571 16.229 18.118 17.589 16.847 15.979 14.947 15.584 16.066 18.577 18.624 22.672 24.47 21.061 25.41 26.09 21.368 34.851 38.409 27 19.362 13.395 6.279 4.594 15.707 28.169 32.549 36.244 35.423 32.368 32.205 30.628 21.078 14.422 15.885 17.447 18.487 28.973 32.779 28.819 29.929 33.319 
-0.966 -0.259 10.043 9.283 12.856 14.095 10.46 8.434 7.917 7.663 7.679 6.912 13.781 15.571 16.229 18.118 17.589 16.847 15.979 14.947 15.584 16.066 18.577 18.624 22.672 24.47 21.061 25.41 26.09 21.368 34.851 38.409 27 19.362 13.395 6.279 4.594 15.707 28.169 32.549 36.244 35.423 32.368 32.205 30.628 21.078 14.422 15.885 17.447 18.487 28.973 32.779 28.819 29.929 33.319 31.764 
-0.991 -0.135 9.283 12.856 14.095 10.46 8.434 14.53 7.663 7.679 6.912 13.781 15.571 16.229 18.118 17.589 16.847 15.979 14.947 15.584 16.066 18.577 18.624 22.672 24.47 21.061 25.41 26.09 21.368 34.851 38.409 27 19.362 13.395 6.279 4.594 15.707 28.169 32.549 36.244 35.423 32.368 32.205 30.628 21.078 14.422 15.885 17.447 18.487 28.973 32.779 28.819 29.929 33.319 31.764 31.763 
-1 0 12.856 14.095 10.46 8.434 14.53 12.815 7.679 6.912 13.781 15.571 16.229 18.118 17.589 16.847 15.979 14.947 15.584 16.066 18.577 18.624 22.672 24.47 21.061 25.41 26.09 21.368 34.851 38.409 27 19.362 13.395 6.279 4.594 15.707 28.169 32.549 36.244 35.423 32.368 32.205 30.628 21.078 14.422 15.885 17.447 18.487 28.973 32.779 28.819 29.929 33.319 31.764 31.763 35.845 
-0.992 0.126 14.095 10.46 8.434 14.53 12.815 12.538 6.912 13.781 15.571 16.229 18.118 17.589 16.847 15.979 14.947 15.584 16.066 18.577 18.624 22.672 24.47 21.061 25.41 26.09 21.368 34.851 38.409 27 19.362 13.395 6.279 4.594 15.707 28.169 32.549 36.244 35.423 32.368 32.205 30.628 21.078 14.422 15.885 17.447 18.487 28.973 32.779 28.819 29.929 33.319 31.764 31.763 35.845 36.828 
-0.966 0.259 10.46 8.434 14.53 12.815 12.538 12.949 13.781 15.571 16.229 18.118 17.589 16.847 15.979 14.947 15.584 16.066 18.577 18.624 22.672 24.47 21.061 25.41 26.09 21.368 34.851 38.409 27 19.362 13.395 6.279 4.594 15.707 28.169 32.549 36.244 35.423 32.368 32.205 30.628 21.078 14.422 15.885 17.447 18.487 28.973 32.779 28.819 29.929 33.319 31.764 31.763 35.845 36.828 30.306 
-0.926 0.379 8.434 14.53 12.815 12.538 12.949 7.292 15.571 16.229 18.118 17.589 16.847 15.979 14.947 15.584 16.066 18.577 18.624 22.672 24.47 21.061 25.41 26.09 21.368 34.851 38.409 27 19.362 13.395 6.279 4.594 15.707 28.169 32.549 36.244 35.423 32.368 32.205 30.628 21.078 14.422 15.885 17.447 18.487 28.973 32.779 28.819 29.929 33.319 31.764 31.763 35.845 36.828 30.306 27.067 
-0.866 0.5 14.53 12.815 12.538 12.949 7.292 9.247 16.229 18.118 17.589 16.847 15.979 14.947 15.584 16.066 18.577 18.624 22.672 24.47 21.061 25.41 26.09 21.368 34.851 38.409 27 19.362 13.395 6.279 4.594 15.707 28.169 32.549 36.244 35.423 32.368 32.205 30.628 21.078 14.422 15.885 17.447 18.487 28.973 32.779 28.819 29.929 33.319 31.764 31.763 35.845 36.828 30.306 27.067 33.611 
-0.796 0.605 12.815 12.538 12.949 7.292 9.247 9.299 18.118 17.589 16.847 15.979 14.947 15.584 16.066 18.577 18.624 22.672 24.47 21.061 25.41 26.09 21.368 34.851 38.409 27 19.362 13.395 6.279 4.594 15.707 28.169 32.549 36.244 35.423 32.368 32.205 30.628 21.078 14.422 15.885 17.447 18.487 28.973 32.779 28.819 29.929 33.319 31.764 31.763 35.845 36.828 30.306 27.067 33.611 38.538 
-0.707 0.707 12.538 12.949 7.292 9.247 9.299 12.724 17.589 16.847 15.979 14.947 15.584 16.066 18.577 18.624 22.672 24.47 21.061 25.41 26.09 21.368 34.851 38.409 27 19.362 13.395 6.279 4.594 15.707 28.169 32.549 36.244 35.423 32.368 32.205 30.628 21.078 14.422 15.885 17.447 18.487 28.973 32.779 28.819 29.929 33.319 31.764 31.763 35.845 36.828 30.306 27.067 33.611 38.538 40.505 
-0.612 0.791 12.949 7.292 9.247 9.299 12.724 14.649 16.847 15.979 14.947 15.584 16.066 18.577 18.624 22.672 24.47 21.061 25.41 26.09 21.368 34.851 38.409 27 19.362 13.395 6.279 4.594 15.707 28.169 32.549 36.244 35.423 32.368 32.205 30.628 21.078 14.422 15.885 17.447 18.487 28.973 32.779 28.819 29.929 33.319 31.764 31.763 35.845 36.828 30.306 27.067 33.611 38.538 40.505 45.017 
-0.5 0.866 7.292 9.247 9.299 12.724 14.649 17.92 15.979 14.947 15.584 16.066 18.577 18.624 22.672 24.47 21.061 25.41 26.09 21.368 34.851 38.409 27 19.362 13.395 6.279 4.594 15.707 28.169 32.549 36.244 35.423 32.368 32.205 30.628 21.078 14.422 15.885 17.447 18.487 28.973 32.779 28.819 29.929 33.319 31.764 31.763 35.845 36.828 30.306 27.067 33.611 38.538 40.505 45.017 42.574 
-0.387 0.922 9.247 9.299 12.724 14.649 17.92 21.151 14.947 15.584 16.066 18.577 18.624 22.672 24.47 21.061 25.41 26.09 21.368 34.851 38.409 27 19.362 13.395 6.279 4.594 15.707 28.169 32.549 36.244 35.423 32.368 32.205 30.628 21.078 14.422 15.885 17.447 18.487 28.973 32.779 28.819 29.929 33.319 31.764 31.763 35.845 36.828 30.306 27.067 33.611 38.538 40.505 45.017 42.574 44.848 
-0.259 0.966 9.299 12.724 14.649 17.92 21.151 20.641 15.584 16.066 18.577 18.624 22.672 24.47 21.061 25.41 26.09 21.368 34.851 38.409 27 19.362 13.395 6.279 4.594 15.707 28.169 32.549 36.244 35.423 32.368 32.205 30.628 21.078 14.422 15.885 17.447 18.487 28.973 32.779 28.819 29.929 33.319 31.764 31.763 35.845 36.828 30.306 27.067 33.611 38.538 40.505 45.017 42.574 44.848 43.203 
-0.135 0.991 12.724 14.649 17.92 21.151 20.641 19.637 16.066 18.577 18.624 22.672 24.47 21.061 25.41 26.09 21.368 34.851 38.409 27 19.362 13.395 6.279 4.594 15.707 28.169 32.549 36.244 35.423 32.368 32.205 30.628 21.078 14.422 15.885 17.447 18.487 28.973 32.779 28.819 29.929 33.319 31.764 31.763 35.845 36.828 30.306 27.067 33.611 38.538 40.505 45.017 42.574 44.848 43.203 40.091 
0 1 14.649 17.92 21.151 20.641 19.637 25.653 18.577 18.624 22.672 24.47 21.061 25.41 26.09 21.368 34.851 38.409 27 19.362 13.395 6.279 4.594 15.707 28.169 32.549 36.244 35.423 32.368 32.205 30.628 21.078 14.422 15.885 17.447 18.487 28.973 32.779 28.819 29.929 33.319 31.764 31.763 35.845 36.828 30.306 27.067 33.611 38.538 40.505 45.017 42.574 44.848 43.203 40.091 44.49 
0.126 0.992 17.92 21.151 20.641 19.637 25.653 30.651 18.624 22.672 24.47 21.061 25.41 26.09 21.368 34.851 38.409 27 19.362 13.395 6.279 4.594 15.707 28.169 32.549 36.244 35.423 32.368 32.205 30.628 21.078 14.422 15.885 17.447 18.487 28.973 32.779 28.819 29.929 33.319 31.764 31.763 35.845 36.828 30.306 27.067 33.611 38.538 40.505 45.017 42.574 44.848 43.203 40.091 44.49 45.83 
0.259 0.966 21.151 20.641 19.637 25.653 30.651 26.483 22.672 24.47 21.061 25.41 26.09 21.368 34.851 38.409 27 19.362 13.395 6.279 4.594 15.707 28.169 32.549 36.244 35.423 32.368 32.205 30.628 21.078 14.422 15.885 17.447 18.487 28.973 32.779 28.819 29.929 33.319 31.764 31.763 35.845 36.828 30.306 27.067 33.611 38.538 40.505 45.017 42.574 44.848 43.203 40.091 44.49 45.83 45.283 
0.379 0.926 20.641 19.637 25.653 30.651 26.483 26.565 24.47 21.061 25.41 26.09 21.368 34.851 38.409 27 19.362 13.395 6.279 4.594 15.707 28.169 32.549 36.244 35.423 32.368 32.205 30.628 21.078 14.422 15.885 17.447 18.487 28.973 32.779 28.819 29.929 33.319 31.764 31.763 35.845 36.828 30.306 27.067 33.611 38.538 40.505 45.017 42.574 44.848 43.203 40.091 44.49 45.83 45.283 43.398 
0.5 0.866 19.637 25.653 30.651 26.483 26.565 18.369 21.061 25.41 26.09 21.368 34.851 38.409 27 19.362 13.395 6.279 4.594 15.707 28.169 32.549 36.244 35.423 32.368 32.205 30.628 21.078 14.422 15.885 17.447 18.487 28.973 32.779 28.819 29.929 33.319 31.764 31.763 35.845 36.828 30.306 27.067 33.611 38.538 40.505 45.017 42.574 44.848 43.203 40.091 44.49 45.83 45.283 43.398 42.457 
0.605 0.796 25.653 30.651 26.483 26.565 18.369 3.842 25.41 26.09 21.368 34.851 38.409 27 19.362 13.395 6.279 4.594 15.707 28.169 32.549 36.244 35.423 32.368 32.205 30.628 21.078 14.422 15.885 17.447 18.487 28.973 32.779 28.819 29.929 33.319 31.764 31.763 35.845 36.828 30.306 27.067 33.611 38.538 40.505 45.017 42.574 44.848 43.203 40.091 44.49 45.83 45.283 43.398 42.457 37.466 
0.707 0.707 30.651 26.483 26.565 18.369 3.842 4.625 26.09 21.368 34.851 38.409 27 19.362 13.395 6.279 4.594 15.707 28.169 32.549 36.244 35.423 32.368 32.205 30.628 21.078 14.422 15.885 17.447 18.487 28.973 32.779 28.819 29.929 33.319 31.764 31.763 35.845 36.828 30.306 27.067 33.611 38.538 40.505 45.017 42.574 44.848 43.203 40.091 44.49 45.83 45.283 43.398 42.457 37.466 34.429 
0.791 0.612 26.483 26.565 18.369 3.842 4.625 4.014 21.368 34.851 38.409 27 19.362 13.395 6.279 4.594 15.707 28.169 32.549 36.244 35.423 32.368 32.205 30.628 21.078 14.422 15.885 17.447 18.487 28.973 32.779 28.819 29.929 33.319 31.764 31.763 35.845 36.828 30.306 27.067 33.611 38.538 40.505 45.017 42.574 44.848 43.203 40.091 44.49 45.83 45.283 43.398 42.457 37.466 34.429 27.585 
0.866 0.5 26.565 18.369 3.842 4.625 4.014 8.244 34.851 38.409 27 19.362 13.395 6.279 4.594 15.707 28.169 32.549 36.244 35.423 32.368 32.205 30.628 21.078 14.422 15.885 17.447 18.487 28.973 32.779 28.819 29.929 33.319 31.764 31.763 35.845 36.828 30.306 27.067 33.611 38.538 40.505 45.017 42.574 44.848 43.203 40.091 44.49 45.83 45.283 43.398 42.457 37.466 34.429 27.585 4.516 
0.922 0.387 18.369 3.842 4.625 4.014 8.244 12.945 38.409 27 19.362 13.395 6.279 4.594 15.707 28.169 32.549 36.244 35.423 32.368 32.205 30.628 21.078 14.422 15.885 17.447 18.487 28.973 32.779 28.819 29.929 33.319 31.764 31.763 35.845 36.828 30.306 27.067 33.611 38.538 40.505 45.017 42.574 44.848 43.203 40.091 44.49 45.83 45.283 43.398 42.457 37.466 34.429 27.585 4.516 6.847 
0.966 0.259 3.842 4.625 4.014 8.244 12.945 19.468 27 19.362 13.395 6.279 4.594 15.707 28.169 32.549 36.244 35.423 32.368 32.205 30.628 21.078 14.422 15.885 17.447 18.487 28.973 32.779 28.819 29.929 33.319 31.764 31.763 35.845 36.828 30.306 27.067 33.611 38.538 40.505 45.017 42.574 44.848 43.203 40.091 44.49 45.83 45.283 43.398 42.457 37.466 34.429 27.585 4.516 6.847 8.058 
0.991 0.135 4.625 4.014 8.244 12.945 19.468 20.749 19.362 13.395 6.279 4.594 15.707 28.169 32.549 36.244 35.423 32.368 32.205 30.628 21.078 14.422 15.885 17.447 18.487 28.973 32.779 28.819 29.929 33.319 31.764 31.763 35.845 36.828 30.306 27.067 33.611 38.538 40.505 45.017 42.574 44.848 43.203 40.091 44.49 45.83 45.283 43.398 42.457 37.466 34.429 27.585 4.516 6.847 8.058 9.565 
1 0 4.014 8.244 12.945 19.468 20.749 19.925 13.395 6.279 4.594 15.707 28.169 32.549 36.244 35.423 32.368 32.205 30.628 21.078 14.422 15.885 17.447 18.487 28.973 32.779 28.819 29.929 33.319 31.764 31.763 35.845 36.828 30.306 27.067 33.611 38.538 40.505 45.017 42.574 44.848 43.203 40.091 44.49 45.83 45.283 43.398 42.457 37.466 34.429 27.585 4.516 6.847 8.058 9.565 8.324 
0.992 -0.126 8.244 12.945 19.468 20.749 19.925 26.073 6.279 4.594 15.707 28.169 32.549 36.244 35.423 32.368 32.205 30.628 21.078 14.422 15.885 17.447 18.487 28.973 32.779 28.819 29.929 33.319 31.764 31.763 35.845 36.828 30.306 27.067 33.611 38.538 40.505 45.017 42.574 44.848 43.203 40.091 44.49 45.83 45.283 43.398 42.457 37.466 34.429 27.585 4.516 6.847 8.058 9.565 8.324 5.875 
0.966 -0.259 12.945 19.468 20.749 19.925 26.073 29.714 4.594 15.707 28.169 32.549 36.244 35.423 32.368 32.205 30.628 21.078 14.422 15.885 17.447 18.487 28.973 32.779 28.819 29.929 33.319 31.764 31.763 35.845 36.828 30.306 27.067 33.611 38.538 40.505 45.017 42.574 44.848 43.203 40.091 44.49 45.83 45.283 43.398 42.457 37.466 34.429 27.585 4.516 6.847 8.058 9.565 8.324 5.875 7.351 
0.926 -0.379 19.468 20.749 19.925 26.073 29.714 28.688 15.707 28.169 32.549 36.244 35.423 32.368 32.205 30.628 21.078 14.422 15.885 17.447 18.487 28.973 32.779 28.819 29.929 33.319 31.764 31.763 35.845 36.828 30.306 27.067 33.611 38.538 40.505 45.017 42.574 44.848 43.203 40.091 44.49 45.83 45.283 43.398 42.457 37.466 34.429 27.585 4.516 6.847 8.058 9.565 8.324 5.875 7.351 3.971 
0.866 -0.5 20.749 19.925 26.073 29.714 28.688 30.592 28.169 32.549 36.244 35.423 32.368 32.205 30.628 21.078 14.422 15.885 17.447 18.487 28.973 32.779 28.819 29.929 33.319 31.764 31.763 35.845 36.828 30.306 27.067 33.611 38.538 40.505 45.017 42.574 44.848 43.203 40.091 44.49 45.83 45.283 43.398 42.457 37.466 34.429 27.585 4.516 6.847 8.058 9.565 8.324 5.875 7.351 3.971 1.297 
0.796 -0.605 19.925 26.073 29.714 28.688 30.592 23.885 32.549 36.244 35.423 32.368 32.205 30.628 21.078 14.422 15.885 17.447 18.487 28.973 32.779 28.819 29.929 33.319 31.764 31.763 35.845 36.828 30.306 27.067 33.611 38.538 40.505 45.017 42.574 44.848 43.203 40.091 44.49 45.83 45.283 43.398 42.457 37.466 34.429 27.585 4.516 6.847 8.058 9.565 8.324 5.875 7.351 3.971 1.297 11.223 
0.707 -0.707 26.073 29.714 28.688 30.592 23.885 25.14 36.244 35.423 32.368 32.205 30.628 21.078 14.422 15.885 17.447 18.487 28.973 32.779 28.819 29.929 33.319 31.764 31.763 35.845 36.828 30.306 27.067 33.611 38.538 40.505 45.017 42.574 44.848 43.203 40.091 44.49 45.83 45.283 43.398 42.457 37.466 34.429 27.585 4.516 6.847 8.058 9.565 8.324 5.875 7.351 3.971 1.297 11.223 19.344 
0.612 -0.791 29.714 28.688 30.592 23.885 25.14 20.296 35.423 32.368 32.205 30.628 21.078 14.422 15.885 17.447 18.487 28.973 32.779 28.819 29.929 33.319 31.764 31.763 35.845 36.828 30.306 27.067 33.611 38.538 40.505 45.017 42.574 44.848 43.203 40.091 44.49 45.83 45.283 43.398 42.457 37.466 34.429 27.585 4.516 6.847 8.058 9.565 8.324 5.875 7.351 3.971 1.297 11.223 19.344 24.96 
0.5 -0.866 28.688 30.592 23.885 25.14 20.296 12.686 32.368 32.205 30.628 21.078 14.422 15.885 17.447 18.487 28.973 32.779 28.819 29.929 33.319 31.764 31.763 35.845 36.828 30.306 27.067 33.611 38.538 40.505 45.017 42.574 44.848 43.203 40.091 44.49 45.83 45.283 43.398 42.457 37.466 34.429 27.585 4.516 6.847 8.058 9.565 8.324 5.875 7.351 3.971 1.297 11.223 19.344 24.96 18.435 
0.387 -0.922 30.592 23.885 25.14 20.296 12.686 13.375 32.205 30.628 21.078 14.422 15.885 17.447 18.487 28.973 32.779 28.819 29.929 33.319 31.764 31.763 35.845 36.828 30.306 27.067 33.611 38.538 40.505 45.017 42.574 44.848 43.203 40.091 44.49 45.83 45.283 43.398 42.457 37.466 34.429 27.585 4.516 6.847 8.058 9.565 8.324 5.875 7.351 3.971 1.297 11.223 19.344 24.96 18.435 9.676 
-0.5 -0.866 19.291 22.217 20.387 16.727 9.100 7.001 28.973 32.779 28.819 29.929 33.319 31.764 31.763 35.845 36.828 30.306 27.067 33.611 38.538 40.505 45.017 42.574 44.848 43.203 40.091 44.49 45.83 45.283 43.398 42.457 37.466 34.429 27.585 4.516 6.847 8.058 9.565 8.324 5.875 7.351 3.971 1.297 11.223 19.344 24.96 18.435 9.676 13.78 23.627 26.932 14.526 14.016 13.171 10.762 
-0.605 -0.796 22.217 20.387 16.727 9.100 7.001 10.675 32.779 28.819 29.929 33.319 31.764 31.763 35.845 36.828 30.306 27.067 33.611 38.538 40.505 45.017 42.574 44.848 43.203 40.091 44.49 45.83 45.283 43.398 42.457 37.466 34.429 27.585 4.516 6.847 8.058 9.565 8.324 5.875 7.351 3.971 1.297 11.223 19.344 24.96 18.435 9.676 13.78 23.627 26.932 14.526 14.016 13.171 10.762 8.901 
-0.707 -0.707 20.387 16.727 9.100 7.001 10.675 9.450 28.819 29.929 33.319 31.764 31.763 35.845 36.828 30.306 27.067 33.611 38.538 40.505 45.017 42.574 44.848 43.203 40.091 44.49 45.83 45.283 43.398 42.457 37.466 34.429 27.585 4.516 6.847 8.058 9.565 8.324 5.875 7.351 3.971 1.297 11.223 19.344 24.96 18.435 9.676 13.78 23.627 26.932 14.526 14.016 13.171 10.762 8.901 4.228 
-0.791 -0.612 16.727 9.100 7.001 10.675 9.450 9.162 29.929 33.319 31.764 31.763 35.845 36.828 30.306 27.067 33.611 38.538 40.505 45.017 42.574 44.848 43.203 40.091 44.49 45.83 45.283 43.398 42.457 37.466 34.429 27.585 4.516 6.847 8.058 9.565 8.324 5.875 7.351 3.971 1.297 11.223 19.344 24.96 18.435 9.676 13.78 23.627 26.932 14.526 14.016 13.171 10.762 8.901 4.228 6.368 
-0.866 -0.5 9.100 7.001 10.675 9.450 9.162 8.152 33.319 31.764 31.763 35.845 36.828 30.306 27.067 33.611 38.538 40.505 45.017 42.574 44.848 43.203 40.091 44.49 45.83 45.283 43.398 42.457 37.466 34.429 27.585 4.516 6.847 8.058 9.565 8.324 5.875 7.351 3.971 1.297 11.223 19.344 24.96 18.435 9.676 13.78 23.627 26.932 14.526 14.016 13.171 10.762 8.901 4.228 6.368 7.261 
-0.922 -0.387 7.001 10.675 9.450 9.162 8.152 8.678 31.764 31.763 35.845 36.828 30.306 27.067 33.611 38.538 40.505 45.017 42.574 44.848 43.203 40.091 44.49 45.83 45.283 43.398 42.457 37.466 34.429 27.585 4.516 6.847 8.058 9.565 8.324 5.875 7.351 3.971 1.297 11.223 19.344 24.96 18.435 9.676 13.78 23.627 26.932 14.526 14.016 13.171 10.762 8.901 4.228 6.368 7.261 8.218 
-0.966 -0.259 10.675 9.450 9.162 8.152 8.678 8.356 31.763 35.845 36.828 30.306 27.067 33.611 38.538 40.505 45.017 42.574 44.848 43.203 40.091 44.49 45.83 45.283 43.398 42.457 37.466 34.429 27.585 4.516 6.847 8.058 9.565 8.324 5.875 7.351 3.971 1.297 11.223 19.344 24.96 18.435 9.676 13.78 23.627 26.932 14.526 14.016 13.171 10.762 8.901 4.228 6.368 7.261 8.218 10.071 
-0.991 -0.135 9.450 9.162 8.152 8.678 8.356 7.917 35.845 36.828 30.306 27.067 33.611 38.538 40.505 45.017 42.574 44.848 43.203 40.091 44.49 45.83 45.283 43.398 42.457 37.466 34.429 27.585 4.516 6.847 8.058 9.565 8.324 5.875 7.351 3.971 1.297 11.223 19.344 24.96 18.435 9.676 13.78 23.627 26.932 14.526 14.016 13.171 10.762 8.901 4.228 6.368 7.261 8.218 10.071 12.159 
-1 0 9.162 8.152 8.678 8.356 7.917 7.663 36.828 30.306 27.067 33.611 38.538 40.505 45.017 42.574 44.848 43.203 40.091 44.49 45.83 45.283 43.398 42.457 37.466 34.429 27.585 4.516 6.847 8.058 9.565 8.324 5.875 7.351 3.971 1.297 11.223 19.344 24.96 18.435 9.676 13.78 23.627 26.932 14.526 14.016 13.171 10.762 8.901 4.228 6.368 7.261 8.218 10.071 12.159 17.36 
-0.992 0.126 8.152 8.678 8.356 7.917 7.663 7.679 30.306 27.067 33.611 38.538 40.505 45.017 42.574 44.848 43.203 40.091 44.49 45.83 45.283 43.398 42.457 37.466 34.429 27.585 4.516 6.847 8.058 9.565 8.324 5.875 7.351 3.971 1.297 11.223 19.344 24.96 18.435 9.676 13.78 23.627 26.932 14.526 14.016 13.171 10.762 8.901 4.228 6.368 7.261 8.218 10.071 12.159 17.36 12.549 
-0.966 0.259 8.678 8.356 7.917 7.663 7.679 6.912 27.067 33.611 38.538 40.505 45.017 42.574 44.848 43.203 40.091 44.49 45.83 45.283 43.398 42.457 37.466 34.429 27.585 4.516 6.847 8.058 9.565 8.324 5.875 7.351 3.971 1.297 11.223 19.344 24.96 18.435 9.676 13.78 23.627 26.932 14.526 14.016 13.171 10.762 8.901 4.228 6.368 7.261 8.218 10.071 12.159 17.36 12.549 9.806 
-0.926 0.379 8.356 7.917 7.663 7.679 6.912 13.781 33.611 38.538 40.505 45.017 42.574 44.848 43.203 40.091 44.49 45.83 45.283 43.398 42.457 37.466 34.429 27.585 4.516 6.847 8.058 9.565 8.324 5.875 7.351 3.971 1.297 11.223 19.344 24.96 18.435 9.676 13.78 23.627 26.932 14.526 14.016 13.171 10.762 8.901 4.228 6.368 7.261 8.218 10.071 12.159 17.36 12.549 9.806 10.667 
-0.866 0.5 7.917 7.663 7.679 6.912 13.781 15.571 38.538 40.505 45.017 42.574 44.848 43.203 40.091 44.49 45.83 45.283 43.398 42.457 37.466 34.429 27.585 4.516 6.847 8.058 9.565 8.324 5.875 7.351 3.971 1.297 11.223 19.344 24.96 18.435 9.676 13.78 23.627 26.932 14.526 14.016 13.171 10.762 8.901 4.228 6.368 7.261 8.218 10.071 12.159 17.36 12.549 9.806 10.667 10.552 
-0.796 0.605 7.663 7.679 6.912 13.781 15.571 16.229 40.505 45.017 42.574 44.848 43.203 40.091 44.49 45.83 45.283 43.398 42.457 37.466 34.429 27.585 4.516 6.847 8.058 9.565 8.324 5.875 7.351 3.971 1.297 11.223 19.344 24.96 18.435 9.676 13.78 23.627 26.932 14.526 14.016 13.171 10.762 8.901 4.228 6.368 7.261 8.218 10.071 12.159 17.36 12.549 9.806 10.667 10.552 25.754 
-0.707 0.707 7.679 6.912 13.781 15.571 16.229 18.118 45.017 42.574 44.848 43.203 40.091 44.49 45.83 45.283 43.398 42.457 37.466 34.429 27.585 4.516 6.847 8.058 9.565 8.324 5.875 7.351 3.971 1.297 11.223 19.344 24.96 18.435 9.676 13.78 23.627 26.932 14.526 14.016 13.171 10.762 8.901 4.228 6.368 7.261 8.218 10.071 12.159 17.36 12.549 9.806 10.667 10.552 25.754 30.89 
-0.612 0.791 6.912 13.781 15.571 16.229 18.118 17.589 42.574 44.848 43.203 40.091 44.49 45.83 45.283 43.398 42.457 37.466 34.429 27.585 4.516 6.847 8.058 9.565 8.324 5.875 7.351 3.971 1.297 11.223 19.344 24.96 18.435 9.676 13.78 23.627 26.932 14.526 14.016 13.171 10.762 8.901 4.228 6.368 7.261 8.218 10.071 12.159 17.36 12.549 9.806 10.667 10.552 25.754 30.89 25.515 
-0.5 0.866 13.781 15.571 16.229 18.118 17.589 16.847 44.848 43.203 40.091 44.49 45.83 45.283 43.398 42.457 37.466 34.429 27.585 4.516 6.847 8.058 9.565 8.324 5.875 7.351 3.971 1.297 11.223 19.344 24.96 18.435 9.676 13.78 23.627 26.932 14.526 14.016 13.171 10.762 8.901 4.228 6.368 7.261 8.218 10.071 12.159 17.36 12.549 9.806 10.667 10.552 25.754 30.89 25.515 21.318 
-0.387 0.922 15.571 16.229 18.118 17.589 16.847 15.979 43.203 40.091 44.49 45.83 45.283 43.398 42.457 37.466 34.429 27.585 4.516 6.847 8.058 9.565 8.324 5.875 7.351 3.971 1.297 11.223 19.344 24.96 18.435 9.676 13.78 23.627 26.932 14.526 14.016 13.171 10.762 8.901 4.228 6.368 7.261 8.218 10.071 12.159 17.36 12.549 9.806 10.667 10.552 25.754 30.89 25.515 21.318 42.292 
-0.259 0.966 16.229 18.118 17.589 16.847 15.979 14.947 40.091 44.49 45.83 45.283 43.398 42.457 37.466 34.429 27.585 4.516 6.847 8.058 9.565 8.324 5.875 7.351 3.971 1.297 11.223 19.344 24.96 18.435 9.676 13.78 23.627 26.932 14.526 14.016 13.171 10.762 8.901 4.228 6.368 7.261 8.218 10.071 12.159 17.36 12.549 9.806 10.667 10.552 25.754 30.89 25.515 21.318 42.292 46.508 
-0.135 0.991 18.118 17.589 16.847 15.979 14.947 15.584 44.49 45.83 45.283 43.398 42.457 37.466 34.429 27.585 4.516 6.847 8.058 9.565 8.324 5.875 7.351 3.971 1.297 11.223 19.344 24.96 18.435 9.676 13.78 23.627 26.932 14.526 14.016 13.171 10.762 8.901 4.228 6.368 7.261 8.218 10.071 12.159 17.36 12.549 9.806 10.667 10.552 25.754 30.89 25.515 21.318 42.292 46.508 33.291 
0 1 17.589 16.847 15.979 14.947 15.584 16.066 45.83 45.283 43.398 42.457 37.466 34.429 27.585 4.516 6.847 8.058 9.565 8.324 5.875 7.351 3.971 1.297 11.223 19.344 24.96 18.435 9.676 13.78 23.627 26.932 14.526 14.016 13.171 10.762 8.901 4.228 6.368 7.261 8.218 10.071 12.159 17.36 12.549 9.806 10.667 10.552 25.754 30.89 25.515 21.318 42.292 46.508 33.291 29.463 
0.126 0.992 16.847 15.979 14.947 15.584 16.066 18.577 45.283 43.398 42.457 37.466 34.429 27.585 4.516 6.847 8.058 9.565 8.324 5.875 7.351 3.971 1.297 11.223 19.344 24.96 18.435 9.676 13.78 23.627 26.932 14.526 14.016 13.171 10.762 8.901 4.228 6.368 7.261 8.218 10.071 12.159 17.36 12.549 9.806 10.667 10.552 25.754 30.89 25.515 21.318 42.292 46.508 33.291 29.463 32.883 
0.259 0.966 15.979 14.947 15.584 16.066 18.577 18.624 43.398 42.457 37.466 34.429 27.585 4.516 6.847 8.058 9.565 8.324 5.875 7.351 3.971 1.297 11.223 19.344 24.96 18.435 9.676 13.78 23.627 26.932 14.526 14.016 13.171 10.762 8.901 4.228 6.368 7.261 8.218 10.071 12.159 17.36 12.549 9.806 10.667 10.552 25.754 30.89 25.515 21.318 42.292 46.508 33.291 29.463 32.883 34.538 
0.379 0.926 14.947 15.584 16.066 18.577 18.624 22.672 42.457 37.466 34.429 27.585 4.516 6.847 8.058 9.565 8.324 5.875 7.351 3.971 1.297 11.223 19.344 24.96 18.435 9.676 13.78 23.627 26.932 14.526 14.016 13.171 10.762 8.901 4.228 6.368 7.261 8.218 10.071 12.159 17.36 12.549 9.806 10.667 10.552 25.754 30.89 25.515 21.318 42.292 46.508 33.291 29.463 32.883 34.538 24.799 
0.5 0.866 15.584 16.066 18.577 18.624 22.672 24.47 37.466 34.429 27.585 4.516 6.847 8.058 9.565 8.324 5.875 7.351 3.971 1.297 11.223 19.344 24.96 18.435 9.676 13.78 23.627 26.932 14.526 14.016 13.171 10.762 8.901 4.228 6.368 7.261 8.218 10.071 12.159 17.36 12.549 9.806 10.667 10.552 25.754 30.89 25.515 21.318 42.292 46.508 33.291 29.463 32.883 34.538 24.799 20.696 
0.605 0.796 16.066 18.577 18.624 22.672 24.47 21.061 34.429 27.585 4.516 6.847 8.058 9.565 8.324 5.875 7.351 3.971 1.297 11.223 19.344 24.96 18.435 9.676 13.78 23.627 26.932 14.526 14.016 13.171 10.762 8.901 4.228 6.368 7.261 8.218 10.071 12.159 17.36 12.549 9.806 10.667 10.552 25.754 30.89 25.515 21.318 42.292 46.508 33.291 29.463 32.883 34.538 24.799 20.696 18.593 
0.707 0.707 18.577 18.624 22.672 24.47 21.061 25.41 27.585 4.516 6.847 8.058 9.565 8.324 5.875 7.351 3.971 1.297 11.223 19.344 24.96 18.435 9.676 13.78 23.627 26.932 14.526 14.016 13.171 10.762 8.901 4.228 6.368 7.261 8.218 10.071 12.159 17.36 12.549 9.806 10.667 10.552 25.754 30.89 25.515 21.318 42.292 46.508 33.291 29.463 32.883 34.538 24.799 20.696 18.593 11 
-0.791 -0.612 24.639 38.965 47.979 42.57 26.613 18.068 18.02 3.003 8.307 5.830 3.715 9.798 7.130 7.574 8.989 9.034 10.755 14.499 22.342 30.962 37.262 40.789 47.721 44.98 39.297 41.7 39.995 37.754 34.575 26.694 30.979 32.123 21.303 15.843 14.156 13.681 10.933 7.644 6.554 17.044 32.629 29.426 22.005 32.895 33.781 37.481 28.576 30.214 30.818 28.718 22.548 20.833 25.144 23.216 
-0.866 -0.5 38.965 47.979 42.57 26.613 18.068 6.238 3.003 8.307 5.830 3.715 9.798 7.130 7.574 8.989 9.034 10.755 14.499 22.342 30.962 37.262 40.789 47.721 44.98 39.297 41.7 39.995 37.754 34.575 26.694 30.979 32.123 21.303 15.843 14.156 13.681 10.933 7.644 6.554 17.044 32.629 29.426 22.005 32.895 33.781 37.481 28.576 30.214 30.818 28.718 22.548 20.833 25.144 23.216 21.547 
-0.922 -0.387 47.979 42.57 26.613 18.068 6.238 1.306 8.307 5.830 3.715 9.798 7.130 7.574 8.989 9.034 10.755 14.499 22.342 30.962 37.262 40.789 47.721 44.98 39.297 41.7 39.995 37.754 34.575 26.694 30.979 32.123 21.303 15.843 14.156 13.681 10.933 7.644 6.554 17.044 32.629 29.426 22.005 32.895 33.781 37.481 28.576 30.214 30.818 28.718 22.548 20.833 25.144 23.216 21.547 13.882 
-0.966 -0.259 42.57 26.613 18.068 6.238 1.306 3.006 5.830 3.715 9.798 7.130 7.574 8.989 9.034 10.755 14.499 22.342 30.962 37.262 40.789 47.721 44.98 39.297 41.7 39.995 37.754 34.575 26.694 30.979 32.123 21.303 15.843 14.156 13.681 10.933 7.644 6.554 17.044 32.629 29.426 22.005 32.895 33.781 37.481 28.576 30.214 30.818 28.718 22.548 20.833 25.144 23.216 21.547 13.882 12.42 
-0.612 0.791 47.679 50.134 42.695 35.291 33.478 32.174 22.342 30.962 37.262 40.789 47.721 44.98 39.297 41.7 39.995 37.754 34.575 26.694 30.979 32.123 21.303 15.843 14.156 13.681 10.933 7.644 6.554 17.044 32.629 29.426 22.005 32.895 33.781 37.481 28.576 30.214 30.818 28.718 22.548 20.833 25.144 23.216 21.547 13.882 12.42 11.453 12.63 10.496 10.57 13.303 15.562 29.153 37.754 44.498 
-0.5 0.866 50.134 42.695 35.291 33.478 32.174 33.07 30.962 37.262 40.789 47.721 44.98 39.297 41.7 39.995 37.754 34.575 26.694 30.979 32.123 21.303 15.843 14.156 13.681 10.933 7.644 6.554 17.044 32.629 29.426 22.005 32.895 33.781 37.481 28.576 30.214 30.818 28.718 22.548 20.833 25.144 23.216 21.547 13.882 12.42 11.453 12.63 10.496 10.57 13.303 15.562 29.153 37.754 44.498 49.075 
-0.387 0.922 42.695 35.291 33.478 32.174 33.07 29.424 37.262 40.789 47.721 44.98 39.297 41.7 39.995 37.754 34.575 26.694 30.979 32.123 21.303 15.843 14.156 13.681 10.933 7.644 6.554 17.044 32.629 29.426 22.005 32.895 33.781 37.481 28.576 30.214 30.818 28.718 22.548 20.833 25.144 23.216 21.547 13.882 12.42 11.453 12.63 10.496 10.57 13.303 15.562 29.153 37.754 44.498 49.075 47.824 
-0.259 0.966 35.291 33.478 32.174 33.07 29.424 24.802 40.789 47.721 44.98 39.297 41.7 39.995 37.754 34.575 26.694 30.979 32.123 21.303 15.843 14.156 13.681 10.933 7.644 6.554 17.044 32.629 29.426 22.005 32.895 33.781 37.481 28.576 30.214 30.818 28.718 22.548 20.833 25.144 23.216 21.547 13.882 12.42 11.453 12.63 10.496 10.57 13.303 15.562 29.153 37.754 44.498 49.075 47.824 44.874 
-0.135 0.991 33.478 32.174 33.07 29.424 24.802 23.17 47.721 44.98 39.297 41.7 39.995 37.754 34.575 26.694 30.979 32.123 21.303 15.843 14.156 13.681 10.933 7.644 6.554 17.044 32.629 29.426 22.005 32.895 33.781 37.481 28.576 30.214 30.818 28.718 22.548 20.833 25.144 23.216 21.547 13.882 12.42 11.453 12.63 10.496 10.57 13.303 15.562 29.153 37.754 44.498 49.075 47.824 44.874 48.634 
0 1 32.174 33.07 29.424 24.802 23.17 20.881 44.98 39.297 41.7 39.995 37.754 34.575 26.694 30.979 32.123 21.303 15.843 14.156 13.681 10.933 7.644 6.554 17.044 32.629 29.426 22.005 32.895 33.781 37.481 28.576 30.214 30.818 28.718 22.548 20.833 25.144 23.216 21.547 13.882 12.42 11.453 12.63 10.496 10.57 13.303 15.562 29.153 37.754 44.498 49.075 47.824 44.874 48.634 48.479 
0.126 0.992 33.07 29.424 24.802 23.17 20.881 21.212 39.297 41.7 39.995 37.754 34.575 26.694 30.979 32.123 21.303 15.843 14.156 13.681 10.933 7.644 6.554 17.044 32.629 29.426 22.005 32.895 33.781 37.481 28.576 30.214 30.818 28.718 22.548 20.833 25.144 23.216 21.547 13.882 12.42 11.453 12.63 10.496 10.57 13.303 15.562 29.153 37.754 44.498 49.075 47.824 44.874 48.634 48.479 48.266 
0.259 0.966 29.424 24.802 23.17 20.881 21.212 29.31 41.7 39.995 37.754 34.575 26.694 30.979 32.123 21.303 15.843 14.156 13.681 10.933 7.644 6.554 17.044 32.629 29.426 22.005 32.895 33.781 37.481 28.576 30.214 30.818 28.718 22.548 20.833 25.144 23.216 21.547 13.882 12.42 11.453 12.63 10.496 10.57 13.303 15.562 29.153 37.754 44.498 49.075 47.824 44.874 48.634 48.479 48.266 45.319 
0.379 0.926 24.802 23.17 20.881 21.212 29.31 18.528 39.995 37.754 34.575 26.694 30.979 32.123 21.303 15.843 14.156 13.681 10.933 7.644 6.554 17.044 32.629 29.426 22.005 32.895 33.781 37.481 28.576 30.214 30.818 28.718 22.548 20.833 25.144 23.216 21.547 13.882 12.42 11.453 12.63 10.496 10.57 13.303 15.562 29.153 37.754 44.498 49.075 47.824 44.874 48.634 48.479 48.266 45.319 42.549 
0.5 0.866 23.17 20.881 21.212 29.31 18.528 21.538 37.754 34.575 26.694 30.979 32.123 21.303 15.843 14.156 13.681 10.933 7.644 6.554 17.044 32.629 29.426 22.005 32.895 33.781 37.481 28.576 30.214 30.818 28.718 22.548 20.833 25.144 23.216 21.547 13.882 12.42 11.453 12.63 10.496 10.57 13.303 15.562 29.153 37.754 44.498 49.075 47.824 44.874 48.634 48.479 48.266 45.319 42.549 45.088 
0.605 0.796 20.881 21.212 29.31 18.528 21.538 27.768 34.575 26.694 30.979 32.123 21.303 15.843 14.156 13.681 10.933 7.644 6.554 17.044 32.629 29.426 22.005 32.895 33.781 37.481 28.576 30.214 30.818 28.718 22.548 20.833 25.144 23.216 21.547 13.882 12.42 11.453 12.63 10.496 10.57 13.303 15.562 29.153 37.754 44.498 49.075 47.824 44.874 48.634 48.479 48.266 45.319 42.549 45.088 44.007 
0.707 0.707 21.212 29.31 18.528 21.538 27.768 20.898 26.694 30.979 32.123 21.303 15.843 14.156 13.681 10.933 7.644 6.554 17.044 32.629 29.426 22.005 32.895 33.781 37.481 28.576 30.214 30.818 28.718 22.548 20.833 25.144 23.216 21.547 13.882 12.42 11.453 12.63 10.496 10.57 13.303 15.562 29.153 37.754 44.498 49.075 47.824 44.874 48.634 48.479 48.266 45.319 42.549 45.088 44.007 44.143 
0.791 0.612 29.31 18.528 21.538 27.768 20.898 29.492 30.979 32.123 21.303 15.843 14.156 13.681 10.933 7.644 6.554 17.044 32.629 29.426 22.005 32.895 33.781 37.481 28.576 30.214 30.818 28.718 22.548 20.833 25.144 23.216 21.547 13.882 12.42 11.453 12.63 10.496 10.57 13.303 15.562 29.153 37.754 44.498 49.075 47.824 44.874 48.634 48.479 48.266 45.319 42.549 45.088 44.007 44.143 44.191 
0.866 0.5 18.528 21.538 27.768 20.898 29.492 30.029 32.123 21.303 15.843 14.156 13.681 10.933 7.644 6.554 17.044 32.629 29.426 22.005 32.895 33.781 37.481 28.576 30.214 30.818 28.718 22.548 20.833 25.144 23.216 21.547 13.882 12.42 11.453 12.63 10.496 10.57 13.303 15.562 29.153 37.754 44.498 49.075 47.824 44.874 48.634 48.479 48.266 45.319 42.549 45.088 44.007 44.143 44.191 42.334 
0.922 0.387 21.538 27.768 20.898 29.492 30.029 24.955 21.303 15.843 14.156 13.681 10.933 7.644 6.554 17.044 32.629 29.426 22.005 32.895 33.781 37.481 28.576 30.214 30.818 28.718 22.548 20.833 25.144 23.216 21.547 13.882 12.42 11.453 12.63 10.496 10.57 13.303 15.562 29.153 37.754 44.498 49.075 47.824 44.874 48.634 48.479 48.266 45.319 42.549 45.088 44.007 44.143 44.191 42.334 29.363 
0.966 0.259 27.768 20.898 29.492 30.029 24.955 8.211 15.843 14.156 13.681 10.933 7.644 6.554 17.044 32.629 29.426 22.005 32.895 33.781 37.481 28.576 30.214 30.818 28.718 22.548 20.833 25.144 23.216 21.547 13.882 12.42 11.453 12.63 10.496 10.57 13.303 15.562 29.153 37.754 44.498 49.075 47.824 44.874 48.634 48.479 48.266 45.319 42.549 45.088 44.007 44.143 44.191 42.334 29.363 14.959 
0.991 0.135 20.898 29.492 30.029 24.955 8.211 18.709 14.156 13.681 10.933 7.644 6.554 17.044 32.629 29.426 22.005 32.895 33.781 37.481 28.576 30.214 30.818 28.718 22.548 20.833 25.144 23.216 21.547 13.882 12.42 11.453 12.63 10.496 10.57 13.303 15.562 29.153 37.754 44.498 49.075 47.824 44.874 48.634 48.479 48.266 45.319 42.549 45.088 44.007 44.143 44.191 42.334 29.363 14.959 12.102 
1 0 29.492 30.029 24.955 8.211 18.709 31.507 13.681 10.933 7.644 6.554 17.044 32.629 29.426 22.005 32.895 33.781 37.481 28.576 30.214 30.818 28.718 22.548 20.833 25.144 23.216 21.547 13.882 12.42 11.453 12.63 10.496 10.57 13.303 15.562 29.153 37.754 44.498 49.075 47.824 44.874 48.634 48.479 48.266 45.319 42.549 45.088 44.007 44.143 44.191 42.334 29.363 14.959 12.102 15.693 
