-0.991 -0.135 5.082 4.983 9.311 11.909 18.638 21.121 19.823 18.052 15.3 17.788 16.967 15.039 13.141 16.659 20.817 20.46 24.829 26.16 28.299 31.71 23.927 30.619 27.96 25.294 23.562 12.571 3.097 7.515 7.219 8.936 7.293 6.639 5.146 4.076 2.140 3.240 12.68 9.795 10.334 17.676 18.397 9.681 16.024 15.401 15.958 12.44 11.711 15.661 20.612 19.159 18.077 13.958 16.496 12.961 
-1 0 4.983 9.311 11.909 18.638 21.121 19.823 18.052 15.3 17.788 16.967 15.039 13.141 16.659 20.817 20.46 24.829 26.16 28.299 31.71 23.927 30.619 27.96 25.294 23.562 12.571 3.097 7.515 7.219 8.936 7.293 6.639 5.146 4.076 2.140 3.240 12.68 9.795 10.334 17.676 18.397 9.681 16.024 15.401 15.958 12.44 11.711 15.661 20.612 19.159 18.077 13.958 16.496 12.961 8.378 
-0.992 0.126 9.311 11.909 18.638 21.121 19.823 18.052 15.3 17.788 16.967 15.039 13.141 16.659 20.817 20.46 24.829 26.16 28.299 31.71 23.927 30.619 27.96 25.294 23.562 12.571 3.097 7.515 7.219 8.936 7.293 6.639 5.146 4.076 2.140 3.240 12.68 9.795 10.334 17.676 18.397 9.681 16.024 15.401 15.958 12.44 11.711 15.661 20.612 19.159 18.077 13.958 16.496 12.961 8.378 11.959 
-0.966 0.259 11.909 18.638 21.121 19.823 18.052 15.3 17.788 16.967 15.039 13.141 16.659 20.817 20.46 24.829 26.16 28.299 31.71 23.927 30.619 27.96 25.294 23.562 12.571 3.097 7.515 7.219 8.936 7.293 6.639 5.146 4.076 2.140 3.240 12.68 9.795 10.334 17.676 18.397 9.681 16.024 15.401 15.958 12.44 11.711 15.661 20.612 19.159 18.077 13.958 16.496 12.961 8.378 11.959 12.937 
-0.926 0.379 18.638 21.121 19.823 18.052 15.3 17.788 16.967 15.039 13.141 16.659 20.817 20.46 24.829 26.16 28.299 31.71 23.927 30.619 27.96 25.294 23.562 12.571 3.097 7.515 7.219 8.936 7.293 6.639 5.146 4.076 2.140 3.240 12.68 9.795 10.334 17.676 18.397 9.681 16.024 15.401 15.958 12.44 11.711 15.661 20.612 19.159 18.077 13.958 16.496 12.961 8.378 11.959 12.937 15.021 
-0.866 0.5 21.121 19.823 18.052 15.3 17.788 16.967 15.039 13.141 16.659 20.817 20.46 24.829 26.16 28.299 31.71 23.927 30.619 27.96 25.294 23.562 12.571 3.097 7.515 7.219 8.936 7.293 6.639 5.146 4.076 2.140 3.240 12.68 9.795 10.334 17.676 18.397 9.681 16.024 15.401 15.958 12.44 11.711 15.661 20.612 19.159 18.077 13.958 16.496 12.961 8.378 11.959 12.937 15.021 19.184 
-0.796 0.605 19.823 18.052 15.3 17.788 16.967 15.039 13.141 16.659 20.817 20.46 24.829 26.16 28.299 31.71 23.927 30.619 27.96 25.294 23.562 12.571 3.097 7.515 7.219 8.936 7.293 6.639 5.146 4.076 2.140 3.240 12.68 9.795 10.334 17.676 18.397 9.681 16.024 15.401 15.958 12.44 11.711 15.661 20.612 19.159 18.077 13.958 16.496 12.961 8.378 11.959 12.937 15.021 19.184 21.662 
-0.707 0.707 18.052 15.3 17.788 16.967 15.039 13.141 16.659 20.817 20.46 24.829 26.16 28.299 31.71 23.927 30.619 27.96 25.294 23.562 12.571 3.097 7.515 7.219 8.936 7.293 6.639 5.146 4.076 2.140 3.240 12.68 9.795 10.334 17.676 18.397 9.681 16.024 15.401 15.958 12.44 11.711 15.661 20.612 19.159 18.077 13.958 16.496 12.961 8.378 11.959 12.937 15.021 19.184 21.662 27.315 
-0.612 0.791 15.3 17.788 16.967 15.039 13.141 16.659 20.817 20.46 24.829 26.16 28.299 31.71 23.927 30.619 27.96 25.294 23.562 12.571 3.097 7.515 7.219 8.936 7.293 6.639 5.146 4.076 2.140 3.240 12.68 9.795 10.334 17.676 18.397 9.681 16.024 15.401 15.958 12.44 11.711 15.661 20.612 19.159 18.077 13.958 16.496 12.961 8.378 11.959 12.937 15.021 19.184 21.662 27.315 27.566 
-0.5 0.866 17.788 16.967 15.039 13.141 16.659 20.817 20.46 24.829 26.16 28.299 31.71 23.927 30.619 27.96 25.294 23.562 12.571 3.097 7.515 7.219 8.936 7.293 6.639 5.146 4.076 2.140 3.240 12.68 9.795 10.334 17.676 18.397 9.681 16.024 15.401 15.958 12.44 11.711 15.661 20.612 19.159 18.077 13.958 16.496 12.961 8.378 11.959 12.937 15.021 19.184 21.662 27.315 27.566 34.248 
-0.387 0.922 16.967 15.039 13.141 16.659 20.817 20.46 24.829 26.16 28.299 31.71 23.927 30.619 27.96 25.294 23.562 12.571 3.097 7.515 7.219 8.936 7.293 6.639 5.146 4.076 2.140 3.240 12.68 9.795 10.334 17.676 18.397 9.681 16.024 15.401 15.958 12.44 11.711 15.661 20.612 19.159 18.077 13.958 16.496 12.961 8.378 11.959 12.937 15.021 19.184 21.662 27.315 27.566 34.248 36.18 
-0.259 0.966 15.039 13.141 16.659 20.817 20.46 24.829 26.16 28.299 31.71 23.927 30.619 27.96 25.294 23.562 12.571 3.097 7.515 7.219 8.936 7.293 6.639 5.146 4.076 2.140 3.240 12.68 9.795 10.334 17.676 18.397 9.681 16.024 15.401 15.958 12.44 11.711 15.661 20.612 19.159 18.077 13.958 16.496 12.961 8.378 11.959 12.937 15.021 19.184 21.662 27.315 27.566 34.248 36.18 38.56 
-0.135 0.991 13.141 16.659 20.817 20.46 24.829 26.16 28.299 31.71 23.927 30.619 27.96 25.294 23.562 12.571 3.097 7.515 7.219 8.936 7.293 6.639 5.146 4.076 2.140 3.240 12.68 9.795 10.334 17.676 18.397 9.681 16.024 15.401 15.958 12.44 11.711 15.661 20.612 19.159 18.077 13.958 16.496 12.961 8.378 11.959 12.937 15.021 19.184 21.662 27.315 27.566 34.248 36.18 38.56 38.611 
0 1 16.659 20.817 20.46 24.829 26.16 28.299 31.71 23.927 30.619 27.96 25.294 23.562 12.571 3.097 7.515 7.219 8.936 7.293 6.639 5.146 4.076 2.140 3.240 12.68 9.795 10.334 17.676 18.397 9.681 16.024 15.401 15.958 12.44 11.711 15.661 20.612 19.159 18.077 13.958 16.496 12.961 8.378 11.959 12.937 15.021 19.184 21.662 27.315 27.566 34.248 36.18 38.56 38.611 37.106 
0.126 0.992 20.817 20.46 24.829 26.16 28.299 31.71 23.927 30.619 27.96 25.294 23.562 12.571 3.097 7.515 7.219 8.936 7.293 6.639 5.146 4.076 2.140 3.240 12.68 9.795 10.334 17.676 18.397 9.681 16.024 15.401 15.958 12.44 11.711 15.661 20.612 19.159 18.077 13.958 16.496 12.961 8.378 11.959 12.937 15.021 19.184 21.662 27.315 27.566 34.248 36.18 38.56 38.611 37.106 38.411 
0.259 0.966 20.46 24.829 26.16 28.299 31.71 23.927 30.619 27.96 25.294 23.562 12.571 3.097 7.515 7.219 8.936 7.293 6.639 5.146 4.076 2.140 3.240 12.68 9.795 10.334 17.676 18.397 9.681 16.024 15.401 15.958 12.44 11.711 15.661 20.612 19.159 18.077 13.958 16.496 12.961 8.378 11.959 12.937 15.021 19.184 21.662 27.315 27.566 34.248 36.18 38.56 38.611 37.106 38.411 40.206 
0.379 0.926 24.829 26.16 28.299 31.71 23.927 30.619 27.96 25.294 23.562 12.571 3.097 7.515 7.219 8.936 7.293 6.639 5.146 4.076 2.140 3.240 12.68 9.795 10.334 17.676 18.397 9.681 16.024 15.401 15.958 12.44 11.711 15.661 20.612 19.159 18.077 13.958 16.496 12.961 8.378 11.959 12.937 15.021 19.184 21.662 27.315 27.566 34.248 36.18 38.56 38.611 37.106 38.411 40.206 40.306 
0.5 0.866 26.16 28.299 31.71 23.927 30.619 27.96 25.294 23.562 12.571 3.097 7.515 7.219 8.936 7.293 6.639 5.146 4.076 2.140 3.240 12.68 9.795 10.334 17.676 18.397 9.681 16.024 15.401 15.958 12.44 11.711 15.661 20.612 19.159 18.077 13.958 16.496 12.961 8.378 11.959 12.937 15.021 19.184 21.662 27.315 27.566 34.248 36.18 38.56 38.611 37.106 38.411 40.206 40.306 38.343 
0.605 0.796 28.299 31.71 23.927 30.619 27.96 25.294 23.562 12.571 3.097 7.515 7.219 8.936 7.293 6.639 5.146 4.076 2.140 3.240 12.68 9.795 10.334 17.676 18.397 9.681 16.024 15.401 15.958 12.44 11.711 15.661 20.612 19.159 18.077 13.958 16.496 12.961 8.378 11.959 12.937 15.021 19.184 21.662 27.315 27.566 34.248 36.18 38.56 38.611 37.106 38.411 40.206 40.306 38.343 43.879 
0.707 0.707 31.71 23.927 30.619 27.96 25.294 23.562 12.571 3.097 7.515 7.219 8.936 7.293 6.639 5.146 4.076 2.140 3.240 12.68 9.795 10.334 17.676 18.397 9.681 16.024 15.401 15.958 12.44 11.711 15.661 20.612 19.159 18.077 13.958 16.496 12.961 8.378 11.959 12.937 15.021 19.184 21.662 27.315 27.566 34.248 36.18 38.56 38.611 37.106 38.411 40.206 40.306 38.343 43.879 42.73 
0.791 0.612 23.927 30.619 27.96 25.294 23.562 12.571 3.097 7.515 7.219 8.936 7.293 6.639 5.146 4.076 2.140 3.240 12.68 9.795 10.334 17.676 18.397 9.681 16.024 15.401 15.958 12.44 11.711 15.661 20.612 19.159 18.077 13.958 16.496 12.961 8.378 11.959 12.937 15.021 19.184 21.662 27.315 27.566 34.248 36.18 38.56 38.611 37.106 38.411 40.206 40.306 38.343 43.879 42.73 46.775 
0.866 0.5 30.619 27.96 25.294 23.562 12.571 3.097 7.515 7.219 8.936 7.293 6.639 5.146 4.076 2.140 3.240 12.68 9.795 10.334 17.676 18.397 9.681 16.024 15.401 15.958 12.44 11.711 15.661 20.612 19.159 18.077 13.958 16.496 12.961 8.378 11.959 12.937 15.021 19.184 21.662 27.315 27.566 34.248 36.18 38.56 38.611 37.106 38.411 40.206 40.306 38.343 43.879 42.73 46.775 45.813 
0.922 0.387 27.96 25.294 23.562 12.571 3.097 7.515 7.219 8.936 7.293 6.639 5.146 4.076 2.140 3.240 12.68 9.795 10.334 17.676 18.397 9.681 16.024 15.401 15.958 12.44 11.711 15.661 20.612 19.159 18.077 13.958 16.496 12.961 8.378 11.959 12.937 15.021 19.184 21.662 27.315 27.566 34.248 36.18 38.56 38.611 37.106 38.411 40.206 40.306 38.343 43.879 42.73 46.775 45.813 37.362 
0.966 0.259 25.294 23.562 12.571 3.097 7.515 7.219 8.936 7.293 6.639 5.146 4.076 2.140 3.240 12.68 9.795 10.334 17.676 18.397 9.681 16.024 15.401 15.958 12.44 11.711 15.661 20.612 19.159 18.077 13.958 16.496 12.961 8.378 11.959 12.937 15.021 19.184 21.662 27.315 27.566 34.248 36.18 38.56 38.611 37.106 38.411 40.206 40.306 38.343 43.879 42.73 46.775 45.813 37.362 20.073 
0.991 0.135 23.562 12.571 3.097 7.515 7.219 8.936 7.293 6.639 5.146 4.076 2.140 3.240 12.68 9.795 10.334 17.676 18.397 9.681 16.024 15.401 15.958 12.44 11.711 15.661 20.612 19.159 18.077 13.958 16.496 12.961 8.378 11.959 12.937 15.021 19.184 21.662 27.315 27.566 34.248 36.18 38.56 38.611 37.106 38.411 40.206 40.306 38.343 43.879 42.73 46.775 45.813 37.362 20.073 10.956 
1 0 12.571 3.097 7.515 7.219 8.936 7.293 6.639 5.146 4.076 2.140 3.240 12.68 9.795 10.334 17.676 18.397 9.681 16.024 15.401 15.958 12.44 11.711 15.661 20.612 19.159 18.077 13.958 16.496 12.961 8.378 11.959 12.937 15.021 19.184 21.662 27.315 27.566 34.248 36.18 38.56 38.611 37.106 38.411 40.206 40.306 38.343 43.879 42.73 46.775 45.813 37.362 20.073 10.956 1.169 
-0.707 0.707 11.369 10.273 12.736 11.674 9.186 8.965 11.366 15.092 15.83 24.492 39.704 39.205 34.663 26.787 32.839 34.315 35.391 15.862 14.344 12.208 6.315 8.042 6.145 8.488 7.540 5.342 5.454 4.365 2.761 1.546 7.050 10.864 6.503 4.002 4.988 5.360 8.497 9.092 5.129 7.772 10.043 9.283 12.856 14.095 10.46 8.434 14.53 12.815 12.538 12.949 7.292 9.247 9.299 12.724 
-0.612 0.791 10.273 12.736 11.674 9.186 8.965 11.366 15.092 15.83 24.492 39.704 39.205 34.663 26.787 32.839 34.315 35.391 15.862 14.344 12.208 6.315 8.042 6.145 8.488 7.540 5.342 5.454 4.365 2.761 1.546 7.050 10.864 6.503 4.002 4.988 5.360 8.497 9.092 5.129 7.772 10.043 9.283 12.856 14.095 10.46 8.434 14.53 12.815 12.538 12.949 7.292 9.247 9.299 12.724 14.649 
-0.5 0.866 12.736 11.674 9.186 8.965 11.366 15.092 15.83 24.492 39.704 39.205 34.663 26.787 32.839 34.315 35.391 15.862 14.344 12.208 6.315 8.042 6.145 8.488 7.540 5.342 5.454 4.365 2.761 1.546 7.050 10.864 6.503 4.002 4.988 5.360 8.497 9.092 5.129 7.772 10.043 9.283 12.856 14.095 10.46 8.434 14.53 12.815 12.538 12.949 7.292 9.247 9.299 12.724 14.649 17.92 
-0.387 0.922 11.674 9.186 8.965 11.366 15.092 15.83 24.492 39.704 39.205 34.663 26.787 32.839 34.315 35.391 15.862 14.344 12.208 6.315 8.042 6.145 8.488 7.540 5.342 5.454 4.365 2.761 1.546 7.050 10.864 6.503 4.002 4.988 5.360 8.497 9.092 5.129 7.772 10.043 9.283 12.856 14.095 10.46 8.434 14.53 12.815 12.538 12.949 7.292 9.247 9.299 12.724 14.649 17.92 21.151 
-0.259 0.966 9.186 8.965 11.366 15.092 15.83 24.492 39.704 39.205 34.663 26.787 32.839 34.315 35.391 15.862 14.344 12.208 6.315 8.042 6.145 8.488 7.540 5.342 5.454 4.365 2.761 1.546 7.050 10.864 6.503 4.002 4.988 5.360 8.497 9.092 5.129 7.772 10.043 9.283 12.856 14.095 10.46 8.434 14.53 12.815 12.538 12.949 7.292 9.247 9.299 12.724 14.649 17.92 21.151 20.641 
-0.135 0.991 8.965 11.366 15.092 15.83 24.492 39.704 39.205 34.663 26.787 32.839 34.315 35.391 15.862 14.344 12.208 6.315 8.042 6.145 8.488 7.540 5.342 5.454 4.365 2.761 1.546 7.050 10.864 6.503 4.002 4.988 5.360 8.497 9.092 5.129 7.772 10.043 9.283 12.856 14.095 10.46 8.434 14.53 12.815 12.538 12.949 7.292 9.247 9.299 12.724 14.649 17.92 21.151 20.641 19.637 
0 1 11.366 15.092 15.83 24.492 39.704 39.205 34.663 26.787 32.839 34.315 35.391 15.862 14.344 12.208 6.315 8.042 6.145 8.488 7.540 5.342 5.454 4.365 2.761 1.546 7.050 10.864 6.503 4.002 4.988 5.360 8.497 9.092 5.129 7.772 10.043 9.283 12.856 14.095 10.46 8.434 14.53 12.815 12.538 12.949 7.292 9.247 9.299 12.724 14.649 17.92 21.151 20.641 19.637 25.653 
0.126 0.992 15.092 15.83 24.492 39.704 39.205 34.663 26.787 32.839 34.315 35.391 15.862 14.344 12.208 6.315 8.042 6.145 8.488 7.540 5.342 5.454 4.365 2.761 1.546 7.050 10.864 6.503 4.002 4.988 5.360 8.497 9.092 5.129 7.772 10.043 9.283 12.856 14.095 10.46 8.434 14.53 12.815 12.538 12.949 7.292 9.247 9.299 12.724 14.649 17.92 21.151 20.641 19.637 25.653 30.651 
0.259 0.966 15.83 24.492 39.704 39.205 34.663 26.787 32.839 34.315 35.391 15.862 14.344 12.208 6.315 8.042 6.145 8.488 7.540 5.342 5.454 4.365 2.761 1.546 7.050 10.864 6.503 4.002 4.988 5.360 8.497 9.092 5.129 7.772 10.043 9.283 12.856 14.095 10.46 8.434 14.53 12.815 12.538 12.949 7.292 9.247 9.299 12.724 14.649 17.92 21.151 20.641 19.637 25.653 30.651 26.483 
0.379 0.926 24.492 39.704 39.205 34.663 26.787 32.839 34.315 35.391 15.862 14.344 12.208 6.315 8.042 6.145 8.488 7.540 5.342 5.454 4.365 2.761 1.546 7.050 10.864 6.503 4.002 4.988 5.360 8.497 9.092 5.129 7.772 10.043 9.283 12.856 14.095 10.46 8.434 14.53 12.815 12.538 12.949 7.292 9.247 9.299 12.724 14.649 17.92 21.151 20.641 19.637 25.653 30.651 26.483 26.565 
0.5 0.866 39.704 39.205 34.663 26.787 32.839 34.315 35.391 15.862 14.344 12.208 6.315 8.042 6.145 8.488 7.540 5.342 5.454 4.365 2.761 1.546 7.050 10.864 6.503 4.002 4.988 5.360 8.497 9.092 5.129 7.772 10.043 9.283 12.856 14.095 10.46 8.434 14.53 12.815 12.538 12.949 7.292 9.247 9.299 12.724 14.649 17.92 21.151 20.641 19.637 25.653 30.651 26.483 26.565 18.369 
0.605 0.796 39.205 34.663 26.787 32.839 34.315 35.391 15.862 14.344 12.208 6.315 8.042 6.145 8.488 7.540 5.342 5.454 4.365 2.761 1.546 7.050 10.864 6.503 4.002 4.988 5.360 8.497 9.092 5.129 7.772 10.043 9.283 12.856 14.095 10.46 8.434 14.53 12.815 12.538 12.949 7.292 9.247 9.299 12.724 14.649 17.92 21.151 20.641 19.637 25.653 30.651 26.483 26.565 18.369 3.842 
0.707 0.707 34.663 26.787 32.839 34.315 35.391 15.862 14.344 12.208 6.315 8.042 6.145 8.488 7.540 5.342 5.454 4.365 2.761 1.546 7.050 10.864 6.503 4.002 4.988 5.360 8.497 9.092 5.129 7.772 10.043 9.283 12.856 14.095 10.46 8.434 14.53 12.815 12.538 12.949 7.292 9.247 9.299 12.724 14.649 17.92 21.151 20.641 19.637 25.653 30.651 26.483 26.565 18.369 3.842 4.625 
0.791 0.612 26.787 32.839 34.315 35.391 15.862 14.344 12.208 6.315 8.042 6.145 8.488 7.540 5.342 5.454 4.365 2.761 1.546 7.050 10.864 6.503 4.002 4.988 5.360 8.497 9.092 5.129 7.772 10.043 9.283 12.856 14.095 10.46 8.434 14.53 12.815 12.538 12.949 7.292 9.247 9.299 12.724 14.649 17.92 21.151 20.641 19.637 25.653 30.651 26.483 26.565 18.369 3.842 4.625 4.014 
0.866 0.5 32.839 34.315 35.391 15.862 14.344 12.208 6.315 8.042 6.145 8.488 7.540 5.342 5.454 4.365 2.761 1.546 7.050 10.864 6.503 4.002 4.988 5.360 8.497 9.092 5.129 7.772 10.043 9.283 12.856 14.095 10.46 8.434 14.53 12.815 12.538 12.949 7.292 9.247 9.299 12.724 14.649 17.92 21.151 20.641 19.637 25.653 30.651 26.483 26.565 18.369 3.842 4.625 4.014 8.244 
0.922 0.387 34.315 35.391 15.862 14.344 12.208 6.315 8.042 6.145 8.488 7.540 5.342 5.454 4.365 2.761 1.546 7.050 10.864 6.503 4.002 4.988 5.360 8.497 9.092 5.129 7.772 10.043 9.283 12.856 14.095 10.46 8.434 14.53 12.815 12.538 12.949 7.292 9.247 9.299 12.724 14.649 17.92 21.151 20.641 19.637 25.653 30.651 26.483 26.565 18.369 3.842 4.625 4.014 8.244 12.945 
0.966 0.259 35.391 15.862 14.344 12.208 6.315 8.042 6.145 8.488 7.540 5.342 5.454 4.365 2.761 1.546 7.050 10.864 6.503 4.002 4.988 5.360 8.497 9.092 5.129 7.772 10.043 9.283 12.856 14.095 10.46 8.434 14.53 12.815 12.538 12.949 7.292 9.247 9.299 12.724 14.649 17.92 21.151 20.641 19.637 25.653 30.651 26.483 26.565 18.369 3.842 4.625 4.014 8.244 12.945 19.468 
0.991 0.135 15.862 14.344 12.208 6.315 8.042 6.145 8.488 7.540 5.342 5.454 4.365 2.761 1.546 7.050 10.864 6.503 4.002 4.988 5.360 8.497 9.092 5.129 7.772 10.043 9.283 12.856 14.095 10.46 8.434 14.53 12.815 12.538 12.949 7.292 9.247 9.299 12.724 14.649 17.92 21.151 20.641 19.637 25.653 30.651 26.483 26.565 18.369 3.842 4.625 4.014 8.244 12.945 19.468 20.749 
1 0 14.344 12.208 6.315 8.042 6.145 8.488 7.540 5.342 5.454 4.365 2.761 1.546 7.050 10.864 6.503 4.002 4.988 5.360 8.497 9.092 5.129 7.772 10.043 9.283 12.856 14.095 10.46 8.434 14.53 12.815 12.538 12.949 7.292 9.247 9.299 12.724 14.649 17.92 21.151 20.641 19.637 25.653 30.651 26.483 26.565 18.369 3.842 4.625 4.014 8.244 12.945 19.468 20.749 19.925 
0.992 -0.126 12.208 6.315 8.042 6.145 8.488 7.540 5.342 5.454 4.365 2.761 1.546 7.050 10.864 6.503 4.002 4.988 5.360 8.497 9.092 5.129 7.772 10.043 9.283 12.856 14.095 10.46 8.434 14.53 12.815 12.538 12.949 7.292 9.247 9.299 12.724 14.649 17.92 21.151 20.641 19.637 25.653 30.651 26.483 26.565 18.369 3.842 4.625 4.014 8.244 12.945 19.468 20.749 19.925 26.073 
0.966 -0.259 6.315 8.042 6.145 8.488 7.540 5.342 5.454 4.365 2.761 1.546 7.050 10.864 6.503 4.002 4.988 5.360 8.497 9.092 5.129 7.772 10.043 9.283 12.856 14.095 10.46 8.434 14.53 12.815 12.538 12.949 7.292 9.247 9.299 12.724 14.649 17.92 21.151 20.641 19.637 25.653 30.651 26.483 26.565 18.369 3.842 4.625 4.014 8.244 12.945 19.468 20.749 19.925 26.073 29.714 
0.926 -0.379 8.042 6.145 8.488 7.540 5.342 5.454 4.365 2.761 1.546 7.050 10.864 6.503 4.002 4.988 5.360 8.497 9.092 5.129 7.772 10.043 9.283 12.856 14.095 10.46 8.434 14.53 12.815 12.538 12.949 7.292 9.247 9.299 12.724 14.649 17.92 21.151 20.641 19.637 25.653 30.651 26.483 26.565 18.369 3.842 4.625 4.014 8.244 12.945 19.468 20.749 19.925 26.073 29.714 28.688 
0.866 -0.5 6.145 8.488 7.540 5.342 5.454 4.365 2.761 1.546 7.050 10.864 6.503 4.002 4.988 5.360 8.497 9.092 5.129 7.772 10.043 9.283 12.856 14.095 10.46 8.434 14.53 12.815 12.538 12.949 7.292 9.247 9.299 12.724 14.649 17.92 21.151 20.641 19.637 25.653 30.651 26.483 26.565 18.369 3.842 4.625 4.014 8.244 12.945 19.468 20.749 19.925 26.073 29.714 28.688 30.592 
0.796 -0.605 8.488 7.540 5.342 5.454 4.365 2.761 1.546 7.050 10.864 6.503 4.002 4.988 5.360 8.497 9.092 5.129 7.772 10.043 9.283 12.856 14.095 10.46 8.434 14.53 12.815 12.538 12.949 7.292 9.247 9.299 12.724 14.649 17.92 21.151 20.641 19.637 25.653 30.651 26.483 26.565 18.369 3.842 4.625 4.014 8.244 12.945 19.468 20.749 19.925 26.073 29.714 28.688 30.592 23.885 
0.707 -0.707 7.540 5.342 5.454 4.365 2.761 1.546 7.050 10.864 6.503 4.002 4.988 5.360 8.497 9.092 5.129 7.772 10.043 9.283 12.856 14.095 10.46 8.434 14.53 12.815 12.538 12.949 7.292 9.247 9.299 12.724 14.649 17.92 21.151 20.641 19.637 25.653 30.651 26.483 26.565 18.369 3.842 4.625 4.014 8.244 12.945 19.468 20.749 19.925 26.073 29.714 28.688 30.592 23.885 25.14 
0.612 -0.791 5.342 5.454 4.365 2.761 1.546 7.050 10.864 6.503 4.002 4.988 5.360 8.497 9.092 5.129 7.772 10.043 9.283 12.856 14.095 10.46 8.434 14.53 12.815 12.538 12.949 7.292 9.247 9.299 12.724 14.649 17.92 21.151 20.641 19.637 25.653 30.651 26.483 26.565 18.369 3.842 4.625 4.014 8.244 12.945 19.468 20.749 19.925 26.073 29.714 28.688 30.592 23.885 25.14 20.296 
0.5 -0.866 5.454 4.365 2.761 1.546 7.050 10.864 6.503 4.002 4.988 5.360 8.497 9.092 5.129 7.772 10.043 9.283 12.856 14.095 10.46 8.434 14.53 12.815 12.538 12.949 7.292 9.247 9.299 12.724 14.649 17.92 21.151 20.641 19.637 25.653 30.651 26.483 26.565 18.369 3.842 4.625 4.014 8.244 12.945 19.468 20.749 19.925 26.073 29.714 28.688 30.592 23.885 25.14 20.296 12.686 
0.387 -0.922 4.365 2.761 1.546 7.050 10.864 6.503 4.002 4.988 5.360 8.497 9.092 5.129 7.772 10.043 9.283 12.856 14.095 10.46 8.434 14.53 12.815 12.538 12.949 7.292 9.247 9.299 12.724 14.649 17.92 21.151 20.641 19.637 25.653 30.651 26.483 26.565 18.369 3.842 4.625 4.014 8.244 12.945 19.468 20.749 19.925 26.073 29.714 28.688 30.592 23.885 25.14 20.296 12.686 13.375 
-0.5 -0.866 19.291 22.217 20.387 16.727 9.100 7.001 10.675 9.450 9.162 8.152 8.678 8.356 7.917 7.663 7.679 6.912 13.781 15.571 16.229 18.118 17.589 16.847 15.979 14.947 15.584 16.066 18.577 18.624 22.672 24.47 21.061 25.41 26.09 21.368 34.851 38.409 27 19.362 13.395 6.279 4.594 15.707 28.169 32.549 36.244 35.423 32.368 32.205 30.628 21.078 14.422 15.885 17.447 18.487 
-0.605 -0.796 22.217 20.387 16.727 9.100 7.001 10.675 9.450 9.162 8.152 8.678 8.356 7.917 7.663 7.679 6.912 13.781 15.571 16.229 18.118 17.589 16.847 15.979 14.947 15.584 16.066 18.577 18.624 22.672 24.47 21.061 25.41 26.09 21.368 34.851 38.409 27 19.362 13.395 6.279 4.594 15.707 28.169 32.549 36.244 35.423 32.368 32.205 30.628 21.078 14.422 15.885 17.447 18.487 28.973 
-0.707 -0.707 20.387 16.727 9.100 7.001 10.675 9.450 9.162 8.152 8.678 8.356 7.917 7.663 7.679 6.912 13.781 15.571 16.229 18.118 17.589 16.847 15.979 14.947 15.584 16.066 18.577 18.624 22.672 24.47 21.061 25.41 26.09 21.368 34.851 38.409 27 19.362 13.395 6.279 4.594 15.707 28.169 32.549 36.244 35.423 32.368 32.205 30.628 21.078 14.422 15.885 17.447 18.487 28.973 32.779 
-0.791 -0.612 16.727 9.100 7.001 10.675 9.450 9.162 8.152 8.678 8.356 7.917 7.663 7.679 6.912 13.781 15.571 16.229 18.118 17.589 16.847 15.979 14.947 15.584 16.066 18.577 18.624 22.672 24.47 21.061 25.41 26.09 21.368 34.851 38.409 27 19.362 13.395 6.279 4.594 15.707 28.169 32.549 36.244 35.423 32.368 32.205 30.628 21.078 14.422 15.885 17.447 18.487 28.973 32.779 28.819 
-0.866 -0.5 9.100 7.001 10.675 9.450 9.162 8.152 8.678 8.356 7.917 7.663 7.679 6.912 13.781 15.571 16.229 18.118 17.589 16.847 15.979 14.947 15.584 16.066 18.577 18.624 22.672 24.47 21.061 25.41 26.09 21.368 34.851 38.409 27 19.362 13.395 6.279 4.594 15.707 28.169 32.549 36.244 35.423 32.368 32.205 30.628 21.078 14.422 15.885 17.447 18.487 28.973 32.779 28.819 29.929 
-0.922 -0.387 7.001 10.675 9.450 9.162 8.152 8.678 8.356 7.917 7.663 7.679 6.912 13.781 15.571 16.229 18.118 17.589 16.847 15.979 14.947 15.584 16.066 18.577 18.624 22.672 24.47 21.061 25.41 26.09 21.368 34.851 38.409 27 19.362 13.395 6.279 4.594 15.707 28.169 32.549 36.244 35.423 32.368 32.205 30.628 21.078 14.422 15.885 17.447 18.487 28.973 32.779 28.819 29.929 33.319 
-0.966 -0.259 10.675 9.450 9.162 8.152 8.678 8.356 7.917 7.663 7.679 6.912 13.781 15.571 16.229 18.118 17.589 16.847 15.979 14.947 15.584 16.066 18.577 18.624 22.672 24.47 21.061 25.41 26.09 21.368 34.851 38.409 27 19.362 13.395 6.279 4.594 15.707 28.169 32.549 36.244 35.423 32.368 32.205 30.628 21.078 14.422 15.885 17.447 18.487 28.973 32.779 28.819 29.929 33.319 31.764 
-0.991 -0.135 9.450 9.162 8.152 8.678 8.356 7.917 7.663 7.679 6.912 13.781 15.571 16.229 18.118 17.589 16.847 15.979 14.947 15.584 16.066 18.577 18.624 22.672 24.47 21.061 25.41 26.09 21.368 34.851 38.409 27 19.362 13.395 6.279 4.594 15.707 28.169 32.549 36.244 35.423 32.368 32.205 30.628 21.078 14.422 15.885 17.447 18.487 28.973 32.779 28.819 29.929 33.319 31.764 31.763 
-1 0 9.162 8.152 8.678 8.356 7.917 7.663 7.679 6.912 13.781 15.571 16.229 18.118 17.589 16.847 15.979 14.947 15.584 16.066 18.577 18.624 22.672 24.47 21.061 25.41 26.09 21.368 34.851 38.409 27 19.362 13.395 6.279 4.594 15.707 28.169 32.549 36.244 35.423 32.368 32.205 30.628 21.078 14.422 15.885 17.447 18.487 28.973 32.779 28.819 29.929 33.319 31.764 31.763 35.845 
-0.992 0.126 8.152 8.678 8.356 7.917 7.663 7.679 6.912 13.781 15.571 16.229 18.118 17.589 16.847 15.979 14.947 15.584 16.066 18.577 18.624 22.672 24.47 21.061 25.41 26.09 21.368 34.851 38.409 27 19.362 13.395 6.279 4.594 15.707 28.169 32.549 36.244 35.423 32.368 32.205 30.628 21.078 14.422 15.885 17.447 18.487 28.973 32.779 28.819 29.929 33.319 31.764 31.763 35.845 36.828 
-0.966 0.259 8.678 8.356 7.917 7.663 7.679 6.912 13.781 15.571 16.229 18.118 17.589 16.847 15.979 14.947 15.584 16.066 18.577 18.624 22.672 24.47 21.061 25.41 26.09 21.368 34.851 38.409 27 19.362 13.395 6.279 4.594 15.707 28.169 32.549 36.244 35.423 32.368 32.205 30.628 21.078 14.422 15.885 17.447 18.487 28.973 32.779 28.819 29.929 33.319 31.764 31.763 35.845 36.828 30.306 
-0.926 0.379 8.356 7.917 7.663 7.679 6.912 13.781 15.571 16.229 18.118 17.589 16.847 15.979 14.947 15.584 16.066 18.577 18.624 22.672 24.47 21.061 25.41 26.09 21.368 34.851 38.409 27 19.362 13.395 6.279 4.594 15.707 28.169 32.549 36.244 35.423 32.368 32.205 30.628 21.078 14.422 15.885 17.447 18.487 28.973 32.779 28.819 29.929 33.319 31.764 31.763 35.845 36.828 30.306 27.067 
-0.866 0.5 7.917 7.663 7.679 6.912 13.781 15.571 16.229 18.118 17.589 16.847 15.979 14.947 15.584 16.066 18.577 18.624 22.672 24.47 21.061 25.41 26.09 21.368 34.851 38.409 27 19.362 13.395 6.279 4.594 15.707 28.169 32.549 36.244 35.423 32.368 32.205 30.628 21.078 14.422 15.885 17.447 18.487 28.973 32.779 28.819 29.929 33.319 31.764 31.763 35.845 36.828 30.306 27.067 33.611 
-0.796 0.605 7.663 7.679 6.912 13.781 15.571 16.229 18.118 17.589 16.847 15.979 14.947 15.584 16.066 18.577 18.624 22.672 24.47 21.061 25.41 26.09 21.368 34.851 38.409 27 19.362 13.395 6.279 4.594 15.707 28.169 32.549 36.244 35.423 32.368 32.205 30.628 21.078 14.422 15.885 17.447 18.487 28.973 32.779 28.819 29.929 33.319 31.764 31.763 35.845 36.828 30.306 27.067 33.611 38.538 
-0.707 0.707 7.679 6.912 13.781 15.571 16.229 18.118 17.589 16.847 15.979 14.947 15.584 16.066 18.577 18.624 22.672 24.47 21.061 25.41 26.09 21.368 34.851 38.409 27 19.362 13.395 6.279 4.594 15.707 28.169 32.549 36.244 35.423 32.368 32.205 30.628 21.078 14.422 15.885 17.447 18.487 28.973 32.779 28.819 29.929 33.319 31.764 31.763 35.845 36.828 30.306 27.067 33.611 38.538 40.505 
-0.612 0.791 6.912 13.781 15.571 16.229 18.118 17.589 16.847 15.979 14.947 15.584 16.066 18.577 18.624 22.672 24.47 21.061 25.41 26.09 21.368 34.851 38.409 27 19.362 13.395 6.279 4.594 15.707 28.169 32.549 36.244 35.423 32.368 32.205 30.628 21.078 14.422 15.885 17.447 18.487 28.973 32.779 28.819 29.929 33.319 31.764 31.763 35.845 36.828 30.306 27.067 33.611 38.538 40.505 45.017 
-0.5 0.866 13.781 15.571 16.229 18.118 17.589 16.847 15.979 14.947 15.584 16.066 18.577 18.624 22.672 24.47 21.061 25.41 26.09 21.368 34.851 38.409 27 19.362 13.395 6.279 4.594 15.707 28.169 32.549 36.244 35.423 32.368 32.205 30.628 21.078 14.422 15.885 17.447 18.487 28.973 32.779 28.819 29.929 33.319 31.764 31.763 35.845 36.828 30.306 27.067 33.611 38.538 40.505 45.017 42.574 
-0.387 0.922 15.571 16.229 18.118 17.589 16.847 15.979 14.947 15.584 16.066 18.577 18.624 22.672 24.47 21.061 25.41 26.09 21.368 34.851 38.409 27 19.362 13.395 6.279 4.594 15.707 28.169 32.549 36.244 35.423 32.368 32.205 30.628 21.078 14.422 15.885 17.447 18.487 28.973 32.779 28.819 29.929 33.319 31.764 31.763 35.845 36.828 30.306 27.067 33.611 38.538 40.505 45.017 42.574 44.848 
-0.259 0.966 16.229 18.118 17.589 16.847 15.979 14.947 15.584 16.066 18.577 18.624 22.672 24.47 21.061 25.41 26.09 21.368 34.851 38.409 27 19.362 13.395 6.279 4.594 15.707 28.169 32.549 36.244 35.423 32.368 32.205 30.628 21.078 14.422 15.885 17.447 18.487 28.973 32.779 28.819 29.929 33.319 31.764 31.763 35.845 36.828 30.306 27.067 33.611 38.538 40.505 45.017 42.574 44.848 43.203 
-0.135 0.991 18.118 17.589 16.847 15.979 14.947 15.584 16.066 18.577 18.624 22.672 24.47 21.061 25.41 26.09 21.368 34.851 38.409 27 19.362 13.395 6.279 4.594 15.707 28.169 32.549 36.244 35.423 32.368 32.205 30.628 21.078 14.422 15.885 17.447 18.487 28.973 32.779 28.819 29.929 33.319 31.764 31.763 35.845 36.828 30.306 27.067 33.611 38.538 40.505 45.017 42.574 44.848 43.203 40.091 
0 1 17.589 16.847 15.979 14.947 15.584 16.066 18.577 18.624 22.672 24.47 21.061 25.41 26.09 21.368 34.851 38.409 27 19.362 13.395 6.279 4.594 15.707 28.169 32.549 36.244 35.423 32.368 32.205 30.628 21.078 14.422 15.885 17.447 18.487 28.973 32.779 28.819 29.929 33.319 31.764 31.763 35.845 36.828 30.306 27.067 33.611 38.538 40.505 45.017 42.574 44.848 43.203 40.091 44.49 
0.126 0.992 16.847 15.979 14.947 15.584 16.066 18.577 18.624 22.672 24.47 21.061 25.41 26.09 21.368 34.851 38.409 27 19.362 13.395 6.279 4.594 15.707 28.169 32.549 36.244 35.423 32.368 32.205 30.628 21.078 14.422 15.885 17.447 18.487 28.973 32.779 28.819 29.929 33.319 31.764 31.763 35.845 36.828 30.306 27.067 33.611 38.538 40.505 45.017 42.574 44.848 43.203 40.091 44.49 45.83 
0.259 0.966 15.979 14.947 15.584 16.066 18.577 18.624 22.672 24.47 21.061 25.41 26.09 21.368 34.851 38.409 27 19.362 13.395 6.279 4.594 15.707 28.169 32.549 36.244 35.423 32.368 32.205 30.628 21.078 14.422 15.885 17.447 18.487 28.973 32.779 28.819 29.929 33.319 31.764 31.763 35.845 36.828 30.306 27.067 33.611 38.538 40.505 45.017 42.574 44.848 43.203 40.091 44.49 45.83 45.283 
0.379 0.926 14.947 15.584 16.066 18.577 18.624 22.672 24.47 21.061 25.41 26.09 21.368 34.851 38.409 27 19.362 13.395 6.279 4.594 15.707 28.169 32.549 36.244 35.423 32.368 32.205 30.628 21.078 14.422 15.885 17.447 18.487 28.973 32.779 28.819 29.929 33.319 31.764 31.763 35.845 36.828 30.306 27.067 33.611 38.538 40.505 45.017 42.574 44.848 43.203 40.091 44.49 45.83 45.283 43.398 
0.5 0.866 15.584 16.066 18.577 18.624 22.672 24.47 21.061 25.41 26.09 21.368 34.851 38.409 27 19.362 13.395 6.279 4.594 15.707 28.169 32.549 36.244 35.423 32.368 32.205 30.628 21.078 14.422 15.885 17.447 18.487 28.973 32.779 28.819 29.929 33.319 31.764 31.763 35.845 36.828 30.306 27.067 33.611 38.538 40.505 45.017 42.574 44.848 43.203 40.091 44.49 45.83 45.283 43.398 42.457 
0.605 0.796 16.066 18.577 18.624 22.672 24.47 21.061 25.41 26.09 21.368 34.851 38.409 27 19.362 13.395 6.279 4.594 15.707 28.169 32.549 36.244 35.423 32.368 32.205 30.628 21.078 14.422 15.885 17.447 18.487 28.973 32.779 28.819 29.929 33.319 31.764 31.763 35.845 36.828 30.306 27.067 33.611 38.538 40.505 45.017 42.574 44.848 43.203 40.091 44.49 45.83 45.283 43.398 42.457 37.466 
0.707 0.707 18.577 18.624 22.672 24.47 21.061 25.41 26.09 21.368 34.851 38.409 27 19.362 13.395 6.279 4.594 15.707 28.169 32.549 36.244 35.423 32.368 32.205 30.628 21.078 14.422 15.885 17.447 18.487 28.973 32.779 28.819 29.929 33.319 31.764 31.763 35.845 36.828 30.306 27.067 33.611 38.538 40.505 45.017 42.574 44.848 43.203 40.091 44.49 45.83 45.283 43.398 42.457 37.466 34.429 
0.791 0.612 18.624 22.672 24.47 21.061 25.41 26.09 21.368 34.851 38.409 27 19.362 13.395 6.279 4.594 15.707 28.169 32.549 36.244 35.423 32.368 32.205 30.628 21.078 14.422 15.885 17.447 18.487 28.973 32.779 28.819 29.929 33.319 31.764 31.763 35.845 36.828 30.306 27.067 33.611 38.538 40.505 45.017 42.574 44.848 43.203 40.091 44.49 45.83 45.283 43.398 42.457 37.466 34.429 27.585 
0.866 0.5 22.672 24.47 21.061 25.41 26.09 21.368 34.851 38.409 27 19.362 13.395 6.279 4.594 15.707 28.169 32.549 36.244 35.423 32.368 32.205 30.628 21.078 14.422 15.885 17.447 18.487 28.973 32.779 28.819 29.929 33.319 31.764 31.763 35.845 36.828 30.306 27.067 33.611 38.538 40.505 45.017 42.574 44.848 43.203 40.091 44.49 45.83 45.283 43.398 42.457 37.466 34.429 27.585 4.516 
0.922 0.387 24.47 21.061 25.41 26.09 21.368 34.851 38.409 27 19.362 13.395 6.279 4.594 15.707 28.169 32.549 36.244 35.423 32.368 32.205 30.628 21.078 14.422 15.885 17.447 18.487 28.973 32.779 28.819 29.929 33.319 31.764 31.763 35.845 36.828 30.306 27.067 33.611 38.538 40.505 45.017 42.574 44.848 43.203 40.091 44.49 45.83 45.283 43.398 42.457 37.466 34.429 27.585 4.516 6.847 
0.966 0.259 21.061 25.41 26.09 21.368 34.851 38.409 27 19.362 13.395 6.279 4.594 15.707 28.169 32.549 36.244 35.423 32.368 32.205 30.628 21.078 14.422 15.885 17.447 18.487 28.973 32.779 28.819 29.929 33.319 31.764 31.763 35.845 36.828 30.306 27.067 33.611 38.538 40.505 45.017 42.574 44.848 43.203 40.091 44.49 45.83 45.283 43.398 42.457 37.466 34.429 27.585 4.516 6.847 8.058 
0.991 0.135 25.41 26.09 21.368 34.851 38.409 27 19.362 13.395 6.279 4.594 15.707 28.169 32.549 36.244 35.423 32.368 32.205 30.628 21.078 14.422 15.885 17.447 18.487 28.973 32.779 28.819 29.929 33.319 31.764 31.763 35.845 36.828 30.306 27.067 33.611 38.538 40.505 45.017 42.574 44.848 43.203 40.091 44.49 45.83 45.283 43.398 42.457 37.466 34.429 27.585 4.516 6.847 8.058 9.565 
1 0 26.09 21.368 34.851 38.409 27 19.362 13.395 6.279 4.594 15.707 28.169 32.549 36.244 35.423 32.368 32.205 30.628 21.078 14.422 15.885 17.447 18.487 28.973 32.779 28.819 29.929 33.319 31.764 31.763 35.845 36.828 30.306 27.067 33.611 38.538 40.505 45.017 42.574 44.848 43.203 40.091 44.49 45.83 45.283 43.398 42.457 37.466 34.429 27.585 4.516 6.847 8.058 9.565 8.324 
0.992 -0.126 21.368 34.851 38.409 27 19.362 13.395 6.279 4.594 15.707 28.169 32.549 36.244 35.423 32.368 32.205 30.628 21.078 14.422 15.885 17.447 18.487 28.973 32.779 28.819 29.929 33.319 31.764 31.763 35.845 36.828 30.306 27.067 33.611 38.538 40.505 45.017 42.574 44.848 43.203 40.091 44.49 45.83 45.283 43.398 42.457 37.466 34.429 27.585 4.516 6.847 8.058 9.565 8.324 5.875 
0.966 -0.259 34.851 38.409 27 19.362 13.395 6.279 4.594 15.707 28.169 32.549 36.244 35.423 32.368 32.205 30.628 21.078 14.422 15.885 17.447 18.487 28.973 32.779 28.819 29.929 33.319 31.764 31.763 35.845 36.828 30.306 27.067 33.611 38.538 40.505 45.017 42.574 44.848 43.203 40.091 44.49 45.83 45.283 43.398 42.457 37.466 34.429 27.585 4.516 6.847 8.058 9.565 8.324 5.875 7.351 
0.926 -0.379 38.409 27 19.362 13.395 6.279 4.594 15.707 28.169 32.549 36.244 35.423 32.368 32.205 30.628 21.078 14.422 15.885 17.447 18.487 28.973 32.779 28.819 29.929 33.319 31.764 31.763 35.845 36.828 30.306 27.067 33.611 38.538 40.505 45.017 42.574 44.848 43.203 40.091 44.49 45.83 45.283 43.398 42.457 37.466 34.429 27.585 4.516 6.847 8.058 9.565 8.324 5.875 7.351 3.971 
0.866 -0.5 27 19.362 13.395 6.279 4.594 15.707 28.169 32.549 36.244 35.423 32.368 32.205 30.628 21.078 14.422 15.885 17.447 18.487 28.973 32.779 28.819 29.929 33.319 31.764 31.763 35.845 36.828 30.306 27.067 33.611 38.538 40.505 45.017 42.574 44.848 43.203 40.091 44.49 45.83 45.283 43.398 42.457 37.466 34.429 27.585 4.516 6.847 8.058 9.565 8.324 5.875 7.351 3.971 1.297 
0.796 -0.605 19.362 13.395 6.279 4.594 15.707 28.169 32.549 36.244 35.423 32.368 32.205 30.628 21.078 14.422 15.885 17.447 18.487 28.973 32.779 28.819 29.929 33.319 31.764 31.763 35.845 36.828 30.306 27.067 33.611 38.538 40.505 45.017 42.574 44.848 43.203 40.091 44.49 45.83 45.283 43.398 42.457 37.466 34.429 27.585 4.516 6.847 8.058 9.565 8.324 5.875 7.351 3.971 1.297 11.223 
0.707 -0.707 13.395 6.279 4.594 15.707 28.169 32.549 36.244 35.423 32.368 32.205 30.628 21.078 14.422 15.885 17.447 18.487 28.973 32.779 28.819 29.929 33.319 31.764 31.763 35.845 36.828 30.306 27.067 33.611 38.538 40.505 45.017 42.574 44.848 43.203 40.091 44.49 45.83 45.283 43.398 42.457 37.466 34.429 27.585 4.516 6.847 8.058 9.565 8.324 5.875 7.351 3.971 1.297 11.223 19.344 
0.612 -0.791 6.279 4.594 15.707 28.169 32.549 36.244 35.423 32.368 32.205 30.628 21.078 14.422 15.885 17.447 18.487 28.973 32.779 28.819 29.929 33.319 31.764 31.763 35.845 36.828 30.306 27.067 33.611 38.538 40.505 45.017 42.574 44.848 43.203 40.091 44.49 45.83 45.283 43.398 42.457 37.466 34.429 27.585 4.516 6.847 8.058 9.565 8.324 5.875 7.351 3.971 1.297 11.223 19.344 24.96 
0.5 -0.866 4.594 15.707 28.169 32.549 36.244 35.423 32.368 32.205 30.628 21.078 14.422 15.885 17.447 18.487 28.973 32.779 28.819 29.929 33.319 31.764 31.763 35.845 36.828 30.306 27.067 33.611 38.538 40.505 45.017 42.574 44.848 43.203 40.091 44.49 45.83 45.283 43.398 42.457 37.466 34.429 27.585 4.516 6.847 8.058 9.565 8.324 5.875 7.351 3.971 1.297 11.223 19.344 24.96 18.435 
0.387 -0.922 15.707 28.169 32.549 36.244 35.423 32.368 32.205 30.628 21.078 14.422 15.885 17.447 18.487 28.973 32.779 28.819 29.929 33.319 31.764 31.763 35.845 36.828 30.306 27.067 33.611 38.538 40.505 45.017 42.574 44.848 43.203 40.091 44.49 45.83 45.283 43.398 42.457 37.466 34.429 27.585 4.516 6.847 8.058 9.565 8.324 5.875 7.351 3.971 1.297 11.223 19.344 24.96 18.435 9.676 
0.259 -0.966 28.169 32.549 36.244 35.423 32.368 32.205 30.628 21.078 14.422 15.885 17.447 18.487 28.973 32.779 28.819 29.929 33.319 31.764 31.763 35.845 36.828 30.306 27.067 33.611 38.538 40.505 45.017 42.574 44.848 43.203 40.091 44.49 45.83 45.283 43.398 42.457 37.466 34.429 27.585 4.516 6.847 8.058 9.565 8.324 5.875 7.351 3.971 1.297 11.223 19.344 24.96 18.435 9.676 13.78 
0.135 -0.991 32.549 36.244 35.423 32.368 32.205 30.628 21.078 14.422 15.885 17.447 18.487 28.973 32.779 28.819 29.929 33.319 31.764 31.763 35.845 36.828 30.306 27.067 33.611 38.538 40.505 45.017 42.574 44.848 43.203 40.091 44.49 45.83 45.283 43.398 42.457 37.466 34.429 27.585 4.516 6.847 8.058 9.565 8.324 5.875 7.351 3.971 1.297 11.223 19.344 24.96 18.435 9.676 13.78 23.627 
0 -1 36.244 35.423 32.368 32.205 30.628 21.078 14.422 15.885 17.447 18.487 28.973 32.779 28.819 29.929 33.319 31.764 31.763 35.845 36.828 30.306 27.067 33.611 38.538 40.505 45.017 42.574 44.848 43.203 40.091 44.49 45.83 45.283 43.398 42.457 37.466 34.429 27.585 4.516 6.847 8.058 9.565 8.324 5.875 7.351 3.971 1.297 11.223 19.344 24.96 18.435 9.676 13.78 23.627 26.932 
-0.126 -0.992 35.423 32.368 32.205 30.628 21.078 14.422 15.885 17.447 18.487 28.973 32.779 28.819 29.929 33.319 31.764 31.763 35.845 36.828 30.306 27.067 33.611 38.538 40.505 45.017 42.574 44.848 43.203 40.091 44.49 45.83 45.283 43.398 42.457 37.466 34.429 27.585 4.516 6.847 8.058 9.565 8.324 5.875 7.351 3.971 1.297 11.223 19.344 24.96 18.435 9.676 13.78 23.627 26.932 14.526 
-0.259 -0.966 32.368 32.205 30.628 21.078 14.422 15.885 17.447 18.487 28.973 32.779 28.819 29.929 33.319 31.764 31.763 35.845 36.828 30.306 27.067 33.611 38.538 40.505 45.017 42.574 44.848 43.203 40.091 44.49 45.83 45.283 43.398 42.457 37.466 34.429 27.585 4.516 6.847 8.058 9.565 8.324 5.875 7.351 3.971 1.297 11.223 19.344 24.96 18.435 9.676 13.78 23.627 26.932 14.526 14.016 
-0.379 -0.926 32.205 30.628 21.078 14.422 15.885 17.447 18.487 28.973 32.779 28.819 29.929 33.319 31.764 31.763 35.845 36.828 30.306 27.067 33.611 38.538 40.505 45.017 42.574 44.848 43.203 40.091 44.49 45.83 45.283 43.398 42.457 37.466 34.429 27.585 4.516 6.847 8.058 9.565 8.324 5.875 7.351 3.971 1.297 11.223 19.344 24.96 18.435 9.676 13.78 23.627 26.932 14.526 14.016 13.171 
-0.5 -0.866 30.628 21.078 14.422 15.885 17.447 18.487 28.973 32.779 28.819 29.929 33.319 31.764 31.763 35.845 36.828 30.306 27.067 33.611 38.538 40.505 45.017 42.574 44.848 43.203 40.091 44.49 45.83 45.283 43.398 42.457 37.466 34.429 27.585 4.516 6.847 8.058 9.565 8.324 5.875 7.351 3.971 1.297 11.223 19.344 24.96 18.435 9.676 13.78 23.627 26.932 14.526 14.016 13.171 10.762 
-0.605 -0.796 21.078 14.422 15.885 17.447 18.487 28.973 32.779 28.819 29.929 33.319 31.764 31.763 35.845 36.828 30.306 27.067 33.611 38.538 40.505 45.017 42.574 44.848 43.203 40.091 44.49 45.83 45.283 43.398 42.457 37.466 34.429 27.585 4.516 6.847 8.058 9.565 8.324 5.875 7.351 3.971 1.297 11.223 19.344 24.96 18.435 9.676 13.78 23.627 26.932 14.526 14.016 13.171 10.762 8.901 
-0.707 -0.707 14.422 15.885 17.447 18.487 28.973 32.779 28.819 29.929 33.319 31.764 31.763 35.845 36.828 30.306 27.067 33.611 38.538 40.505 45.017 42.574 44.848 43.203 40.091 44.49 45.83 45.283 43.398 42.457 37.466 34.429 27.585 4.516 6.847 8.058 9.565 8.324 5.875 7.351 3.971 1.297 11.223 19.344 24.96 18.435 9.676 13.78 23.627 26.932 14.526 14.016 13.171 10.762 8.901 4.228 
-0.791 -0.612 15.885 17.447 18.487 28.973 32.779 28.819 29.929 33.319 31.764 31.763 35.845 36.828 30.306 27.067 33.611 38.538 40.505 45.017 42.574 44.848 43.203 40.091 44.49 45.83 45.283 43.398 42.457 37.466 34.429 27.585 4.516 6.847 8.058 9.565 8.324 5.875 7.351 3.971 1.297 11.223 19.344 24.96 18.435 9.676 13.78 23.627 26.932 14.526 14.016 13.171 10.762 8.901 4.228 6.368 
-0.866 -0.5 17.447 18.487 28.973 32.779 28.819 29.929 33.319 31.764 31.763 35.845 36.828 30.306 27.067 33.611 38.538 40.505 45.017 42.574 44.848 43.203 40.091 44.49 45.83 45.283 43.398 42.457 37.466 34.429 27.585 4.516 6.847 8.058 9.565 8.324 5.875 7.351 3.971 1.297 11.223 19.344 24.96 18.435 9.676 13.78 23.627 26.932 14.526 14.016 13.171 10.762 8.901 4.228 6.368 7.261 
-0.922 -0.387 18.487 28.973 32.779 28.819 29.929 33.319 31.764 31.763 35.845 36.828 30.306 27.067 33.611 38.538 40.505 45.017 42.574 44.848 43.203 40.091 44.49 45.83 45.283 43.398 42.457 37.466 34.429 27.585 4.516 6.847 8.058 9.565 8.324 5.875 7.351 3.971 1.297 11.223 19.344 24.96 18.435 9.676 13.78 23.627 26.932 14.526 14.016 13.171 10.762 8.901 4.228 6.368 7.261 8.218 
-0.966 -0.259 28.973 32.779 28.819 29.929 33.319 31.764 31.763 35.845 36.828 30.306 27.067 33.611 38.538 40.505 45.017 42.574 44.848 43.203 40.091 44.49 45.83 45.283 43.398 42.457 37.466 34.429 27.585 4.516 6.847 8.058 9.565 8.324 5.875 7.351 3.971 1.297 11.223 19.344 24.96 18.435 9.676 13.78 23.627 26.932 14.526 14.016 13.171 10.762 8.901 4.228 6.368 7.261 8.218 10.071 
-0.991 -0.135 32.779 28.819 29.929 33.319 31.764 31.763 35.845 36.828 30.306 27.067 33.611 38.538 40.505 45.017 42.574 44.848 43.203 40.091 44.49 45.83 45.283 43.398 42.457 37.466 34.429 27.585 4.516 6.847 8.058 9.565 8.324 5.875 7.351 3.971 1.297 11.223 19.344 24.96 18.435 9.676 13.78 23.627 26.932 14.526 14.016 13.171 10.762 8.901 4.228 6.368 7.261 8.218 10.071 12.159 
-1 0 28.819 29.929 33.319 31.764 31.763 35.845 36.828 30.306 27.067 33.611 38.538 40.505 45.017 42.574 44.848 43.203 40.091 44.49 45.83 45.283 43.398 42.457 37.466 34.429 27.585 4.516 6.847 8.058 9.565 8.324 5.875 7.351 3.971 1.297 11.223 19.344 24.96 18.435 9.676 13.78 23.627 26.932 14.526 14.016 13.171 10.762 8.901 4.228 6.368 7.261 8.218 10.071 12.159 17.36 
-0.992 0.126 29.929 33.319 31.764 31.763 35.845 36.828 30.306 27.067 33.611 38.538 40.505 45.017 42.574 44.848 43.203 40.091 44.49 45.83 45.283 43.398 42.457 37.466 34.429 27.585 4.516 6.847 8.058 9.565 8.324 5.875 7.351 3.971 1.297 11.223 19.344 24.96 18.435 9.676 13.78 23.627 26.932 14.526 14.016 13.171 10.762 8.901 4.228 6.368 7.261 8.218 10.071 12.159 17.36 12.549 
-0.966 0.259 33.319 31.764 31.763 35.845 36.828 30.306 27.067 33.611 38.538 40.505 45.017 42.574 44.848 43.203 40.091 44.49 45.83 45.283 43.398 42.457 37.466 34.429 27.585 4.516 6.847 8.058 9.565 8.324 5.875 7.351 3.971 1.297 11.223 19.344 24.96 18.435 9.676 13.78 23.627 26.932 14.526 14.016 13.171 10.762 8.901 4.228 6.368 7.261 8.218 10.071 12.159 17.36 12.549 9.806 
-0.926 0.379 31.764 31.763 35.845 36.828 30.306 27.067 33.611 38.538 40.505 45.017 42.574 44.848 43.203 40.091 44.49 45.83 45.283 43.398 42.457 37.466 34.429 27.585 4.516 6.847 8.058 9.565 8.324 5.875 7.351 3.971 1.297 11.223 19.344 24.96 18.435 9.676 13.78 23.627 26.932 14.526 14.016 13.171 10.762 8.901 4.228 6.368 7.261 8.218 10.071 12.159 17.36 12.549 9.806 10.667 
-0.866 0.5 31.763 35.845 36.828 30.306 27.067 33.611 38.538 40.505 45.017 42.574 44.848 43.203 40.091 44.49 45.83 45.283 43.398 42.457 37.466 34.429 27.585 4.516 6.847 8.058 9.565 8.324 5.875 7.351 3.971 1.297 11.223 19.344 24.96 18.435 9.676 13.78 23.627 26.932 14.526 14.016 13.171 10.762 8.901 4.228 6.368 7.261 8.218 10.071 12.159 17.36 12.549 9.806 10.667 10.552 
-0.796 0.605 35.845 36.828 30.306 27.067 33.611 38.538 40.505 45.017 42.574 44.848 43.203 40.091 44.49 45.83 45.283 43.398 42.457 37.466 34.429 27.585 4.516 6.847 8.058 9.565 8.324 5.875 7.351 3.971 1.297 11.223 19.344 24.96 18.435 9.676 13.78 23.627 26.932 14.526 14.016 13.171 10.762 8.901 4.228 6.368 7.261 8.218 10.071 12.159 17.36 12.549 9.806 10.667 10.552 25.754 
-0.707 0.707 36.828 30.306 27.067 33.611 38.538 40.505 45.017 42.574 44.848 43.203 40.091 44.49 45.83 45.283 43.398 42.457 37.466 34.429 27.585 4.516 6.847 8.058 9.565 8.324 5.875 7.351 3.971 1.297 11.223 19.344 24.96 18.435 9.676 13.78 23.627 26.932 14.526 14.016 13.171 10.762 8.901 4.228 6.368 7.261 8.218 10.071 12.159 17.36 12.549 9.806 10.667 10.552 25.754 30.89 
-0.612 0.791 30.306 27.067 33.611 38.538 40.505 45.017 42.574 44.848 43.203 40.091 44.49 45.83 45.283 43.398 42.457 37.466 34.429 27.585 4.516 6.847 8.058 9.565 8.324 5.875 7.351 3.971 1.297 11.223 19.344 24.96 18.435 9.676 13.78 23.627 26.932 14.526 14.016 13.171 10.762 8.901 4.228 6.368 7.261 8.218 10.071 12.159 17.36 12.549 9.806 10.667 10.552 25.754 30.89 25.515 
-0.5 0.866 27.067 33.611 38.538 40.505 45.017 42.574 44.848 43.203 40.091 44.49 45.83 45.283 43.398 42.457 37.466 34.429 27.585 4.516 6.847 8.058 9.565 8.324 5.875 7.351 3.971 1.297 11.223 19.344 24.96 18.435 9.676 13.78 23.627 26.932 14.526 14.016 13.171 10.762 8.901 4.228 6.368 7.261 8.218 10.071 12.159 17.36 12.549 9.806 10.667 10.552 25.754 30.89 25.515 21.318 
-0.387 0.922 33.611 38.538 40.505 45.017 42.574 44.848 43.203 40.091 44.49 45.83 45.283 43.398 42.457 37.466 34.429 27.585 4.516 6.847 8.058 9.565 8.324 5.875 7.351 3.971 1.297 11.223 19.344 24.96 18.435 9.676 13.78 23.627 26.932 14.526 14.016 13.171 10.762 8.901 4.228 6.368 7.261 8.218 10.071 12.159 17.36 12.549 9.806 10.667 10.552 25.754 30.89 25.515 21.318 42.292 
-0.259 0.966 38.538 40.505 45.017 42.574 44.848 43.203 40.091 44.49 45.83 45.283 43.398 42.457 37.466 34.429 27.585 4.516 6.847 8.058 9.565 8.324 5.875 7.351 3.971 1.297 11.223 19.344 24.96 18.435 9.676 13.78 23.627 26.932 14.526 14.016 13.171 10.762 8.901 4.228 6.368 7.261 8.218 10.071 12.159 17.36 12.549 9.806 10.667 10.552 25.754 30.89 25.515 21.318 42.292 46.508 
-0.135 0.991 40.505 45.017 42.574 44.848 43.203 40.091 44.49 45.83 45.283 43.398 42.457 37.466 34.429 27.585 4.516 6.847 8.058 9.565 8.324 5.875 7.351 3.971 1.297 11.223 19.344 24.96 18.435 9.676 13.78 23.627 26.932 14.526 14.016 13.171 10.762 8.901 4.228 6.368 7.261 8.218 10.071 12.159 17.36 12.549 9.806 10.667 10.552 25.754 30.89 25.515 21.318 42.292 46.508 33.291 
0 1 45.017 42.574 44.848 43.203 40.091 44.49 45.83 45.283 43.398 42.457 37.466 34.429 27.585 4.516 6.847 8.058 9.565 8.324 5.875 7.351 3.971 1.297 11.223 19.344 24.96 18.435 9.676 13.78 23.627 26.932 14.526 14.016 13.171 10.762 8.901 4.228 6.368 7.261 8.218 10.071 12.159 17.36 12.549 9.806 10.667 10.552 25.754 30.89 25.515 21.318 42.292 46.508 33.291 29.463 
0.126 0.992 42.574 44.848 43.203 40.091 44.49 45.83 45.283 43.398 42.457 37.466 34.429 27.585 4.516 6.847 8.058 9.565 8.324 5.875 7.351 3.971 1.297 11.223 19.344 24.96 18.435 9.676 13.78 23.627 26.932 14.526 14.016 13.171 10.762 8.901 4.228 6.368 7.261 8.218 10.071 12.159 17.36 12.549 9.806 10.667 10.552 25.754 30.89 25.515 21.318 42.292 46.508 33.291 29.463 32.883 
0.259 0.966 44.848 43.203 40.091 44.49 45.83 45.283 43.398 42.457 37.466 34.429 27.585 4.516 6.847 8.058 9.565 8.324 5.875 7.351 3.971 1.297 11.223 19.344 24.96 18.435 9.676 13.78 23.627 26.932 14.526 14.016 13.171 10.762 8.901 4.228 6.368 7.261 8.218 10.071 12.159 17.36 12.549 9.806 10.667 10.552 25.754 30.89 25.515 21.318 42.292 46.508 33.291 29.463 32.883 34.538 
0.379 0.926 43.203 40.091 44.49 45.83 45.283 43.398 42.457 37.466 34.429 27.585 4.516 6.847 8.058 9.565 8.324 5.875 7.351 3.971 1.297 11.223 19.344 24.96 18.435 9.676 13.78 23.627 26.932 14.526 14.016 13.171 10.762 8.901 4.228 6.368 7.261 8.218 10.071 12.159 17.36 12.549 9.806 10.667 10.552 25.754 30.89 25.515 21.318 42.292 46.508 33.291 29.463 32.883 34.538 24.799 
0.5 0.866 40.091 44.49 45.83 45.283 43.398 42.457 37.466 34.429 27.585 4.516 6.847 8.058 9.565 8.324 5.875 7.351 3.971 1.297 11.223 19.344 24.96 18.435 9.676 13.78 23.627 26.932 14.526 14.016 13.171 10.762 8.901 4.228 6.368 7.261 8.218 10.071 12.159 17.36 12.549 9.806 10.667 10.552 25.754 30.89 25.515 21.318 42.292 46.508 33.291 29.463 32.883 34.538 24.799 20.696 
0.605 0.796 44.49 45.83 45.283 43.398 42.457 37.466 34.429 27.585 4.516 6.847 8.058 9.565 8.324 5.875 7.351 3.971 1.297 11.223 19.344 24.96 18.435 9.676 13.78 23.627 26.932 14.526 14.016 13.171 10.762 8.901 4.228 6.368 7.261 8.218 10.071 12.159 17.36 12.549 9.806 10.667 10.552 25.754 30.89 25.515 21.318 42.292 46.508 33.291 29.463 32.883 34.538 24.799 20.696 18.593 
0.707 0.707 45.83 45.283 43.398 42.457 37.466 34.429 27.585 4.516 6.847 8.058 9.565 8.324 5.875 7.351 3.971 1.297 11.223 19.344 24.96 18.435 9.676 13.78 23.627 26.932 14.526 14.016 13.171 10.762 8.901 4.228 6.368 7.261 8.218 10.071 12.159 17.36 12.549 9.806 10.667 10.552 25.754 30.89 25.515 21.318 42.292 46.508 33.291 29.463 32.883 34.538 24.799 20.696 18.593 11 
-0.992 0.126 18.02 3.003 8.307 5.830 3.715 9.798 7.130 7.574 8.989 9.034 10.755 14.499 22.342 30.962 37.262 40.789 47.721 44.98 39.297 41.7 39.995 37.754 34.575 26.694 30.979 32.123 21.303 15.843 14.156 13.681 10.933 7.644 6.554 17.044 32.629 29.426 22.005 32.895 33.781 37.481 28.576 30.214 30.818 28.718 22.548 20.833 25.144 23.216 21.547 13.882 12.42 11.453 12.63 10.496 
-0.966 0.259 3.003 8.307 5.830 3.715 9.798 7.130 7.574 8.989 9.034 10.755 14.499 22.342 30.962 37.262 40.789 47.721 44.98 39.297 41.7 39.995 37.754 34.575 26.694 30.979 32.123 21.303 15.843 14.156 13.681 10.933 7.644 6.554 17.044 32.629 29.426 22.005 32.895 33.781 37.481 28.576 30.214 30.818 28.718 22.548 20.833 25.144 23.216 21.547 13.882 12.42 11.453 12.63 10.496 10.57 
-0.926 0.379 8.307 5.830 3.715 9.798 7.130 7.574 8.989 9.034 10.755 14.499 22.342 30.962 37.262 40.789 47.721 44.98 39.297 41.7 39.995 37.754 34.575 26.694 30.979 32.123 21.303 15.843 14.156 13.681 10.933 7.644 6.554 17.044 32.629 29.426 22.005 32.895 33.781 37.481 28.576 30.214 30.818 28.718 22.548 20.833 25.144 23.216 21.547 13.882 12.42 11.453 12.63 10.496 10.57 13.303 
-0.866 0.5 5.830 3.715 9.798 7.130 7.574 8.989 9.034 10.755 14.499 22.342 30.962 37.262 40.789 47.721 44.98 39.297 41.7 39.995 37.754 34.575 26.694 30.979 32.123 21.303 15.843 14.156 13.681 10.933 7.644 6.554 17.044 32.629 29.426 22.005 32.895 33.781 37.481 28.576 30.214 30.818 28.718 22.548 20.833 25.144 23.216 21.547 13.882 12.42 11.453 12.63 10.496 10.57 13.303 15.562 
-0.796 0.605 3.715 9.798 7.130 7.574 8.989 9.034 10.755 14.499 22.342 30.962 37.262 40.789 47.721 44.98 39.297 41.7 39.995 37.754 34.575 26.694 30.979 32.123 21.303 15.843 14.156 13.681 10.933 7.644 6.554 17.044 32.629 29.426 22.005 32.895 33.781 37.481 28.576 30.214 30.818 28.718 22.548 20.833 25.144 23.216 21.547 13.882 12.42 11.453 12.63 10.496 10.57 13.303 15.562 29.153 
-0.707 0.707 9.798 7.130 7.574 8.989 9.034 10.755 14.499 22.342 30.962 37.262 40.789 47.721 44.98 39.297 41.7 39.995 37.754 34.575 26.694 30.979 32.123 21.303 15.843 14.156 13.681 10.933 7.644 6.554 17.044 32.629 29.426 22.005 32.895 33.781 37.481 28.576 30.214 30.818 28.718 22.548 20.833 25.144 23.216 21.547 13.882 12.42 11.453 12.63 10.496 10.57 13.303 15.562 29.153 37.754 
-0.612 0.791 7.130 7.574 8.989 9.034 10.755 14.499 22.342 30.962 37.262 40.789 47.721 44.98 39.297 41.7 39.995 37.754 34.575 26.694 30.979 32.123 21.303 15.843 14.156 13.681 10.933 7.644 6.554 17.044 32.629 29.426 22.005 32.895 33.781 37.481 28.576 30.214 30.818 28.718 22.548 20.833 25.144 23.216 21.547 13.882 12.42 11.453 12.63 10.496 10.57 13.303 15.562 29.153 37.754 44.498 
-0.5 0.866 7.574 8.989 9.034 10.755 14.499 22.342 30.962 37.262 40.789 47.721 44.98 39.297 41.7 39.995 37.754 34.575 26.694 30.979 32.123 21.303 15.843 14.156 13.681 10.933 7.644 6.554 17.044 32.629 29.426 22.005 32.895 33.781 37.481 28.576 30.214 30.818 28.718 22.548 20.833 25.144 23.216 21.547 13.882 12.42 11.453 12.63 10.496 10.57 13.303 15.562 29.153 37.754 44.498 49.075 
-0.387 0.922 8.989 9.034 10.755 14.499 22.342 30.962 37.262 40.789 47.721 44.98 39.297 41.7 39.995 37.754 34.575 26.694 30.979 32.123 21.303 15.843 14.156 13.681 10.933 7.644 6.554 17.044 32.629 29.426 22.005 32.895 33.781 37.481 28.576 30.214 30.818 28.718 22.548 20.833 25.144 23.216 21.547 13.882 12.42 11.453 12.63 10.496 10.57 13.303 15.562 29.153 37.754 44.498 49.075 47.824 
-0.259 0.966 9.034 10.755 14.499 22.342 30.962 37.262 40.789 47.721 44.98 39.297 41.7 39.995 37.754 34.575 26.694 30.979 32.123 21.303 15.843 14.156 13.681 10.933 7.644 6.554 17.044 32.629 29.426 22.005 32.895 33.781 37.481 28.576 30.214 30.818 28.718 22.548 20.833 25.144 23.216 21.547 13.882 12.42 11.453 12.63 10.496 10.57 13.303 15.562 29.153 37.754 44.498 49.075 47.824 44.874 
-0.135 0.991 10.755 14.499 22.342 30.962 37.262 40.789 47.721 44.98 39.297 41.7 39.995 37.754 34.575 26.694 30.979 32.123 21.303 15.843 14.156 13.681 10.933 7.644 6.554 17.044 32.629 29.426 22.005 32.895 33.781 37.481 28.576 30.214 30.818 28.718 22.548 20.833 25.144 23.216 21.547 13.882 12.42 11.453 12.63 10.496 10.57 13.303 15.562 29.153 37.754 44.498 49.075 47.824 44.874 48.634 
0 1 14.499 22.342 30.962 37.262 40.789 47.721 44.98 39.297 41.7 39.995 37.754 34.575 26.694 30.979 32.123 21.303 15.843 14.156 13.681 10.933 7.644 6.554 17.044 32.629 29.426 22.005 32.895 33.781 37.481 28.576 30.214 30.818 28.718 22.548 20.833 25.144 23.216 21.547 13.882 12.42 11.453 12.63 10.496 10.57 13.303 15.562 29.153 37.754 44.498 49.075 47.824 44.874 48.634 48.479 
0.126 0.992 22.342 30.962 37.262 40.789 47.721 44.98 39.297 41.7 39.995 37.754 34.575 26.694 30.979 32.123 21.303 15.843 14.156 13.681 10.933 7.644 6.554 17.044 32.629 29.426 22.005 32.895 33.781 37.481 28.576 30.214 30.818 28.718 22.548 20.833 25.144 23.216 21.547 13.882 12.42 11.453 12.63 10.496 10.57 13.303 15.562 29.153 37.754 44.498 49.075 47.824 44.874 48.634 48.479 48.266 
0.259 0.966 30.962 37.262 40.789 47.721 44.98 39.297 41.7 39.995 37.754 34.575 26.694 30.979 32.123 21.303 15.843 14.156 13.681 10.933 7.644 6.554 17.044 32.629 29.426 22.005 32.895 33.781 37.481 28.576 30.214 30.818 28.718 22.548 20.833 25.144 23.216 21.547 13.882 12.42 11.453 12.63 10.496 10.57 13.303 15.562 29.153 37.754 44.498 49.075 47.824 44.874 48.634 48.479 48.266 45.319 
0.379 0.926 37.262 40.789 47.721 44.98 39.297 41.7 39.995 37.754 34.575 26.694 30.979 32.123 21.303 15.843 14.156 13.681 10.933 7.644 6.554 17.044 32.629 29.426 22.005 32.895 33.781 37.481 28.576 30.214 30.818 28.718 22.548 20.833 25.144 23.216 21.547 13.882 12.42 11.453 12.63 10.496 10.57 13.303 15.562 29.153 37.754 44.498 49.075 47.824 44.874 48.634 48.479 48.266 45.319 42.549 
0.5 0.866 40.789 47.721 44.98 39.297 41.7 39.995 37.754 34.575 26.694 30.979 32.123 21.303 15.843 14.156 13.681 10.933 7.644 6.554 17.044 32.629 29.426 22.005 32.895 33.781 37.481 28.576 30.214 30.818 28.718 22.548 20.833 25.144 23.216 21.547 13.882 12.42 11.453 12.63 10.496 10.57 13.303 15.562 29.153 37.754 44.498 49.075 47.824 44.874 48.634 48.479 48.266 45.319 42.549 45.088 
0.605 0.796 47.721 44.98 39.297 41.7 39.995 37.754 34.575 26.694 30.979 32.123 21.303 15.843 14.156 13.681 10.933 7.644 6.554 17.044 32.629 29.426 22.005 32.895 33.781 37.481 28.576 30.214 30.818 28.718 22.548 20.833 25.144 23.216 21.547 13.882 12.42 11.453 12.63 10.496 10.57 13.303 15.562 29.153 37.754 44.498 49.075 47.824 44.874 48.634 48.479 48.266 45.319 42.549 45.088 44.007 
0.707 0.707 44.98 39.297 41.7 39.995 37.754 34.575 26.694 30.979 32.123 21.303 15.843 14.156 13.681 10.933 7.644 6.554 17.044 32.629 29.426 22.005 32.895 33.781 37.481 28.576 30.214 30.818 28.718 22.548 20.833 25.144 23.216 21.547 13.882 12.42 11.453 12.63 10.496 10.57 13.303 15.562 29.153 37.754 44.498 49.075 47.824 44.874 48.634 48.479 48.266 45.319 42.549 45.088 44.007 44.143 
0.791 0.612 39.297 41.7 39.995 37.754 34.575 26.694 30.979 32.123 21.303 15.843 14.156 13.681 10.933 7.644 6.554 17.044 32.629 29.426 22.005 32.895 33.781 37.481 28.576 30.214 30.818 28.718 22.548 20.833 25.144 23.216 21.547 13.882 12.42 11.453 12.63 10.496 10.57 13.303 15.562 29.153 37.754 44.498 49.075 47.824 44.874 48.634 48.479 48.266 45.319 42.549 45.088 44.007 44.143 44.191 
0.866 0.5 41.7 39.995 37.754 34.575 26.694 30.979 32.123 21.303 15.843 14.156 13.681 10.933 7.644 6.554 17.044 32.629 29.426 22.005 32.895 33.781 37.481 28.576 30.214 30.818 28.718 22.548 20.833 25.144 23.216 21.547 13.882 12.42 11.453 12.63 10.496 10.57 13.303 15.562 29.153 37.754 44.498 49.075 47.824 44.874 48.634 48.479 48.266 45.319 42.549 45.088 44.007 44.143 44.191 42.334 
0.922 0.387 39.995 37.754 34.575 26.694 30.979 32.123 21.303 15.843 14.156 13.681 10.933 7.644 6.554 17.044 32.629 29.426 22.005 32.895 33.781 37.481 28.576 30.214 30.818 28.718 22.548 20.833 25.144 23.216 21.547 13.882 12.42 11.453 12.63 10.496 10.57 13.303 15.562 29.153 37.754 44.498 49.075 47.824 44.874 48.634 48.479 48.266 45.319 42.549 45.088 44.007 44.143 44.191 42.334 29.363 
0.966 0.259 37.754 34.575 26.694 30.979 32.123 21.303 15.843 14.156 13.681 10.933 7.644 6.554 17.044 32.629 29.426 22.005 32.895 33.781 37.481 28.576 30.214 30.818 28.718 22.548 20.833 25.144 23.216 21.547 13.882 12.42 11.453 12.63 10.496 10.57 13.303 15.562 29.153 37.754 44.498 49.075 47.824 44.874 48.634 48.479 48.266 45.319 42.549 45.088 44.007 44.143 44.191 42.334 29.363 14.959 
0.991 0.135 34.575 26.694 30.979 32.123 21.303 15.843 14.156 13.681 10.933 7.644 6.554 17.044 32.629 29.426 22.005 32.895 33.781 37.481 28.576 30.214 30.818 28.718 22.548 20.833 25.144 23.216 21.547 13.882 12.42 11.453 12.63 10.496 10.57 13.303 15.562 29.153 37.754 44.498 49.075 47.824 44.874 48.634 48.479 48.266 45.319 42.549 45.088 44.007 44.143 44.191 42.334 29.363 14.959 12.102 
1 0 26.694 30.979 32.123 21.303 15.843 14.156 13.681 10.933 7.644 6.554 17.044 32.629 29.426 22.005 32.895 33.781 37.481 28.576 30.214 30.818 28.718 22.548 20.833 25.144 23.216 21.547 13.882 12.42 11.453 12.63 10.496 10.57 13.303 15.562 29.153 37.754 44.498 49.075 47.824 44.874 48.634 48.479 48.266 45.319 42.549 45.088 44.007 44.143 44.191 42.334 29.363 14.959 12.102 15.693 
