-0.126 -0.992 10.334 17.676 18.397 9.681 16.024 15.401 1.461 2.865 7.029 4.586 1.115 2.572 2.46 6.352 15.35 20.838 22.376 22.038 14.685 4.557 2.154 1.893 0.922 1.769 3.019 4.277 7.792 12.74 18.454 18.157 20.191 19.98 22.599 22.127 20.584 19.619 19.296 9.416 22.198 26.681 28.448 19.996 18.492 12.975 12.088 6.937 2.723 5.068 8.648 7.148 9.175 15.297 11.787 11.917 
-0.259 -0.966 17.676 18.397 9.681 16.024 15.401 15.958 2.865 7.029 4.586 1.115 2.572 2.46 6.352 15.35 20.838 22.376 22.038 14.685 4.557 2.154 1.893 0.922 1.769 3.019 4.277 7.792 12.74 18.454 18.157 20.191 19.98 22.599 22.127 20.584 19.619 19.296 9.416 22.198 26.681 28.448 19.996 18.492 12.975 12.088 6.937 2.723 5.068 8.648 7.148 9.175 15.297 11.787 11.917 11.573 
-0.379 -0.926 18.397 9.681 16.024 15.401 15.958 12.44 7.029 4.586 1.115 2.572 2.46 6.352 15.35 20.838 22.376 22.038 14.685 4.557 2.154 1.893 0.922 1.769 3.019 4.277 7.792 12.74 18.454 18.157 20.191 19.98 22.599 22.127 20.584 19.619 19.296 9.416 22.198 26.681 28.448 19.996 18.492 12.975 12.088 6.937 2.723 5.068 8.648 7.148 9.175 15.297 11.787 11.917 11.573 10.358 
-0.707 0.707 11.369 10.273 12.736 11.674 9.186 8.965 17.589 16.847 15.979 14.947 15.584 16.066 18.577 18.624 22.672 24.47 21.061 25.41 26.09 21.368 34.851 38.409 27 19.362 13.395 6.279 4.594 15.707 28.169 32.549 36.244 35.423 32.368 32.205 30.628 21.078 14.422 15.885 17.447 18.487 28.973 32.779 28.819 29.929 33.319 31.764 31.763 35.845 36.828 30.306 27.067 33.611 38.538 40.505 
-0.612 0.791 10.273 12.736 11.674 9.186 8.965 11.366 16.847 15.979 14.947 15.584 16.066 18.577 18.624 22.672 24.47 21.061 25.41 26.09 21.368 34.851 38.409 27 19.362 13.395 6.279 4.594 15.707 28.169 32.549 36.244 35.423 32.368 32.205 30.628 21.078 14.422 15.885 17.447 18.487 28.973 32.779 28.819 29.929 33.319 31.764 31.763 35.845 36.828 30.306 27.067 33.611 38.538 40.505 45.017 
-0.5 0.866 12.736 11.674 9.186 8.965 11.366 15.092 15.979 14.947 15.584 16.066 18.577 18.624 22.672 24.47 21.061 25.41 26.09 21.368 34.851 38.409 27 19.362 13.395 6.279 4.594 15.707 28.169 32.549 36.244 35.423 32.368 32.205 30.628 21.078 14.422 15.885 17.447 18.487 28.973 32.779 28.819 29.929 33.319 31.764 31.763 35.845 36.828 30.306 27.067 33.611 38.538 40.505 45.017 42.574 
-0.387 0.922 11.674 9.186 8.965 11.366 15.092 15.83 14.947 15.584 16.066 18.577 18.624 22.672 24.47 21.061 25.41 26.09 21.368 34.851 38.409 27 19.362 13.395 6.279 4.594 15.707 28.169 32.549 36.244 35.423 32.368 32.205 30.628 21.078 14.422 15.885 17.447 18.487 28.973 32.779 28.819 29.929 33.319 31.764 31.763 35.845 36.828 30.306 27.067 33.611 38.538 40.505 45.017 42.574 44.848 
-0.259 0.966 9.186 8.965 11.366 15.092 15.83 24.492 15.584 16.066 18.577 18.624 22.672 24.47 21.061 25.41 26.09 21.368 34.851 38.409 27 19.362 13.395 6.279 4.594 15.707 28.169 32.549 36.244 35.423 32.368 32.205 30.628 21.078 14.422 15.885 17.447 18.487 28.973 32.779 28.819 29.929 33.319 31.764 31.763 35.845 36.828 30.306 27.067 33.611 38.538 40.505 45.017 42.574 44.848 43.203 
-0.135 0.991 8.965 11.366 15.092 15.83 24.492 39.704 16.066 18.577 18.624 22.672 24.47 21.061 25.41 26.09 21.368 34.851 38.409 27 19.362 13.395 6.279 4.594 15.707 28.169 32.549 36.244 35.423 32.368 32.205 30.628 21.078 14.422 15.885 17.447 18.487 28.973 32.779 28.819 29.929 33.319 31.764 31.763 35.845 36.828 30.306 27.067 33.611 38.538 40.505 45.017 42.574 44.848 43.203 40.091 
0 1 11.366 15.092 15.83 24.492 39.704 39.205 18.577 18.624 22.672 24.47 21.061 25.41 26.09 21.368 34.851 38.409 27 19.362 13.395 6.279 4.594 15.707 28.169 32.549 36.244 35.423 32.368 32.205 30.628 21.078 14.422 15.885 17.447 18.487 28.973 32.779 28.819 29.929 33.319 31.764 31.763 35.845 36.828 30.306 27.067 33.611 38.538 40.505 45.017 42.574 44.848 43.203 40.091 44.49 
0.126 0.992 15.092 15.83 24.492 39.704 39.205 34.663 18.624 22.672 24.47 21.061 25.41 26.09 21.368 34.851 38.409 27 19.362 13.395 6.279 4.594 15.707 28.169 32.549 36.244 35.423 32.368 32.205 30.628 21.078 14.422 15.885 17.447 18.487 28.973 32.779 28.819 29.929 33.319 31.764 31.763 35.845 36.828 30.306 27.067 33.611 38.538 40.505 45.017 42.574 44.848 43.203 40.091 44.49 45.83 
0.259 0.966 15.83 24.492 39.704 39.205 34.663 26.787 22.672 24.47 21.061 25.41 26.09 21.368 34.851 38.409 27 19.362 13.395 6.279 4.594 15.707 28.169 32.549 36.244 35.423 32.368 32.205 30.628 21.078 14.422 15.885 17.447 18.487 28.973 32.779 28.819 29.929 33.319 31.764 31.763 35.845 36.828 30.306 27.067 33.611 38.538 40.505 45.017 42.574 44.848 43.203 40.091 44.49 45.83 45.283 
0.379 0.926 24.492 39.704 39.205 34.663 26.787 32.839 24.47 21.061 25.41 26.09 21.368 34.851 38.409 27 19.362 13.395 6.279 4.594 15.707 28.169 32.549 36.244 35.423 32.368 32.205 30.628 21.078 14.422 15.885 17.447 18.487 28.973 32.779 28.819 29.929 33.319 31.764 31.763 35.845 36.828 30.306 27.067 33.611 38.538 40.505 45.017 42.574 44.848 43.203 40.091 44.49 45.83 45.283 43.398 
0.5 0.866 39.704 39.205 34.663 26.787 32.839 34.315 21.061 25.41 26.09 21.368 34.851 38.409 27 19.362 13.395 6.279 4.594 15.707 28.169 32.549 36.244 35.423 32.368 32.205 30.628 21.078 14.422 15.885 17.447 18.487 28.973 32.779 28.819 29.929 33.319 31.764 31.763 35.845 36.828 30.306 27.067 33.611 38.538 40.505 45.017 42.574 44.848 43.203 40.091 44.49 45.83 45.283 43.398 42.457 
0.605 0.796 39.205 34.663 26.787 32.839 34.315 35.391 25.41 26.09 21.368 34.851 38.409 27 19.362 13.395 6.279 4.594 15.707 28.169 32.549 36.244 35.423 32.368 32.205 30.628 21.078 14.422 15.885 17.447 18.487 28.973 32.779 28.819 29.929 33.319 31.764 31.763 35.845 36.828 30.306 27.067 33.611 38.538 40.505 45.017 42.574 44.848 43.203 40.091 44.49 45.83 45.283 43.398 42.457 37.466 
0.707 0.707 34.663 26.787 32.839 34.315 35.391 15.862 26.09 21.368 34.851 38.409 27 19.362 13.395 6.279 4.594 15.707 28.169 32.549 36.244 35.423 32.368 32.205 30.628 21.078 14.422 15.885 17.447 18.487 28.973 32.779 28.819 29.929 33.319 31.764 31.763 35.845 36.828 30.306 27.067 33.611 38.538 40.505 45.017 42.574 44.848 43.203 40.091 44.49 45.83 45.283 43.398 42.457 37.466 34.429 
0.791 0.612 26.787 32.839 34.315 35.391 15.862 14.344 21.368 34.851 38.409 27 19.362 13.395 6.279 4.594 15.707 28.169 32.549 36.244 35.423 32.368 32.205 30.628 21.078 14.422 15.885 17.447 18.487 28.973 32.779 28.819 29.929 33.319 31.764 31.763 35.845 36.828 30.306 27.067 33.611 38.538 40.505 45.017 42.574 44.848 43.203 40.091 44.49 45.83 45.283 43.398 42.457 37.466 34.429 27.585 
0.866 0.5 32.839 34.315 35.391 15.862 14.344 12.208 34.851 38.409 27 19.362 13.395 6.279 4.594 15.707 28.169 32.549 36.244 35.423 32.368 32.205 30.628 21.078 14.422 15.885 17.447 18.487 28.973 32.779 28.819 29.929 33.319 31.764 31.763 35.845 36.828 30.306 27.067 33.611 38.538 40.505 45.017 42.574 44.848 43.203 40.091 44.49 45.83 45.283 43.398 42.457 37.466 34.429 27.585 4.516 
0.922 0.387 34.315 35.391 15.862 14.344 12.208 6.315 38.409 27 19.362 13.395 6.279 4.594 15.707 28.169 32.549 36.244 35.423 32.368 32.205 30.628 21.078 14.422 15.885 17.447 18.487 28.973 32.779 28.819 29.929 33.319 31.764 31.763 35.845 36.828 30.306 27.067 33.611 38.538 40.505 45.017 42.574 44.848 43.203 40.091 44.49 45.83 45.283 43.398 42.457 37.466 34.429 27.585 4.516 6.847 
0.966 0.259 35.391 15.862 14.344 12.208 6.315 8.042 27 19.362 13.395 6.279 4.594 15.707 28.169 32.549 36.244 35.423 32.368 32.205 30.628 21.078 14.422 15.885 17.447 18.487 28.973 32.779 28.819 29.929 33.319 31.764 31.763 35.845 36.828 30.306 27.067 33.611 38.538 40.505 45.017 42.574 44.848 43.203 40.091 44.49 45.83 45.283 43.398 42.457 37.466 34.429 27.585 4.516 6.847 8.058 
0.991 0.135 15.862 14.344 12.208 6.315 8.042 6.145 19.362 13.395 6.279 4.594 15.707 28.169 32.549 36.244 35.423 32.368 32.205 30.628 21.078 14.422 15.885 17.447 18.487 28.973 32.779 28.819 29.929 33.319 31.764 31.763 35.845 36.828 30.306 27.067 33.611 38.538 40.505 45.017 42.574 44.848 43.203 40.091 44.49 45.83 45.283 43.398 42.457 37.466 34.429 27.585 4.516 6.847 8.058 9.565 
1 0 14.344 12.208 6.315 8.042 6.145 8.488 13.395 6.279 4.594 15.707 28.169 32.549 36.244 35.423 32.368 32.205 30.628 21.078 14.422 15.885 17.447 18.487 28.973 32.779 28.819 29.929 33.319 31.764 31.763 35.845 36.828 30.306 27.067 33.611 38.538 40.505 45.017 42.574 44.848 43.203 40.091 44.49 45.83 45.283 43.398 42.457 37.466 34.429 27.585 4.516 6.847 8.058 9.565 8.324 
0.992 -0.126 12.208 6.315 8.042 6.145 8.488 7.540 6.279 4.594 15.707 28.169 32.549 36.244 35.423 32.368 32.205 30.628 21.078 14.422 15.885 17.447 18.487 28.973 32.779 28.819 29.929 33.319 31.764 31.763 35.845 36.828 30.306 27.067 33.611 38.538 40.505 45.017 42.574 44.848 43.203 40.091 44.49 45.83 45.283 43.398 42.457 37.466 34.429 27.585 4.516 6.847 8.058 9.565 8.324 5.875 
0.966 -0.259 6.315 8.042 6.145 8.488 7.540 5.342 4.594 15.707 28.169 32.549 36.244 35.423 32.368 32.205 30.628 21.078 14.422 15.885 17.447 18.487 28.973 32.779 28.819 29.929 33.319 31.764 31.763 35.845 36.828 30.306 27.067 33.611 38.538 40.505 45.017 42.574 44.848 43.203 40.091 44.49 45.83 45.283 43.398 42.457 37.466 34.429 27.585 4.516 6.847 8.058 9.565 8.324 5.875 7.351 
0.926 -0.379 8.042 6.145 8.488 7.540 5.342 5.454 15.707 28.169 32.549 36.244 35.423 32.368 32.205 30.628 21.078 14.422 15.885 17.447 18.487 28.973 32.779 28.819 29.929 33.319 31.764 31.763 35.845 36.828 30.306 27.067 33.611 38.538 40.505 45.017 42.574 44.848 43.203 40.091 44.49 45.83 45.283 43.398 42.457 37.466 34.429 27.585 4.516 6.847 8.058 9.565 8.324 5.875 7.351 3.971 
0.866 -0.5 6.145 8.488 7.540 5.342 5.454 4.365 28.169 32.549 36.244 35.423 32.368 32.205 30.628 21.078 14.422 15.885 17.447 18.487 28.973 32.779 28.819 29.929 33.319 31.764 31.763 35.845 36.828 30.306 27.067 33.611 38.538 40.505 45.017 42.574 44.848 43.203 40.091 44.49 45.83 45.283 43.398 42.457 37.466 34.429 27.585 4.516 6.847 8.058 9.565 8.324 5.875 7.351 3.971 1.297 
0.796 -0.605 8.488 7.540 5.342 5.454 4.365 2.761 32.549 36.244 35.423 32.368 32.205 30.628 21.078 14.422 15.885 17.447 18.487 28.973 32.779 28.819 29.929 33.319 31.764 31.763 35.845 36.828 30.306 27.067 33.611 38.538 40.505 45.017 42.574 44.848 43.203 40.091 44.49 45.83 45.283 43.398 42.457 37.466 34.429 27.585 4.516 6.847 8.058 9.565 8.324 5.875 7.351 3.971 1.297 11.223 
0.707 -0.707 7.540 5.342 5.454 4.365 2.761 1.546 36.244 35.423 32.368 32.205 30.628 21.078 14.422 15.885 17.447 18.487 28.973 32.779 28.819 29.929 33.319 31.764 31.763 35.845 36.828 30.306 27.067 33.611 38.538 40.505 45.017 42.574 44.848 43.203 40.091 44.49 45.83 45.283 43.398 42.457 37.466 34.429 27.585 4.516 6.847 8.058 9.565 8.324 5.875 7.351 3.971 1.297 11.223 19.344 
0.612 -0.791 5.342 5.454 4.365 2.761 1.546 7.050 35.423 32.368 32.205 30.628 21.078 14.422 15.885 17.447 18.487 28.973 32.779 28.819 29.929 33.319 31.764 31.763 35.845 36.828 30.306 27.067 33.611 38.538 40.505 45.017 42.574 44.848 43.203 40.091 44.49 45.83 45.283 43.398 42.457 37.466 34.429 27.585 4.516 6.847 8.058 9.565 8.324 5.875 7.351 3.971 1.297 11.223 19.344 24.96 
0.5 -0.866 5.454 4.365 2.761 1.546 7.050 10.864 32.368 32.205 30.628 21.078 14.422 15.885 17.447 18.487 28.973 32.779 28.819 29.929 33.319 31.764 31.763 35.845 36.828 30.306 27.067 33.611 38.538 40.505 45.017 42.574 44.848 43.203 40.091 44.49 45.83 45.283 43.398 42.457 37.466 34.429 27.585 4.516 6.847 8.058 9.565 8.324 5.875 7.351 3.971 1.297 11.223 19.344 24.96 18.435 
0.387 -0.922 4.365 2.761 1.546 7.050 10.864 6.503 32.205 30.628 21.078 14.422 15.885 17.447 18.487 28.973 32.779 28.819 29.929 33.319 31.764 31.763 35.845 36.828 30.306 27.067 33.611 38.538 40.505 45.017 42.574 44.848 43.203 40.091 44.49 45.83 45.283 43.398 42.457 37.466 34.429 27.585 4.516 6.847 8.058 9.565 8.324 5.875 7.351 3.971 1.297 11.223 19.344 24.96 18.435 9.676 
0.259 -0.966 2.761 1.546 7.050 10.864 6.503 4.002 30.628 21.078 14.422 15.885 17.447 18.487 28.973 32.779 28.819 29.929 33.319 31.764 31.763 35.845 36.828 30.306 27.067 33.611 38.538 40.505 45.017 42.574 44.848 43.203 40.091 44.49 45.83 45.283 43.398 42.457 37.466 34.429 27.585 4.516 6.847 8.058 9.565 8.324 5.875 7.351 3.971 1.297 11.223 19.344 24.96 18.435 9.676 13.78 
0.135 -0.991 1.546 7.050 10.864 6.503 4.002 4.988 21.078 14.422 15.885 17.447 18.487 28.973 32.779 28.819 29.929 33.319 31.764 31.763 35.845 36.828 30.306 27.067 33.611 38.538 40.505 45.017 42.574 44.848 43.203 40.091 44.49 45.83 45.283 43.398 42.457 37.466 34.429 27.585 4.516 6.847 8.058 9.565 8.324 5.875 7.351 3.971 1.297 11.223 19.344 24.96 18.435 9.676 13.78 23.627 
0 -1 7.050 10.864 6.503 4.002 4.988 5.360 14.422 15.885 17.447 18.487 28.973 32.779 28.819 29.929 33.319 31.764 31.763 35.845 36.828 30.306 27.067 33.611 38.538 40.505 45.017 42.574 44.848 43.203 40.091 44.49 45.83 45.283 43.398 42.457 37.466 34.429 27.585 4.516 6.847 8.058 9.565 8.324 5.875 7.351 3.971 1.297 11.223 19.344 24.96 18.435 9.676 13.78 23.627 26.932 
-0.126 -0.992 10.864 6.503 4.002 4.988 5.360 8.497 15.885 17.447 18.487 28.973 32.779 28.819 29.929 33.319 31.764 31.763 35.845 36.828 30.306 27.067 33.611 38.538 40.505 45.017 42.574 44.848 43.203 40.091 44.49 45.83 45.283 43.398 42.457 37.466 34.429 27.585 4.516 6.847 8.058 9.565 8.324 5.875 7.351 3.971 1.297 11.223 19.344 24.96 18.435 9.676 13.78 23.627 26.932 14.526 
-0.259 -0.966 6.503 4.002 4.988 5.360 8.497 9.092 17.447 18.487 28.973 32.779 28.819 29.929 33.319 31.764 31.763 35.845 36.828 30.306 27.067 33.611 38.538 40.505 45.017 42.574 44.848 43.203 40.091 44.49 45.83 45.283 43.398 42.457 37.466 34.429 27.585 4.516 6.847 8.058 9.565 8.324 5.875 7.351 3.971 1.297 11.223 19.344 24.96 18.435 9.676 13.78 23.627 26.932 14.526 14.016 
-0.379 -0.926 4.002 4.988 5.360 8.497 9.092 5.129 18.487 28.973 32.779 28.819 29.929 33.319 31.764 31.763 35.845 36.828 30.306 27.067 33.611 38.538 40.505 45.017 42.574 44.848 43.203 40.091 44.49 45.83 45.283 43.398 42.457 37.466 34.429 27.585 4.516 6.847 8.058 9.565 8.324 5.875 7.351 3.971 1.297 11.223 19.344 24.96 18.435 9.676 13.78 23.627 26.932 14.526 14.016 13.171 
-0.5 -0.866 4.988 5.360 8.497 9.092 5.129 7.772 28.973 32.779 28.819 29.929 33.319 31.764 31.763 35.845 36.828 30.306 27.067 33.611 38.538 40.505 45.017 42.574 44.848 43.203 40.091 44.49 45.83 45.283 43.398 42.457 37.466 34.429 27.585 4.516 6.847 8.058 9.565 8.324 5.875 7.351 3.971 1.297 11.223 19.344 24.96 18.435 9.676 13.78 23.627 26.932 14.526 14.016 13.171 10.762 
-0.605 -0.796 5.360 8.497 9.092 5.129 7.772 10.043 32.779 28.819 29.929 33.319 31.764 31.763 35.845 36.828 30.306 27.067 33.611 38.538 40.505 45.017 42.574 44.848 43.203 40.091 44.49 45.83 45.283 43.398 42.457 37.466 34.429 27.585 4.516 6.847 8.058 9.565 8.324 5.875 7.351 3.971 1.297 11.223 19.344 24.96 18.435 9.676 13.78 23.627 26.932 14.526 14.016 13.171 10.762 8.901 
-0.707 -0.707 8.497 9.092 5.129 7.772 10.043 9.283 28.819 29.929 33.319 31.764 31.763 35.845 36.828 30.306 27.067 33.611 38.538 40.505 45.017 42.574 44.848 43.203 40.091 44.49 45.83 45.283 43.398 42.457 37.466 34.429 27.585 4.516 6.847 8.058 9.565 8.324 5.875 7.351 3.971 1.297 11.223 19.344 24.96 18.435 9.676 13.78 23.627 26.932 14.526 14.016 13.171 10.762 8.901 4.228 
-0.791 -0.612 9.092 5.129 7.772 10.043 9.283 12.856 29.929 33.319 31.764 31.763 35.845 36.828 30.306 27.067 33.611 38.538 40.505 45.017 42.574 44.848 43.203 40.091 44.49 45.83 45.283 43.398 42.457 37.466 34.429 27.585 4.516 6.847 8.058 9.565 8.324 5.875 7.351 3.971 1.297 11.223 19.344 24.96 18.435 9.676 13.78 23.627 26.932 14.526 14.016 13.171 10.762 8.901 4.228 6.368 
-0.866 -0.5 5.129 7.772 10.043 9.283 12.856 14.095 33.319 31.764 31.763 35.845 36.828 30.306 27.067 33.611 38.538 40.505 45.017 42.574 44.848 43.203 40.091 44.49 45.83 45.283 43.398 42.457 37.466 34.429 27.585 4.516 6.847 8.058 9.565 8.324 5.875 7.351 3.971 1.297 11.223 19.344 24.96 18.435 9.676 13.78 23.627 26.932 14.526 14.016 13.171 10.762 8.901 4.228 6.368 7.261 
-0.922 -0.387 7.772 10.043 9.283 12.856 14.095 10.46 31.764 31.763 35.845 36.828 30.306 27.067 33.611 38.538 40.505 45.017 42.574 44.848 43.203 40.091 44.49 45.83 45.283 43.398 42.457 37.466 34.429 27.585 4.516 6.847 8.058 9.565 8.324 5.875 7.351 3.971 1.297 11.223 19.344 24.96 18.435 9.676 13.78 23.627 26.932 14.526 14.016 13.171 10.762 8.901 4.228 6.368 7.261 8.218 
-0.966 -0.259 10.043 9.283 12.856 14.095 10.46 8.434 31.763 35.845 36.828 30.306 27.067 33.611 38.538 40.505 45.017 42.574 44.848 43.203 40.091 44.49 45.83 45.283 43.398 42.457 37.466 34.429 27.585 4.516 6.847 8.058 9.565 8.324 5.875 7.351 3.971 1.297 11.223 19.344 24.96 18.435 9.676 13.78 23.627 26.932 14.526 14.016 13.171 10.762 8.901 4.228 6.368 7.261 8.218 10.071 
-0.991 -0.135 9.283 12.856 14.095 10.46 8.434 14.53 35.845 36.828 30.306 27.067 33.611 38.538 40.505 45.017 42.574 44.848 43.203 40.091 44.49 45.83 45.283 43.398 42.457 37.466 34.429 27.585 4.516 6.847 8.058 9.565 8.324 5.875 7.351 3.971 1.297 11.223 19.344 24.96 18.435 9.676 13.78 23.627 26.932 14.526 14.016 13.171 10.762 8.901 4.228 6.368 7.261 8.218 10.071 12.159 
-1 0 12.856 14.095 10.46 8.434 14.53 12.815 36.828 30.306 27.067 33.611 38.538 40.505 45.017 42.574 44.848 43.203 40.091 44.49 45.83 45.283 43.398 42.457 37.466 34.429 27.585 4.516 6.847 8.058 9.565 8.324 5.875 7.351 3.971 1.297 11.223 19.344 24.96 18.435 9.676 13.78 23.627 26.932 14.526 14.016 13.171 10.762 8.901 4.228 6.368 7.261 8.218 10.071 12.159 17.36 
-0.992 0.126 14.095 10.46 8.434 14.53 12.815 12.538 30.306 27.067 33.611 38.538 40.505 45.017 42.574 44.848 43.203 40.091 44.49 45.83 45.283 43.398 42.457 37.466 34.429 27.585 4.516 6.847 8.058 9.565 8.324 5.875 7.351 3.971 1.297 11.223 19.344 24.96 18.435 9.676 13.78 23.627 26.932 14.526 14.016 13.171 10.762 8.901 4.228 6.368 7.261 8.218 10.071 12.159 17.36 12.549 
-0.966 0.259 10.46 8.434 14.53 12.815 12.538 12.949 27.067 33.611 38.538 40.505 45.017 42.574 44.848 43.203 40.091 44.49 45.83 45.283 43.398 42.457 37.466 34.429 27.585 4.516 6.847 8.058 9.565 8.324 5.875 7.351 3.971 1.297 11.223 19.344 24.96 18.435 9.676 13.78 23.627 26.932 14.526 14.016 13.171 10.762 8.901 4.228 6.368 7.261 8.218 10.071 12.159 17.36 12.549 9.806 
-0.926 0.379 8.434 14.53 12.815 12.538 12.949 7.292 33.611 38.538 40.505 45.017 42.574 44.848 43.203 40.091 44.49 45.83 45.283 43.398 42.457 37.466 34.429 27.585 4.516 6.847 8.058 9.565 8.324 5.875 7.351 3.971 1.297 11.223 19.344 24.96 18.435 9.676 13.78 23.627 26.932 14.526 14.016 13.171 10.762 8.901 4.228 6.368 7.261 8.218 10.071 12.159 17.36 12.549 9.806 10.667 
-0.866 0.5 14.53 12.815 12.538 12.949 7.292 9.247 38.538 40.505 45.017 42.574 44.848 43.203 40.091 44.49 45.83 45.283 43.398 42.457 37.466 34.429 27.585 4.516 6.847 8.058 9.565 8.324 5.875 7.351 3.971 1.297 11.223 19.344 24.96 18.435 9.676 13.78 23.627 26.932 14.526 14.016 13.171 10.762 8.901 4.228 6.368 7.261 8.218 10.071 12.159 17.36 12.549 9.806 10.667 10.552 
-0.796 0.605 12.815 12.538 12.949 7.292 9.247 9.299 40.505 45.017 42.574 44.848 43.203 40.091 44.49 45.83 45.283 43.398 42.457 37.466 34.429 27.585 4.516 6.847 8.058 9.565 8.324 5.875 7.351 3.971 1.297 11.223 19.344 24.96 18.435 9.676 13.78 23.627 26.932 14.526 14.016 13.171 10.762 8.901 4.228 6.368 7.261 8.218 10.071 12.159 17.36 12.549 9.806 10.667 10.552 25.754 
-0.707 0.707 12.538 12.949 7.292 9.247 9.299 12.724 45.017 42.574 44.848 43.203 40.091 44.49 45.83 45.283 43.398 42.457 37.466 34.429 27.585 4.516 6.847 8.058 9.565 8.324 5.875 7.351 3.971 1.297 11.223 19.344 24.96 18.435 9.676 13.78 23.627 26.932 14.526 14.016 13.171 10.762 8.901 4.228 6.368 7.261 8.218 10.071 12.159 17.36 12.549 9.806 10.667 10.552 25.754 30.89 
-0.612 0.791 12.949 7.292 9.247 9.299 12.724 14.649 42.574 44.848 43.203 40.091 44.49 45.83 45.283 43.398 42.457 37.466 34.429 27.585 4.516 6.847 8.058 9.565 8.324 5.875 7.351 3.971 1.297 11.223 19.344 24.96 18.435 9.676 13.78 23.627 26.932 14.526 14.016 13.171 10.762 8.901 4.228 6.368 7.261 8.218 10.071 12.159 17.36 12.549 9.806 10.667 10.552 25.754 30.89 25.515 
-0.5 0.866 7.292 9.247 9.299 12.724 14.649 17.92 44.848 43.203 40.091 44.49 45.83 45.283 43.398 42.457 37.466 34.429 27.585 4.516 6.847 8.058 9.565 8.324 5.875 7.351 3.971 1.297 11.223 19.344 24.96 18.435 9.676 13.78 23.627 26.932 14.526 14.016 13.171 10.762 8.901 4.228 6.368 7.261 8.218 10.071 12.159 17.36 12.549 9.806 10.667 10.552 25.754 30.89 25.515 21.318 
-0.387 0.922 9.247 9.299 12.724 14.649 17.92 21.151 43.203 40.091 44.49 45.83 45.283 43.398 42.457 37.466 34.429 27.585 4.516 6.847 8.058 9.565 8.324 5.875 7.351 3.971 1.297 11.223 19.344 24.96 18.435 9.676 13.78 23.627 26.932 14.526 14.016 13.171 10.762 8.901 4.228 6.368 7.261 8.218 10.071 12.159 17.36 12.549 9.806 10.667 10.552 25.754 30.89 25.515 21.318 42.292 
-0.259 0.966 9.299 12.724 14.649 17.92 21.151 20.641 40.091 44.49 45.83 45.283 43.398 42.457 37.466 34.429 27.585 4.516 6.847 8.058 9.565 8.324 5.875 7.351 3.971 1.297 11.223 19.344 24.96 18.435 9.676 13.78 23.627 26.932 14.526 14.016 13.171 10.762 8.901 4.228 6.368 7.261 8.218 10.071 12.159 17.36 12.549 9.806 10.667 10.552 25.754 30.89 25.515 21.318 42.292 46.508 
-0.135 0.991 12.724 14.649 17.92 21.151 20.641 19.637 44.49 45.83 45.283 43.398 42.457 37.466 34.429 27.585 4.516 6.847 8.058 9.565 8.324 5.875 7.351 3.971 1.297 11.223 19.344 24.96 18.435 9.676 13.78 23.627 26.932 14.526 14.016 13.171 10.762 8.901 4.228 6.368 7.261 8.218 10.071 12.159 17.36 12.549 9.806 10.667 10.552 25.754 30.89 25.515 21.318 42.292 46.508 33.291 
0 1 14.649 17.92 21.151 20.641 19.637 25.653 45.83 45.283 43.398 42.457 37.466 34.429 27.585 4.516 6.847 8.058 9.565 8.324 5.875 7.351 3.971 1.297 11.223 19.344 24.96 18.435 9.676 13.78 23.627 26.932 14.526 14.016 13.171 10.762 8.901 4.228 6.368 7.261 8.218 10.071 12.159 17.36 12.549 9.806 10.667 10.552 25.754 30.89 25.515 21.318 42.292 46.508 33.291 29.463 
0.126 0.992 17.92 21.151 20.641 19.637 25.653 30.651 45.283 43.398 42.457 37.466 34.429 27.585 4.516 6.847 8.058 9.565 8.324 5.875 7.351 3.971 1.297 11.223 19.344 24.96 18.435 9.676 13.78 23.627 26.932 14.526 14.016 13.171 10.762 8.901 4.228 6.368 7.261 8.218 10.071 12.159 17.36 12.549 9.806 10.667 10.552 25.754 30.89 25.515 21.318 42.292 46.508 33.291 29.463 32.883 
0.259 0.966 21.151 20.641 19.637 25.653 30.651 26.483 43.398 42.457 37.466 34.429 27.585 4.516 6.847 8.058 9.565 8.324 5.875 7.351 3.971 1.297 11.223 19.344 24.96 18.435 9.676 13.78 23.627 26.932 14.526 14.016 13.171 10.762 8.901 4.228 6.368 7.261 8.218 10.071 12.159 17.36 12.549 9.806 10.667 10.552 25.754 30.89 25.515 21.318 42.292 46.508 33.291 29.463 32.883 34.538 
0.379 0.926 20.641 19.637 25.653 30.651 26.483 26.565 42.457 37.466 34.429 27.585 4.516 6.847 8.058 9.565 8.324 5.875 7.351 3.971 1.297 11.223 19.344 24.96 18.435 9.676 13.78 23.627 26.932 14.526 14.016 13.171 10.762 8.901 4.228 6.368 7.261 8.218 10.071 12.159 17.36 12.549 9.806 10.667 10.552 25.754 30.89 25.515 21.318 42.292 46.508 33.291 29.463 32.883 34.538 24.799 
0.5 0.866 19.637 25.653 30.651 26.483 26.565 18.369 37.466 34.429 27.585 4.516 6.847 8.058 9.565 8.324 5.875 7.351 3.971 1.297 11.223 19.344 24.96 18.435 9.676 13.78 23.627 26.932 14.526 14.016 13.171 10.762 8.901 4.228 6.368 7.261 8.218 10.071 12.159 17.36 12.549 9.806 10.667 10.552 25.754 30.89 25.515 21.318 42.292 46.508 33.291 29.463 32.883 34.538 24.799 20.696 
0.605 0.796 25.653 30.651 26.483 26.565 18.369 3.842 34.429 27.585 4.516 6.847 8.058 9.565 8.324 5.875 7.351 3.971 1.297 11.223 19.344 24.96 18.435 9.676 13.78 23.627 26.932 14.526 14.016 13.171 10.762 8.901 4.228 6.368 7.261 8.218 10.071 12.159 17.36 12.549 9.806 10.667 10.552 25.754 30.89 25.515 21.318 42.292 46.508 33.291 29.463 32.883 34.538 24.799 20.696 18.593 
0.707 0.707 30.651 26.483 26.565 18.369 3.842 4.625 27.585 4.516 6.847 8.058 9.565 8.324 5.875 7.351 3.971 1.297 11.223 19.344 24.96 18.435 9.676 13.78 23.627 26.932 14.526 14.016 13.171 10.762 8.901 4.228 6.368 7.261 8.218 10.071 12.159 17.36 12.549 9.806 10.667 10.552 25.754 30.89 25.515 21.318 42.292 46.508 33.291 29.463 32.883 34.538 24.799 20.696 18.593 11 
-0.791 -0.612 8.687 4.933 4.984 4.430 5.705 3.944 18.02 3.003 8.307 5.830 3.715 9.798 7.130 7.574 8.989 9.034 10.755 14.499 22.342 30.962 37.262 40.789 47.721 44.98 39.297 41.7 39.995 37.754 34.575 26.694 30.979 32.123 21.303 15.843 14.156 13.681 10.933 7.644 6.554 17.044 32.629 29.426 22.005 32.895 33.781 37.481 28.576 30.214 30.818 28.718 22.548 20.833 25.144 23.216 
-0.866 -0.5 4.933 4.984 4.430 5.705 3.944 1.419 3.003 8.307 5.830 3.715 9.798 7.130 7.574 8.989 9.034 10.755 14.499 22.342 30.962 37.262 40.789 47.721 44.98 39.297 41.7 39.995 37.754 34.575 26.694 30.979 32.123 21.303 15.843 14.156 13.681 10.933 7.644 6.554 17.044 32.629 29.426 22.005 32.895 33.781 37.481 28.576 30.214 30.818 28.718 22.548 20.833 25.144 23.216 21.547 
-0.612 0.791 1.628 2.027 5.321 5.625 9.167 9.648 22.342 30.962 37.262 40.789 47.721 44.98 39.297 41.7 39.995 37.754 34.575 26.694 30.979 32.123 21.303 15.843 14.156 13.681 10.933 7.644 6.554 17.044 32.629 29.426 22.005 32.895 33.781 37.481 28.576 30.214 30.818 28.718 22.548 20.833 25.144 23.216 21.547 13.882 12.42 11.453 12.63 10.496 10.57 13.303 15.562 29.153 37.754 44.498 
-0.5 0.866 2.027 5.321 5.625 9.167 9.648 10.935 30.962 37.262 40.789 47.721 44.98 39.297 41.7 39.995 37.754 34.575 26.694 30.979 32.123 21.303 15.843 14.156 13.681 10.933 7.644 6.554 17.044 32.629 29.426 22.005 32.895 33.781 37.481 28.576 30.214 30.818 28.718 22.548 20.833 25.144 23.216 21.547 13.882 12.42 11.453 12.63 10.496 10.57 13.303 15.562 29.153 37.754 44.498 49.075 
-0.387 0.922 5.321 5.625 9.167 9.648 10.935 10.333 37.262 40.789 47.721 44.98 39.297 41.7 39.995 37.754 34.575 26.694 30.979 32.123 21.303 15.843 14.156 13.681 10.933 7.644 6.554 17.044 32.629 29.426 22.005 32.895 33.781 37.481 28.576 30.214 30.818 28.718 22.548 20.833 25.144 23.216 21.547 13.882 12.42 11.453 12.63 10.496 10.57 13.303 15.562 29.153 37.754 44.498 49.075 47.824 
-0.259 0.966 5.625 9.167 9.648 10.935 10.333 17.538 40.789 47.721 44.98 39.297 41.7 39.995 37.754 34.575 26.694 30.979 32.123 21.303 15.843 14.156 13.681 10.933 7.644 6.554 17.044 32.629 29.426 22.005 32.895 33.781 37.481 28.576 30.214 30.818 28.718 22.548 20.833 25.144 23.216 21.547 13.882 12.42 11.453 12.63 10.496 10.57 13.303 15.562 29.153 37.754 44.498 49.075 47.824 44.874 
-0.135 0.991 9.167 9.648 10.935 10.333 17.538 16.62 47.721 44.98 39.297 41.7 39.995 37.754 34.575 26.694 30.979 32.123 21.303 15.843 14.156 13.681 10.933 7.644 6.554 17.044 32.629 29.426 22.005 32.895 33.781 37.481 28.576 30.214 30.818 28.718 22.548 20.833 25.144 23.216 21.547 13.882 12.42 11.453 12.63 10.496 10.57 13.303 15.562 29.153 37.754 44.498 49.075 47.824 44.874 48.634 
0 1 9.648 10.935 10.333 17.538 16.62 23.304 44.98 39.297 41.7 39.995 37.754 34.575 26.694 30.979 32.123 21.303 15.843 14.156 13.681 10.933 7.644 6.554 17.044 32.629 29.426 22.005 32.895 33.781 37.481 28.576 30.214 30.818 28.718 22.548 20.833 25.144 23.216 21.547 13.882 12.42 11.453 12.63 10.496 10.57 13.303 15.562 29.153 37.754 44.498 49.075 47.824 44.874 48.634 48.479 
0.126 0.992 10.935 10.333 17.538 16.62 23.304 25.888 39.297 41.7 39.995 37.754 34.575 26.694 30.979 32.123 21.303 15.843 14.156 13.681 10.933 7.644 6.554 17.044 32.629 29.426 22.005 32.895 33.781 37.481 28.576 30.214 30.818 28.718 22.548 20.833 25.144 23.216 21.547 13.882 12.42 11.453 12.63 10.496 10.57 13.303 15.562 29.153 37.754 44.498 49.075 47.824 44.874 48.634 48.479 48.266 
0.259 0.966 10.333 17.538 16.62 23.304 25.888 19.995 41.7 39.995 37.754 34.575 26.694 30.979 32.123 21.303 15.843 14.156 13.681 10.933 7.644 6.554 17.044 32.629 29.426 22.005 32.895 33.781 37.481 28.576 30.214 30.818 28.718 22.548 20.833 25.144 23.216 21.547 13.882 12.42 11.453 12.63 10.496 10.57 13.303 15.562 29.153 37.754 44.498 49.075 47.824 44.874 48.634 48.479 48.266 45.319 
0.379 0.926 17.538 16.62 23.304 25.888 19.995 20.731 39.995 37.754 34.575 26.694 30.979 32.123 21.303 15.843 14.156 13.681 10.933 7.644 6.554 17.044 32.629 29.426 22.005 32.895 33.781 37.481 28.576 30.214 30.818 28.718 22.548 20.833 25.144 23.216 21.547 13.882 12.42 11.453 12.63 10.496 10.57 13.303 15.562 29.153 37.754 44.498 49.075 47.824 44.874 48.634 48.479 48.266 45.319 42.549 
0.5 0.866 16.62 23.304 25.888 19.995 20.731 20.881 37.754 34.575 26.694 30.979 32.123 21.303 15.843 14.156 13.681 10.933 7.644 6.554 17.044 32.629 29.426 22.005 32.895 33.781 37.481 28.576 30.214 30.818 28.718 22.548 20.833 25.144 23.216 21.547 13.882 12.42 11.453 12.63 10.496 10.57 13.303 15.562 29.153 37.754 44.498 49.075 47.824 44.874 48.634 48.479 48.266 45.319 42.549 45.088 
0.605 0.796 23.304 25.888 19.995 20.731 20.881 16.013 34.575 26.694 30.979 32.123 21.303 15.843 14.156 13.681 10.933 7.644 6.554 17.044 32.629 29.426 22.005 32.895 33.781 37.481 28.576 30.214 30.818 28.718 22.548 20.833 25.144 23.216 21.547 13.882 12.42 11.453 12.63 10.496 10.57 13.303 15.562 29.153 37.754 44.498 49.075 47.824 44.874 48.634 48.479 48.266 45.319 42.549 45.088 44.007 
0.707 0.707 25.888 19.995 20.731 20.881 16.013 17.474 26.694 30.979 32.123 21.303 15.843 14.156 13.681 10.933 7.644 6.554 17.044 32.629 29.426 22.005 32.895 33.781 37.481 28.576 30.214 30.818 28.718 22.548 20.833 25.144 23.216 21.547 13.882 12.42 11.453 12.63 10.496 10.57 13.303 15.562 29.153 37.754 44.498 49.075 47.824 44.874 48.634 48.479 48.266 45.319 42.549 45.088 44.007 44.143 
0.791 0.612 19.995 20.731 20.881 16.013 17.474 24.572 30.979 32.123 21.303 15.843 14.156 13.681 10.933 7.644 6.554 17.044 32.629 29.426 22.005 32.895 33.781 37.481 28.576 30.214 30.818 28.718 22.548 20.833 25.144 23.216 21.547 13.882 12.42 11.453 12.63 10.496 10.57 13.303 15.562 29.153 37.754 44.498 49.075 47.824 44.874 48.634 48.479 48.266 45.319 42.549 45.088 44.007 44.143 44.191 
0.866 0.5 20.731 20.881 16.013 17.474 24.572 26.151 32.123 21.303 15.843 14.156 13.681 10.933 7.644 6.554 17.044 32.629 29.426 22.005 32.895 33.781 37.481 28.576 30.214 30.818 28.718 22.548 20.833 25.144 23.216 21.547 13.882 12.42 11.453 12.63 10.496 10.57 13.303 15.562 29.153 37.754 44.498 49.075 47.824 44.874 48.634 48.479 48.266 45.319 42.549 45.088 44.007 44.143 44.191 42.334 
0.922 0.387 20.881 16.013 17.474 24.572 26.151 23.423 21.303 15.843 14.156 13.681 10.933 7.644 6.554 17.044 32.629 29.426 22.005 32.895 33.781 37.481 28.576 30.214 30.818 28.718 22.548 20.833 25.144 23.216 21.547 13.882 12.42 11.453 12.63 10.496 10.57 13.303 15.562 29.153 37.754 44.498 49.075 47.824 44.874 48.634 48.479 48.266 45.319 42.549 45.088 44.007 44.143 44.191 42.334 29.363 
0.966 0.259 16.013 17.474 24.572 26.151 23.423 20.404 15.843 14.156 13.681 10.933 7.644 6.554 17.044 32.629 29.426 22.005 32.895 33.781 37.481 28.576 30.214 30.818 28.718 22.548 20.833 25.144 23.216 21.547 13.882 12.42 11.453 12.63 10.496 10.57 13.303 15.562 29.153 37.754 44.498 49.075 47.824 44.874 48.634 48.479 48.266 45.319 42.549 45.088 44.007 44.143 44.191 42.334 29.363 14.959 
0.991 0.135 17.474 24.572 26.151 23.423 20.404 24.716 14.156 13.681 10.933 7.644 6.554 17.044 32.629 29.426 22.005 32.895 33.781 37.481 28.576 30.214 30.818 28.718 22.548 20.833 25.144 23.216 21.547 13.882 12.42 11.453 12.63 10.496 10.57 13.303 15.562 29.153 37.754 44.498 49.075 47.824 44.874 48.634 48.479 48.266 45.319 42.549 45.088 44.007 44.143 44.191 42.334 29.363 14.959 12.102 
1 0 24.572 26.151 23.423 20.404 24.716 21.307 13.681 10.933 7.644 6.554 17.044 32.629 29.426 22.005 32.895 33.781 37.481 28.576 30.214 30.818 28.718 22.548 20.833 25.144 23.216 21.547 13.882 12.42 11.453 12.63 10.496 10.57 13.303 15.562 29.153 37.754 44.498 49.075 47.824 44.874 48.634 48.479 48.266 45.319 42.549 45.088 44.007 44.143 44.191 42.334 29.363 14.959 12.102 15.693 
