-0.707 0.707 11.369 10.273 12.736 11.674 9.186 8.965 45.017 42.574 44.848 43.203 40.091 44.49 45.83 45.283 43.398 42.457 37.466 34.429 27.585 4.516 6.847 8.058 9.565 8.324 5.875 7.351 3.971 1.297 11.223 19.344 24.96 18.435 9.676 13.78 23.627 26.932 14.526 14.016 13.171 10.762 8.901 4.228 6.368 7.261 8.218 10.071 12.159 17.36 12.549 9.806 10.667 10.552 25.754 30.89 
-0.612 0.791 10.273 12.736 11.674 9.186 8.965 11.366 42.574 44.848 43.203 40.091 44.49 45.83 45.283 43.398 42.457 37.466 34.429 27.585 4.516 6.847 8.058 9.565 8.324 5.875 7.351 3.971 1.297 11.223 19.344 24.96 18.435 9.676 13.78 23.627 26.932 14.526 14.016 13.171 10.762 8.901 4.228 6.368 7.261 8.218 10.071 12.159 17.36 12.549 9.806 10.667 10.552 25.754 30.89 25.515 
-0.5 0.866 12.736 11.674 9.186 8.965 11.366 15.092 44.848 43.203 40.091 44.49 45.83 45.283 43.398 42.457 37.466 34.429 27.585 4.516 6.847 8.058 9.565 8.324 5.875 7.351 3.971 1.297 11.223 19.344 24.96 18.435 9.676 13.78 23.627 26.932 14.526 14.016 13.171 10.762 8.901 4.228 6.368 7.261 8.218 10.071 12.159 17.36 12.549 9.806 10.667 10.552 25.754 30.89 25.515 21.318 
-0.387 0.922 11.674 9.186 8.965 11.366 15.092 15.83 43.203 40.091 44.49 45.83 45.283 43.398 42.457 37.466 34.429 27.585 4.516 6.847 8.058 9.565 8.324 5.875 7.351 3.971 1.297 11.223 19.344 24.96 18.435 9.676 13.78 23.627 26.932 14.526 14.016 13.171 10.762 8.901 4.228 6.368 7.261 8.218 10.071 12.159 17.36 12.549 9.806 10.667 10.552 25.754 30.89 25.515 21.318 42.292 
-0.259 0.966 9.186 8.965 11.366 15.092 15.83 24.492 40.091 44.49 45.83 45.283 43.398 42.457 37.466 34.429 27.585 4.516 6.847 8.058 9.565 8.324 5.875 7.351 3.971 1.297 11.223 19.344 24.96 18.435 9.676 13.78 23.627 26.932 14.526 14.016 13.171 10.762 8.901 4.228 6.368 7.261 8.218 10.071 12.159 17.36 12.549 9.806 10.667 10.552 25.754 30.89 25.515 21.318 42.292 46.508 
-0.135 0.991 8.965 11.366 15.092 15.83 24.492 39.704 44.49 45.83 45.283 43.398 42.457 37.466 34.429 27.585 4.516 6.847 8.058 9.565 8.324 5.875 7.351 3.971 1.297 11.223 19.344 24.96 18.435 9.676 13.78 23.627 26.932 14.526 14.016 13.171 10.762 8.901 4.228 6.368 7.261 8.218 10.071 12.159 17.36 12.549 9.806 10.667 10.552 25.754 30.89 25.515 21.318 42.292 46.508 33.291 
0 1 11.366 15.092 15.83 24.492 39.704 39.205 45.83 45.283 43.398 42.457 37.466 34.429 27.585 4.516 6.847 8.058 9.565 8.324 5.875 7.351 3.971 1.297 11.223 19.344 24.96 18.435 9.676 13.78 23.627 26.932 14.526 14.016 13.171 10.762 8.901 4.228 6.368 7.261 8.218 10.071 12.159 17.36 12.549 9.806 10.667 10.552 25.754 30.89 25.515 21.318 42.292 46.508 33.291 29.463 
0.126 0.992 15.092 15.83 24.492 39.704 39.205 34.663 45.283 43.398 42.457 37.466 34.429 27.585 4.516 6.847 8.058 9.565 8.324 5.875 7.351 3.971 1.297 11.223 19.344 24.96 18.435 9.676 13.78 23.627 26.932 14.526 14.016 13.171 10.762 8.901 4.228 6.368 7.261 8.218 10.071 12.159 17.36 12.549 9.806 10.667 10.552 25.754 30.89 25.515 21.318 42.292 46.508 33.291 29.463 32.883 
0.259 0.966 15.83 24.492 39.704 39.205 34.663 26.787 43.398 42.457 37.466 34.429 27.585 4.516 6.847 8.058 9.565 8.324 5.875 7.351 3.971 1.297 11.223 19.344 24.96 18.435 9.676 13.78 23.627 26.932 14.526 14.016 13.171 10.762 8.901 4.228 6.368 7.261 8.218 10.071 12.159 17.36 12.549 9.806 10.667 10.552 25.754 30.89 25.515 21.318 42.292 46.508 33.291 29.463 32.883 34.538 
0.379 0.926 24.492 39.704 39.205 34.663 26.787 32.839 42.457 37.466 34.429 27.585 4.516 6.847 8.058 9.565 8.324 5.875 7.351 3.971 1.297 11.223 19.344 24.96 18.435 9.676 13.78 23.627 26.932 14.526 14.016 13.171 10.762 8.901 4.228 6.368 7.261 8.218 10.071 12.159 17.36 12.549 9.806 10.667 10.552 25.754 30.89 25.515 21.318 42.292 46.508 33.291 29.463 32.883 34.538 24.799 
0.5 0.866 39.704 39.205 34.663 26.787 32.839 34.315 37.466 34.429 27.585 4.516 6.847 8.058 9.565 8.324 5.875 7.351 3.971 1.297 11.223 19.344 24.96 18.435 9.676 13.78 23.627 26.932 14.526 14.016 13.171 10.762 8.901 4.228 6.368 7.261 8.218 10.071 12.159 17.36 12.549 9.806 10.667 10.552 25.754 30.89 25.515 21.318 42.292 46.508 33.291 29.463 32.883 34.538 24.799 20.696 
0.605 0.796 39.205 34.663 26.787 32.839 34.315 35.391 34.429 27.585 4.516 6.847 8.058 9.565 8.324 5.875 7.351 3.971 1.297 11.223 19.344 24.96 18.435 9.676 13.78 23.627 26.932 14.526 14.016 13.171 10.762 8.901 4.228 6.368 7.261 8.218 10.071 12.159 17.36 12.549 9.806 10.667 10.552 25.754 30.89 25.515 21.318 42.292 46.508 33.291 29.463 32.883 34.538 24.799 20.696 18.593 
0.707 0.707 34.663 26.787 32.839 34.315 35.391 15.862 27.585 4.516 6.847 8.058 9.565 8.324 5.875 7.351 3.971 1.297 11.223 19.344 24.96 18.435 9.676 13.78 23.627 26.932 14.526 14.016 13.171 10.762 8.901 4.228 6.368 7.261 8.218 10.071 12.159 17.36 12.549 9.806 10.667 10.552 25.754 30.89 25.515 21.318 42.292 46.508 33.291 29.463 32.883 34.538 24.799 20.696 18.593 11 
-0.791 -0.612 1.977 2.952 2.897 2.317 3.714 2.466 18.02 3.003 8.307 5.830 3.715 9.798 7.130 7.574 8.989 9.034 10.755 14.499 22.342 30.962 37.262 40.789 47.721 44.98 39.297 41.7 39.995 37.754 34.575 26.694 30.979 32.123 21.303 15.843 14.156 13.681 10.933 7.644 6.554 17.044 32.629 29.426 22.005 32.895 33.781 37.481 28.576 30.214 30.818 28.718 22.548 20.833 25.144 23.216 
-0.866 -0.5 2.952 2.897 2.317 3.714 2.466 1.972 3.003 8.307 5.830 3.715 9.798 7.130 7.574 8.989 9.034 10.755 14.499 22.342 30.962 37.262 40.789 47.721 44.98 39.297 41.7 39.995 37.754 34.575 26.694 30.979 32.123 21.303 15.843 14.156 13.681 10.933 7.644 6.554 17.044 32.629 29.426 22.005 32.895 33.781 37.481 28.576 30.214 30.818 28.718 22.548 20.833 25.144 23.216 21.547 
-0.922 -0.387 2.897 2.317 3.714 2.466 1.972 1.354 8.307 5.830 3.715 9.798 7.130 7.574 8.989 9.034 10.755 14.499 22.342 30.962 37.262 40.789 47.721 44.98 39.297 41.7 39.995 37.754 34.575 26.694 30.979 32.123 21.303 15.843 14.156 13.681 10.933 7.644 6.554 17.044 32.629 29.426 22.005 32.895 33.781 37.481 28.576 30.214 30.818 28.718 22.548 20.833 25.144 23.216 21.547 13.882 
-0.966 -0.259 2.317 3.714 2.466 1.972 1.354 3.356 5.830 3.715 9.798 7.130 7.574 8.989 9.034 10.755 14.499 22.342 30.962 37.262 40.789 47.721 44.98 39.297 41.7 39.995 37.754 34.575 26.694 30.979 32.123 21.303 15.843 14.156 13.681 10.933 7.644 6.554 17.044 32.629 29.426 22.005 32.895 33.781 37.481 28.576 30.214 30.818 28.718 22.548 20.833 25.144 23.216 21.547 13.882 12.42 
-0.991 -0.135 3.714 2.466 1.972 1.354 3.356 1.446 3.715 9.798 7.130 7.574 8.989 9.034 10.755 14.499 22.342 30.962 37.262 40.789 47.721 44.98 39.297 41.7 39.995 37.754 34.575 26.694 30.979 32.123 21.303 15.843 14.156 13.681 10.933 7.644 6.554 17.044 32.629 29.426 22.005 32.895 33.781 37.481 28.576 30.214 30.818 28.718 22.548 20.833 25.144 23.216 21.547 13.882 12.42 11.453 
0.379 0.926 12.815 15.084 23.361 25.417 21.28 26.835 39.995 37.754 34.575 26.694 30.979 32.123 21.303 15.843 14.156 13.681 10.933 7.644 6.554 17.044 32.629 29.426 22.005 32.895 33.781 37.481 28.576 30.214 30.818 28.718 22.548 20.833 25.144 23.216 21.547 13.882 12.42 11.453 12.63 10.496 10.57 13.303 15.562 29.153 37.754 44.498 49.075 47.824 44.874 48.634 48.479 48.266 45.319 42.549 
0.5 0.866 15.084 23.361 25.417 21.28 26.835 31.853 37.754 34.575 26.694 30.979 32.123 21.303 15.843 14.156 13.681 10.933 7.644 6.554 17.044 32.629 29.426 22.005 32.895 33.781 37.481 28.576 30.214 30.818 28.718 22.548 20.833 25.144 23.216 21.547 13.882 12.42 11.453 12.63 10.496 10.57 13.303 15.562 29.153 37.754 44.498 49.075 47.824 44.874 48.634 48.479 48.266 45.319 42.549 45.088 
0.605 0.796 23.361 25.417 21.28 26.835 31.853 33.638 34.575 26.694 30.979 32.123 21.303 15.843 14.156 13.681 10.933 7.644 6.554 17.044 32.629 29.426 22.005 32.895 33.781 37.481 28.576 30.214 30.818 28.718 22.548 20.833 25.144 23.216 21.547 13.882 12.42 11.453 12.63 10.496 10.57 13.303 15.562 29.153 37.754 44.498 49.075 47.824 44.874 48.634 48.479 48.266 45.319 42.549 45.088 44.007 
0.707 0.707 25.417 21.28 26.835 31.853 33.638 34.182 26.694 30.979 32.123 21.303 15.843 14.156 13.681 10.933 7.644 6.554 17.044 32.629 29.426 22.005 32.895 33.781 37.481 28.576 30.214 30.818 28.718 22.548 20.833 25.144 23.216 21.547 13.882 12.42 11.453 12.63 10.496 10.57 13.303 15.562 29.153 37.754 44.498 49.075 47.824 44.874 48.634 48.479 48.266 45.319 42.549 45.088 44.007 44.143 
0.791 0.612 21.28 26.835 31.853 33.638 34.182 34.012 30.979 32.123 21.303 15.843 14.156 13.681 10.933 7.644 6.554 17.044 32.629 29.426 22.005 32.895 33.781 37.481 28.576 30.214 30.818 28.718 22.548 20.833 25.144 23.216 21.547 13.882 12.42 11.453 12.63 10.496 10.57 13.303 15.562 29.153 37.754 44.498 49.075 47.824 44.874 48.634 48.479 48.266 45.319 42.549 45.088 44.007 44.143 44.191 
0.866 0.5 26.835 31.853 33.638 34.182 34.012 37.207 32.123 21.303 15.843 14.156 13.681 10.933 7.644 6.554 17.044 32.629 29.426 22.005 32.895 33.781 37.481 28.576 30.214 30.818 28.718 22.548 20.833 25.144 23.216 21.547 13.882 12.42 11.453 12.63 10.496 10.57 13.303 15.562 29.153 37.754 44.498 49.075 47.824 44.874 48.634 48.479 48.266 45.319 42.549 45.088 44.007 44.143 44.191 42.334 
0.922 0.387 31.853 33.638 34.182 34.012 37.207 37.103 21.303 15.843 14.156 13.681 10.933 7.644 6.554 17.044 32.629 29.426 22.005 32.895 33.781 37.481 28.576 30.214 30.818 28.718 22.548 20.833 25.144 23.216 21.547 13.882 12.42 11.453 12.63 10.496 10.57 13.303 15.562 29.153 37.754 44.498 49.075 47.824 44.874 48.634 48.479 48.266 45.319 42.549 45.088 44.007 44.143 44.191 42.334 29.363 
0.966 0.259 33.638 34.182 34.012 37.207 37.103 28.162 15.843 14.156 13.681 10.933 7.644 6.554 17.044 32.629 29.426 22.005 32.895 33.781 37.481 28.576 30.214 30.818 28.718 22.548 20.833 25.144 23.216 21.547 13.882 12.42 11.453 12.63 10.496 10.57 13.303 15.562 29.153 37.754 44.498 49.075 47.824 44.874 48.634 48.479 48.266 45.319 42.549 45.088 44.007 44.143 44.191 42.334 29.363 14.959 
0.991 0.135 34.182 34.012 37.207 37.103 28.162 34.96 14.156 13.681 10.933 7.644 6.554 17.044 32.629 29.426 22.005 32.895 33.781 37.481 28.576 30.214 30.818 28.718 22.548 20.833 25.144 23.216 21.547 13.882 12.42 11.453 12.63 10.496 10.57 13.303 15.562 29.153 37.754 44.498 49.075 47.824 44.874 48.634 48.479 48.266 45.319 42.549 45.088 44.007 44.143 44.191 42.334 29.363 14.959 12.102 
1 0 34.012 37.207 37.103 28.162 34.96 34.601 13.681 10.933 7.644 6.554 17.044 32.629 29.426 22.005 32.895 33.781 37.481 28.576 30.214 30.818 28.718 22.548 20.833 25.144 23.216 21.547 13.882 12.42 11.453 12.63 10.496 10.57 13.303 15.562 29.153 37.754 44.498 49.075 47.824 44.874 48.634 48.479 48.266 45.319 42.549 45.088 44.007 44.143 44.191 42.334 29.363 14.959 12.102 15.693 
