    0.0000    1.0000   -0.5592   -0.8290     45.49     11.64
    0.2588    0.9659   -0.6428   -0.7660     45.01     11.89
    0.5000    0.8660   -0.6157   -0.7880     42.60     12.16
    0.7071    0.7071   -0.6947   -0.7193     38.63     12.61
    0.8660    0.5000   -0.8090   -0.5878     34.09     12.81
    0.9659    0.2588   -0.8480   -0.5299     26.97     12.78
    1.0000    0.0000   -0.9135   -0.4067     21.96     12.71
    0.9659   -0.2588   -0.9397   -0.3420     16.85     12.84
    0.8660   -0.5000   -0.9272   -0.3746     17.09     12.79
    0.7071   -0.7071   -0.8829   -0.4695     23.45     12.27
    0.5000   -0.8660   -0.8660   -0.5000     20.02     11.45
    0.2588   -0.9659   -0.8660   -0.5000     18.34     11.73
    0.0000   -1.0000   -0.8829   -0.4695     19.37     12.36
   -0.2588   -0.9659   -0.8829   -0.4695     19.37     11.99
   -0.5000   -0.8660   -0.8988   -0.4384     19.94     11.55
   -0.7071   -0.7071   -0.9135   -0.4067     23.80     10.77
   -0.8660   -0.5000   -0.9272   -0.3746     28.65     10.01
   -0.9659   -0.2588    0.6947    0.7193     29.73      9.55
   -1.0000    0.0000    0.5592    0.8290     29.85      9.41
   -0.9659    0.2588    0.3746    0.9272     32.90      9.35
   -0.8660    0.5000    0.2419    0.9703     36.28      9.45
   -0.7071    0.7071    0.2079    0.9781     42.02      9.70
   -0.5000    0.8660   -0.6428   -0.7660     43.51     10.01
   -0.2588    0.9659   -0.8090   -0.5878     44.33     10.49