    0.0000    1.0000   -0.2756   -0.9613     43.93     -999.00
    0.2588    0.9659    0.2756    0.9613     43.56      9.60
    0.5000    0.8660    0.2079    0.9781     42.83      9.69
    0.7071    0.7071    0.4384    0.8988     41.44      9.34
    0.8660    0.5000    0.5592    0.8290     38.02      8.98
    0.9659    0.2588    0.6157    0.7880     31.39      8.91
    1.0000    0.0000    0.7431    0.6691     20.64      8.96
    0.9659   -0.2588    0.7880    0.6157     19.41      9.00
    0.8660   -0.5000    0.9272    0.3746     23.77      8.74
    0.7071   -0.7071    0.9848    0.1736     25.93      8.84
    0.5000   -0.8660    0.9976    0.0698     26.41      8.59
    0.2588   -0.9659    0.9903    0.1392     23.80      8.64
    0.0000   -1.0000    0.7193    0.6947     23.17      9.01
   -0.2588   -0.9659    0.8290    0.5592     23.60      8.68
   -0.5000   -0.8660    0.7660    0.6428     25.62      8.00
   -0.7071   -0.7071    0.6691    0.7431     29.05      7.66
   -0.8660   -0.5000    0.3746    0.9272     29.42      6.79
   -0.9659   -0.2588    0.2419    0.9703     30.82      6.76
   -1.0000    0.0000    0.3090    0.9511     33.91      7.34
   -0.9659    0.2588    0.1736    0.9848     36.94      8.43
   -0.8660    0.5000    0.2419    0.9703     40.05      9.01
   -0.7071    0.7071    0.0349    0.9994     41.52      9.08
   -0.5000    0.8660    0.0000    1.0000     43.75      9.26
   -0.2588    0.9659    0.2419    0.9703     43.86      -999