    0.0000    1.0000    0.6691    0.7431     45.49      7.61
    0.2588    0.9659    0.7660    0.6428     45.01      8.05
    0.5000    0.8660    0.8290    0.5592     42.60      8.29
    0.7071    0.7071    0.8988    0.4384     38.63      8.59
    0.8660    0.5000    0.9511    0.3090     34.09      9.15
    0.9659    0.2588    0.9613    0.2756     26.97      9.72
    1.0000    0.0000   -0.9945    0.1045     21.96     10.00
    0.9659   -0.2588   -0.9976    0.0698     16.85     10.34
    0.8660   -0.5000   -0.9848   -0.1736     17.09     10.89
    0.7071   -0.7071   -0.9781   -0.2079     23.45     10.07
    0.5000   -0.8660    0.8660    0.5000     20.02      9.66
    0.2588   -0.9659    0.8660    0.5000     18.34      9.72
    0.0000   -1.0000    0.8829    0.4695     19.37      9.73
   -0.2588   -0.9659    0.8090    0.5878     19.37      9.64
   -0.5000   -0.8660    0.6947    0.7193     19.94      8.92
   -0.7071   -0.7071    0.6428    0.7660     23.80      7.86
   -0.8660   -0.5000    0.5299    0.8480     28.65      7.49
   -0.9659   -0.2588    0.2079    0.9781     29.73      7.84
   -1.0000    0.0000    0.2419    0.9703     29.85      8.95
   -0.9659    0.2588   -0.2079   -0.9781     32.90     10.57
   -0.8660    0.5000   -0.2756   -0.9613     36.28     12.20
   -0.7071    0.7071   -0.3420   -0.9397     42.02     11.72
   -0.5000    0.8660   -0.3090   -0.9511     43.51     11.37
   -0.2588    0.9659   -0.3420   -0.9397     44.33     11.27