    0.0000    1.0000   -0.3420   -0.9397     45.49     10.99
    0.2588    0.9659   -0.5000   -0.8660     45.01     11.19
    0.5000    0.8660   -0.6691   -0.7431     42.60     10.98
    0.7071    0.7071   -0.7431   -0.6691     38.63     10.59
    0.8660    0.5000   -0.7660   -0.6428     34.09     10.32
    0.9659    0.2588   -0.7880   -0.6157     26.97     10.40
    1.0000    0.0000   -0.8660   -0.5000     21.96     10.71
    0.9659   -0.2588   -0.9135   -0.4067     16.85     10.72
    0.8660   -0.5000   -0.9135   -0.4067     17.09     10.53
    0.7071   -0.7071   -0.9135   -0.4067     23.45     10.50
    0.5000   -0.8660   -0.9135   -0.4067     20.02     10.20
    0.2588   -0.9659    0.7660    0.6428     18.34      9.79
    0.0000   -1.0000    0.8090    0.5878     19.37      9.12
   -0.2588   -0.9659    0.7660    0.6428     19.37      8.41
   -0.5000   -0.8660    0.7193    0.6947     19.94      8.30
   -0.7071   -0.7071    0.6157    0.7880     23.80      8.39
   -0.8660   -0.5000    0.4695    0.8829     28.65      9.13
   -0.9659   -0.2588    0.4695    0.8829     29.73      8.93
   -1.0000    0.0000    0.4695    0.8829     29.85      8.68
   -0.9659    0.2588    0.3746    0.9272     32.90      9.69
   -0.8660    0.5000   -0.6691   -0.7431     36.28     10.96
   -0.7071    0.7071   -0.7193   -0.6947     42.02     11.11
   -0.5000    0.8660   -0.7660   -0.6428     43.51     11.19
   -0.2588    0.9659   -0.8660   -0.5000     44.33     12.42