    0.0000    1.0000   -0.9397   -0.3420     45.49     11.03
    0.2588    0.9659   -0.9994   -0.0349     45.01     10.98
    0.5000    0.8660   -0.9945    0.1045     42.60     10.56
    0.7071    0.7071   -0.9703    0.2419     38.63     10.33
    0.8660    0.5000   -0.9272    0.3746     34.09     10.17
    0.9659    0.2588   -0.8988    0.4384     26.97     10.03
    1.0000    0.0000    0.9781   -0.2079     21.96      9.89
    0.9659   -0.2588    0.9397   -0.3420     16.85      9.76
    0.8660   -0.5000    0.8988   -0.4384     17.09      9.59
    0.7071   -0.7071    0.9135   -0.4067     23.45      9.41
    0.5000   -0.8660    0.9272   -0.3746     20.02      9.55
    0.2588   -0.9659   -0.7880    0.6157     18.34     10.04
    0.0000   -1.0000   -0.8480    0.5299     19.37     10.68
   -0.2588   -0.9659   -0.9397    0.3420     19.37     11.33
   -0.5000   -0.8660   -1.0000    0.0000     19.94     11.05
   -0.7071   -0.7071   -0.8988   -0.4384     23.80     10.66
   -0.8660   -0.5000   -0.7660   -0.6428     28.65     10.11
   -0.9659   -0.2588    0.4067    0.9135     29.73      9.97
   -1.0000    0.0000    0.3420    0.9397     29.85      9.76
   -0.9659    0.2588    0.2419    0.9703     32.90      9.34
   -0.8660    0.5000    0.1736    0.9848     36.28      9.05
   -0.7071    0.7071    0.2079    0.9781     42.02      8.76
   -0.5000    0.8660    0.3420    0.9397     43.51      8.26
   -0.2588    0.9659    0.5299    0.8480     44.33      7.50