10        20        24        36        56
        0.00    0
       1.000000       1.000000      58.933000      58.933000      58.933000      58.933000      58.933000      58.933000      58.933000      58.933000      58.933000      58.471000      58.447000      58.493000      58.493000      58.493000      58.493000      58.493000      58.493000      58.493000      58.493000      58.493000      58.493000      58.493000      58.493000      58.493000      58.493000      58.493000      58.493000      58.493000      58.493000      58.493000      58.493000      58.493000      58.493000      58.493000      58.493000      58.493000      58.493000      58.493000      58.493000      58.493000      58.493000      58.493000      58.493000      58.493000      58.493000      58.493000      59.065000      59.065000      59.065000      59.065000      59.065000      59.065000      59.324000      59.324000
      -1.000000      -1.000000       0.137000       0.137000       0.137000       0.137000       0.137000       0.137000       0.137000       0.137000       0.137000       0.159000       0.159000       0.159000       0.159000       0.159000       0.159000       0.159000       0.159000       0.159000       0.159000       0.159000       0.159000       0.159000       0.159000       0.159000       0.159000       0.159000       0.159000       0.159000       0.159000       0.159000       0.159000       0.159000       0.159000       0.159000       0.159000       0.159000       0.159000       0.159000       0.159000       0.159000       0.159000       0.159000       0.159000       0.159000       0.159000       0.159000       0.159000       0.159000       0.159000       0.159000       0.159000       0.151000       0.151000       0.151000
       -0.20399999999999999000
       -0.09800000000000000000
        0.34200000000000003000
       -0.14399999999999999000
        0.25800000000000001000
       -0.16000000000000000000
       -0.31400000000000000000
       -0.02200000000000000000
       -0.29999999999999999000
        0.32400000000000001000
        0.10400000000000000000
        0.05600000000000000000
       -0.20999999999999999000
       -0.01000000000000000000
        0.32200000000000001000
       -0.29599999999999999000
        0.23799999999999999000
       -0.27600000000000002000
        0.26400000000000001000
       -0.28999999999999998000
        0.34399999999999997000
       -0.14999999999999999000
       -0.32800000000000001000
        0.07600000000000000000
       -0.25600000000000001000
        0.25400000000000000000
        0.03000000000000000000
        0.21400000000000000000
       -0.28799999999999998000
       -0.00400000000000000000
       -0.27600000000000002000
       -0.26200000000000001000
        0.07600000000000000000
       -0.13800000000000001000
        0.38600000000000001000
        0.31200000000000000000
       -0.15200000000000000000
        0.27200000000000002000
        0.27600000000000002000
        0.20200000000000001000
        0.26200000000000001000
       -0.00200000000000000000
        0.06200000000000000000
       -0.11200000000000000000
        0.36599999999999999000
       -0.07199999999999999000
       -0.02400000000000000000
       -0.29599999999999999000
       -0.24800000000000000000
        0.24399999999999999000
       -0.07000000000000001000
       -0.36599999999999999000
       -0.34999999999999998000
       -0.09200000000000000000
        0.03600000000000000000
        0.22400000000000000000
        0.11000000000000000000
       -0.37600000000000000000
       -0.12000000000000000000
       -0.25400000000000000000
        0.30800000000000000000
       -0.18600000000000000000
       -0.03000000000000000000
       -0.26200000000000001000
        0.36399999999999999000
       -0.27400000000000002000
        0.14799999999999999000
        0.02000000000000000000
       -0.38800000000000001000
       -0.36799999999999999000
        0.14799999999999999000
        0.11200000000000000000
       -0.39400000000000002000
        0.11600000000000001000
       -0.26200000000000001000
        0.16200000000000001000
        0.28799999999999998000
        0.11799999999999999000
       -0.03600000000000000000
       -0.38400000000000001000
       -0.35799999999999998000
        0.35799999999999998000
       -0.27200000000000002000
       -0.16200000000000001000
        0.11600000000000001000
       -0.24600000000000000000
       -0.31400000000000000000
       -0.27800000000000002000
       -0.39400000000000002000
       -0.02000000000000000000
        0.02800000000000000000
       -0.22000000000000000000
        0.05600000000000000000
        0.15800000000000000000
        0.33400000000000002000
       -0.28399999999999997000
       -0.09400000000000000000
       -0.07199999999999999000
        0.24800000000000000000
        0.23400000000000001000
       -0.38000000000000000000
       -0.23999999999999999000
        0.01800000000000000000
       -0.01000000000000000000
        0.23999999999999999000
        0.31800000000000000000
        0.02400000000000000000
       -0.35799999999999998000
        0.29399999999999998000
       -0.28599999999999998000
        0.40999999999999998000
        0.09000000000000000000
        0.01800000000000000000
       -0.28199999999999997000
       -0.17399999999999999000
        0.27800000000000002000
        0.21199999999999999000
       -0.33400000000000002000
        0.35999999999999999000
       -0.13400000000000001000
        0.08000000000000000000
        0.32600000000000001000
       -0.17399999999999999000
        0.16200000000000001000
        0.08200000000000000000
        0.17000000000000001000
        0.01400000000000000000
        0.37400000000000000000
        0.12200000000000000000
        0.25200000000000000000
        0.00800000000000000000
        0.01200000000000000000
        0.44200000000000000000
       -0.06000000000000000000
       -0.28199999999999997000
       -0.32000000000000001000
        0.08200000000000000000
       -0.29599999999999999000
       -0.07600000000000000000
       -0.34599999999999997000
        0.04800000000000000000
        0.27000000000000002000
       -0.17199999999999999000
       -0.37600000000000000000
        0.00400000000000000000
        0.24199999999999999000
       -0.29399999999999998000
       -0.13000000000000000000
       -0.37000000000000000000
        0.37800000000000000000
       -0.35399999999999998000
       -0.32000000000000001000
       -0.07400000000000000000
        0.26400000000000001000
       -0.08200000000000000000
        0.02400000000000000000
       -0.07400000000000000000
       -0.14599999999999999000
        0.12400000000000000000
       -0.02200000000000000000
       -0.16200000000000001000
        0.34599999999999997000
        0.33600000000000002000
        0.01200000000000000000
        0.30399999999999999000
        0.01000000000000000000
       -0.21199999999999999000
        0.18800000000000000000
       -0.33400000000000002000
        0.03800000000000000000
       -0.24199999999999999000
        0.08799999999999999000
        0.09600000000000000000
       -0.38000000000000000000
       -0.07000000000000001000
       -0.14999999999999999000
        0.17000000000000001000
       -0.07400000000000000000
       -0.23200000000000001000
       -0.30800000000000000000
        0.06800000000000000000
       -0.11000000000000000000
       -0.16200000000000001000
        0.15200000000000000000
       -0.34000000000000002000
        0.22800000000000001000
       -0.07400000000000000000
       -0.23200000000000001000
       -0.05800000000000000000
        0.07199999999999999000
       -0.31000000000000000000
       -0.04400000000000000000
        0.09800000000000000000
       -0.28000000000000003000
       -0.11600000000000001000
       -0.20599999999999999000
       -0.01800000000000000000
       -0.27000000000000002000
       -0.14599999999999999000
       -0.08000000000000000000
       -0.26200000000000001000
        0.14799999999999999000
        0.35399999999999998000
        0.19600000000000001000
        0.19800000000000001000
       -0.33800000000000002000
        0.02000000000000000000
        0.25200000000000000000
       -0.03800000000000000000
       -0.23999999999999999000
       -0.28199999999999997000
       -0.20999999999999999000
       -0.36399999999999999000
       -0.13400000000000001000
       -0.05000000000000000000
        0.23200000000000001000
       -0.06600000000000000000
        0.17799999999999999000
       -0.11200000000000000000
        0.29399999999999998000
       -0.38000000000000000000
        0.03800000000000000000
       -0.34799999999999998000
        0.09800000000000000000
        0.15400000000000000000
        0.14799999999999999000
       -0.18400000000000000000
        0.28399999999999997000
        0.29999999999999999000
        0.21800000000000000000
        0.36599999999999999000
       -0.09800000000000000000
       -0.34599999999999997000
       -0.08000000000000000000
       -0.14399999999999999000
        0.19200000000000000000
        0.12400000000000000000
       -0.04400000000000000000
       -0.20999999999999999000
        0.00000000000000000000
       -0.35799999999999998000
        0.29799999999999999000
        0.22200000000000000000
       -0.01000000000000000000
        0.06400000000000000000
        0.03000000000000000000
       -0.29799999999999999000
        0.03200000000000000000
        0.01200000000000000000
        0.33400000000000002000
       -0.38000000000000000000
       -0.22200000000000000000
        0.36599999999999999000
        0.28799999999999998000
       -0.34399999999999997000
        0.16000000000000000000
       -0.12200000000000000000
        0.06600000000000000000
       -0.19000000000000000000
       -0.23400000000000001000
        0.19400000000000001000
        0.02800000000000000000
       -0.08200000000000000000
       -0.26800000000000002000
       -0.26800000000000002000
        0.07600000000000000000
        0.12200000000000000000
       -0.34799999999999998000
       -0.34200000000000003000
        0.12000000000000000000
        0.04600000000000000000
       -0.17199999999999999000
       -0.04800000000000000000
        0.29399999999999998000
        0.28000000000000003000
       -0.20999999999999999000
        0.28599999999999998000
       -0.23200000000000001000
        0.32800000000000001000
        0.03000000000000000000
        0.16800000000000001000
        0.38000000000000000000
        0.23400000000000001000
       -0.32600000000000001000
       -0.06000000000000000000
       -0.07199999999999999000
       -0.41199999999999998000
       -0.03800000000000000000
       -0.25400000000000000000
        0.17000000000000001000
       -0.34200000000000003000
        0.28999999999999998000
       -0.19400000000000001000
       -0.22000000000000000000
        0.33200000000000002000
        0.03200000000000000000
       -0.08599999999999999000
        0.12000000000000000000
        0.31600000000000000000
       -0.08400000000000001000
        0.20000000000000001000
       -0.16000000000000000000
        0.31000000000000000000
       -0.36399999999999999000
       -0.12400000000000000000
        0.17199999999999999000
        0.07199999999999999000
        0.19200000000000000000
       -0.43600000000000000000
       -0.06800000000000000000
       -0.22200000000000000000
        0.26200000000000001000
        0.09400000000000000000
        0.25600000000000001000
        0.15400000000000000000
        0.00600000000000000000
       -0.37400000000000000000
        0.19000000000000000000
       -0.03400000000000000000
       -0.33600000000000002000
        0.05000000000000000000
        0.22200000000000000000
        0.05800000000000000000
       -0.33400000000000002000
       -0.30800000000000000000
       -0.24600000000000000000
        0.10800000000000000000
       -0.38000000000000000000
        0.03800000000000000000
        0.03600000000000000000
        0.14799999999999999000
        0.02000000000000000000
       -0.04400000000000000000
       -0.33800000000000002000
       -0.38800000000000001000
        0.08000000000000000000
       -0.18800000000000000000
        0.22800000000000001000
       -0.28999999999999998000
        0.26200000000000001000
        0.32600000000000001000
        0.22600000000000001000
       -0.09000000000000000000
        0.32800000000000001000
       -0.31000000000000000000
        0.17399999999999999000
       -0.08599999999999999000
        0.15600000000000000000
       -0.16600000000000001000
       -0.15200000000000000000
        0.33600000000000002000
        0.02600000000000000000
        0.12000000000000000000
       -0.04000000000000000000
        0.22800000000000001000
        0.26800000000000002000
        0.02200000000000000000
       -0.10800000000000000000
        0.06400000000000000000
        0.08000000000000000000
        0.35999999999999999000
        0.19600000000000001000
       -0.27400000000000002000
        0.22800000000000001000
        0.34999999999999998000
        0.19400000000000001000
       -0.30199999999999999000
        0.18600000000000000000
       -0.02800000000000000000
       -0.18600000000000000000
        0.26800000000000002000
       -0.34399999999999997000
        0.08000000000000000000
       -0.36599999999999999000
        0.12200000000000000000
        0.04800000000000000000
       -0.13000000000000000000
       -0.20000000000000001000
       -0.23200000000000001000
       -0.33000000000000002000
        0.19600000000000001000
        0.14799999999999999000
        0.07600000000000000000
       -0.25600000000000001000
       -0.20000000000000001000
        0.12200000000000000000
        0.29399999999999998000
        0.23400000000000001000
       -0.22600000000000001000
       -0.19800000000000001000
        0.13000000000000000000
        0.15400000000000000000
       -0.29399999999999998000
        0.20000000000000001000
       -0.16000000000000000000
       -0.23400000000000001000
       -0.48199999999999998000
       -0.07400000000000000000
        0.22200000000000000000
       -0.26400000000000001000
        0.37800000000000000000
       -0.25400000000000000000
       -0.27200000000000002000
        0.19200000000000000000
        0.30399999999999999000
       -0.01200000000000000000
       -0.37400000000000000000
        0.17999999999999999000
        0.16200000000000001000
       -0.13000000000000000000
       -0.32800000000000001000
       -0.14399999999999999000
        0.34999999999999998000
       -0.01200000000000000000
       -0.39600000000000002000
       -0.01200000000000000000
       -0.30599999999999999000
       -0.39400000000000002000
       -0.38000000000000000000
       -0.03600000000000000000
       -0.05400000000000000000
        0.35199999999999998000
        0.14599999999999999000
       -0.25000000000000000000
        0.30399999999999999000
       -0.09000000000000000000
        0.08000000000000000000
       -0.11000000000000000000
       -0.00200000000000000000
       -0.26000000000000001000
        0.35799999999999998000
        0.07800000000000000000
        0.06800000000000000000
       -0.09400000000000000000
        0.18400000000000000000
        0.25000000000000000000
        0.39800000000000002000
       -0.20999999999999999000
        0.09400000000000000000
        0.17599999999999999000
        0.38000000000000000000
       -0.05600000000000000000
        0.10600000000000000000
       -0.21800000000000000000
       -0.04800000000000000000
       -0.06600000000000000000
       -0.35799999999999998000
        0.28199999999999997000
        0.11600000000000001000
       -0.09800000000000000000
        0.38600000000000001000
        0.01000000000000000000
        0.34000000000000002000
       -0.32800000000000001000
       -0.13400000000000001000
       -0.06400000000000000000
       -0.20000000000000001000
        0.25200000000000000000
       -0.22400000000000000000
        0.35399999999999998000
       -0.24199999999999999000
        0.28399999999999997000
        0.47999999999999998000
        0.03000000000000000000
        0.28799999999999998000
        0.03400000000000000000
       -0.15200000000000000000
        0.37400000000000000000
        0.17399999999999999000
       -0.40000000000000002000
       -0.19200000000000000000
       -0.36599999999999999000
        0.24600000000000000000
       -0.02200000000000000000
       -0.34799999999999998000
        0.28399999999999997000
        0.26400000000000001000
       -0.18600000000000000000
       -0.37000000000000000000
        0.11799999999999999000
       -0.37600000000000000000
        0.08599999999999999000
       -0.37200000000000000000
       -0.29199999999999998000
        0.47199999999999998000
        0.08799999999999999000
       -0.24199999999999999000
       -0.25600000000000001000
        0.05400000000000000000
        0.01600000000000000000
        0.37200000000000000000
        0.27000000000000002000
        0.36599999999999999000
       -0.20000000000000001000
        0.09600000000000000000
        0.33800000000000002000
       -0.29999999999999999000
       -0.26600000000000001000
        0.23999999999999999000
        0.06600000000000000000
       -0.14399999999999999000
       -0.35599999999999998000
        0.19400000000000001000
       -0.03600000000000000000
        0.15400000000000000000
        0.39400000000000002000
       -0.23599999999999999000
       -0.01200000000000000000
        0.16600000000000001000
        0.31800000000000000000
        0.11799999999999999000
       -0.25000000000000000000
       -0.21600000000000000000
       -0.10800000000000000000
       -0.39800000000000002000
        0.13600000000000001000
       -0.11200000000000000000
       -0.14399999999999999000
        0.19600000000000001000
        0.16800000000000001000
       -0.06600000000000000000
       -0.14599999999999999000
       -0.17799999999999999000
       -0.28599999999999998000
        0.11000000000000000000
        0.00600000000000000000
       -0.39800000000000002000
        0.36399999999999999000
       -1.39333735654216495000        0.01695891512882526000       -0.32734561590272165000       -1.27103146639427544000        0.78449849452093201000        0.61238079901693054000       -0.02623977792280600000       -0.71035118486885274000        1.71120592804364047000       -0.18527681009553931000        0.26212084676347375000       -0.94355013911185936000        0.35677218917393355000       -0.03461897907891512000       -0.18355273614429921000        0.56523237948098048000       -0.24540103203722627000       -1.32725975762248405000        0.12116472477331479000        0.02997924109926647000        1.21175055490051653000       -0.45544623307289656000        1.29654489201063727000        2.37043110966563564000       -0.07446664192454774000       -1.08154771558312834000        0.11101694659892705000       -0.46162642491345346000       -1.14193047230265621000        0.66490124129216099000        0.59549583007915186000        0.13396623019147605000       -0.62334462455259187000        1.65353909330116289000       -0.09884865711946554000        0.17137865067598482000       -0.55569192211159113000        0.26655164740757314000        0.18030670778391239000       -0.22572778191825549000        0.39418711517691496000       -0.25848166844228859000       -1.33844168772820682000        0.16337086491884911000        0.05261158814043987000        1.06429499628334323000       -0.55048234540541630000        1.13999004519695868000        1.94964079558776193000        0.00426152206854211000       -0.83123600400967734000        0.28742912646201757000       -0.54108726251940897000       -1.07659007493561876000        0.72018617875119872000        0.61190517755508844000        0.22077541585115146000       -0.66146475326221477000        1.63536145530823007000       -0.01254443979476738000        0.21092044992098727000       -0.28365118601319705000        0.16335171140426466000        0.39852999632373043000       -0.22673481033264345000        0.26660383996598225000       -0.21870778316337089000       -1.29665632740446624000        0.24455816303818662000       -0.04117737591711457000        1.08736933569346994000       -0.59708799953193359000        1.07488039965494941000        1.74600907893599167000        0.12147597447173919000       -0.75386265819495013000        0.41646047335555902000       -0.56871768208519458000       -1.09693984876073070000        0.91376663029051786000        0.70518815277805147000        0.32883944265055498000       -0.74605632116434306000        1.64234756937133142000        0.00489897581290535000        0.26456396407489224000       -0.11762927183269081000        0.05734442151018638000        0.56327777439116211000       -0.06904946260442842000        0.21847981522915991000       -0.15917371225718124000       -1.26246895038542051000        0.34262930662064006000       -0.07633409270340721000        1.23731993142841090000       -0.61770436491526903000        0.97864238983973884000        1.62759478302173966000        0.24561978993030659000       -0.64385811193307230000        0.51098689050013202000       -0.52949181622826702000       -1.10428113651785242000        0.95811281985164565000        0.85638812104192730000        0.41832768580258178000       -0.84595944945287904000        1.65990184609038050000        0.00000196156516415000        0.39752909090618604000        0.09789284555618755000        0.05371879726386803000        0.52314409467929301000        0.12394441102598808000        0.15084168193182967000       -0.10867211295497742000       -1.13990921577853954000        0.43717849168801826000        0.03413286620467015000        1.28361742023698100000       -0.68208073828038229000        1.03900333729081740000        1.66752150019276013000        0.31361047203094483000       -0.54657193882804767000        0.71066539507616711000       -0.62343175127571782000       -1.18069181483292396000        0.93711058872870934000        0.94663974438509024000        0.51066257225828604000       -0.88313513920151232000        1.73889169148407885000       -0.03975671216910696000        0.47490307488173544000        0.38123918174578375000        0.08408189887097010000        0.59632674955420184000        0.23892450675956639000       -0.07006744323000319000       -0.13565426634194813000       -1.06551416367342688000        0.53265164164768142000       -0.07412377136058795000        1.40913399243889415000       -0.73178727650311626000        1.13074836055497774000        1.64469691415917119000        0.33743551084134171000       -0.34297212027295815000        0.90151419344650929000       -0.74593257838424742000       -1.22151299261506940000        0.91631193667567756000        0.88710760246456577000        0.61890780053762828000       -0.88752642456684716000        1.74425763787277743000        0.01973978904188204000        0.48933794279898513000        0.50141055168871318000        0.06201318212630799000        0.76856430556980937000        0.18062062144145946000       -0.16779278417110829000       -0.09164283520332504000       -0.95232792431352364000        0.61016849806513596000       -0.27386829354191872000        1.29163476467308480000       -0.73912386680933884000        1.22789142780571225000        1.55357204593136533000        0.41434958707771363000       -0.21732326240911323000        1.09790006759466152000       -0.79171377569527723000       -1.26233372062251292000        0.91120336239064292000        0.79570046514483939000        0.74711971477208305000       -0.93188090302823268000        1.72518572698894523000        0.04676876631492179000        0.60452865085954699000        0.55760585979397437000        0.08123211508255300000        0.86205295385169778000        0.16835595607172762000       -0.17065647045346563000       -0.06178363646329121000       -0.97193574914757330000        0.69290834424196512000       -0.42639654305355512000        1.23571063825955152000       -0.68531543349542146000        1.26065549726314097000        1.45374237379075621000        0.50564004486919500000       -0.26009813132814003000        1.28138392082595476000       -0.79352666660585336000       -1.36496465193964878000        1.14478790041900980000        0.85060451399616233000        0.80622676764113121000       -0.82147903994665350000        1.79573043498713458000        0.03661128034638909000        0.68795314011964437000        0.64759001048161713000        0.11330626284104316000        0.96599226252343307000        0.13217582245792792000       -0.20851106921084939000       -0.06915497254571432000       -1.01052829614082085000        0.75033587774417065000       -0.56747506882876153000        1.18694726541755546000       -0.69461455205126310000        1.31398829929867622000        1.64127872056762425000        0.67137894969341316000       -0.23276045366734713000        1.45316512575712986000       -0.75118131056237536000       -1.34283346278871663000        1.23200878144055070000        0.91053543038108797000        0.82564603705921868000       -0.87830215397921296000        1.75030728182828521000        0.09720348535767319000        0.79152945710396050000        0.77750692369079188000        0.16403248126848763000        0.93879702373918639000        0.12397430711797905000       -0.28423692334247741000        0.00414175678199588000       -0.88703728223450573000        0.81904646262969871000       -0.67851895510138882000        1.15137794147697736000       -0.73562180551508183000        1.42021333902117419000        1.76935107503170008000        0.72198154605855358000       -0.17695957417276267000        1.62353798939520155000       -0.69847783357846327000       -1.28430692854119166000        1.12752670046606940000        0.97679716505129366000        0.81706846296248214000       -0.88090417522719988000        1.71404633757417080000        0.14690619017134410000        0.81258513072353378000        0.81814528403925468000        0.11423130433438923000        0.85009603701177039000        0.14825742114387461000       -0.35634844963419793000        0.06884800407788973000       -0.76621402543151118000        0.85914726673358011000       -0.76313130980446675000        1.17337166581124386000       -0.77513589703391250000        1.40815737394271401000        1.69590733460721887000        0.64782610641474336000       -0.01682329142756319000        1.74430888078441759000       -0.74175265222920550000       -1.30015013315198802000        1.03473780090519374000        1.08186344804105983000        0.81569508646047040000       -0.79360210005713572000        1.75428407021268695000        0.23311676797588921000        0.75143130836254790000        0.86504251940502053000        0.05814088320507556000        0.91828573632574839000        0.21691249034520579000       -0.40294562760392250000        0.08677419424519731000       -0.66570541715988962000        0.87332313911121007000       -0.91905399658832432000        1.08882422066917406000       -0.83643667785171694000        1.33327052304208937000        1.57119500265779277000        0.68387048498778924000        0.00412919809706639000        1.81108589919647778000       -0.81203085333179192000       -1.28844954949887813000        0.99268698128468080000        1.13759257455701235000        0.87530009278889798000       -0.81174630981782347000        1.74106538901605390000        0.22648362962073773000        0.72585855304617852000        0.93826227616893021000        0.07984573805930127000        0.97456982263645442000        0.32649896048153826000       -0.46195801465666220000        0.06129952738641718000       -0.71662766139689382000        0.89703313718887912000       -1.07212152662728277000        1.08726607985051338000       -0.85893830074835575000        1.27676028468966440000        1.44587352547187065000        0.69806403493592339000       -0.00490086645450938000        1.91158057277746618000       -0.82969072685894751000       -1.27209884570992759000        0.97506952214102249000        1.15663272950327478000        0.88554200498761448000       -0.85132754582143100000        1.68419765522526799000        0.27919991851120052000        0.76892948472061995000        1.04877759612692567000        0.08248740129900989000        0.87306911859100089000        0.27894525590412989000       -0.40043663691643377000        0.10990543824740671000       -0.70179473266676984000        0.92105913068757794000       -1.31712159370828874000        0.87792512623262986000       -0.96296225957197767000        1.34135659354624726000        1.50356436462555321000        0.67698644413490172000       -0.07250307113724669000        1.97005221158620114000       -0.72375872545511832000       -1.35655923343170004000        0.99573921523391695000        1.16307291121421841000        0.81733103865395096000       -0.82340397200737270000        1.68570946117812537000        0.30405968761170604000        0.85234529863561126000        1.05856437515403923000        0.12976028777212506000        0.90245203191452694000        0.23138359652578155000       -0.47040060552452373000        0.12699324513143825000       -0.61236664580376998000        0.93285282340114106000       -1.52883389728660180000        0.84551277392038104000       -1.01976426213208415000        1.36169622705739690000        1.54940589910550996000        0.69351970438692134000       -0.09089036517914273000        2.00863605626115227000       -0.74245242188658389000       -1.38724352586687427000        0.98897817850586645000        1.15749283398480940000        0.82444043523908062000       -0.69069801898653516000        1.65780706177360182000        0.46456084666137493000        0.79279123400771112000        1.03409091209645343000        0.20180753466865672000        0.91021336716780177000        0.10031846312511046000       -0.43782372398812175000        0.20045158595860510000       -0.46054071052644324000        0.91362877842043200000       -1.67081469971507657000        0.67101089543072934000       -1.06262657213097622000        1.40432461070202330000        1.66244289016080216000        0.70316279717337826000        0.01595558717353080000        2.07517971103836141000       -0.76601555396765997000       -1.40410281594573516000        0.92237975172735109000        1.21631615094711965000        0.78186032650763426000       -0.44832445371403512000        1.69000638329051234000        0.56781107466690939000        0.73225008550943116000        1.06752851635871315000        0.30877124412641344000        0.98765629344665817000        0.05156697040553948000       -0.55868136363616550000        0.17009473889269305000       -0.34406820962848850000        0.84061172072094126000       -1.81286531108261006000        0.59505740052382061000       -1.13509577173038578000        1.42549666664521957000        1.77001990516614605000        0.76255366654208157000        0.04805886690470235000        2.12008735694646955000       -0.86630100316423853000       -1.30660535745280382000        0.91936541308813502000        1.22936389764871645000        0.79557508628520912000       -0.36501244086591544000        1.55051778017563624000        0.63626811044707887000        0.62750154036631067000        1.10116849003135875000        0.29543038840870312000        1.08369785103838501000        0.02030620435538201000       -0.57545708793310102000        0.16192822843876131000       -0.31314031167630724000        0.78722094709605128000       -2.06002286656945355000        0.54374929714041553000       -1.16923343016530001000        1.35571275610432984000        1.71555501004494526000        0.75444310724312702000        0.17881067565788200000        2.15268760003879134000       -0.82875251672843298000       -1.17906144286932579000        0.96478838417537449000        1.16431632305522892000        0.73676622226727106000       -0.40265548074785484000        1.41841852748255248000        0.68299034478973564000        0.61627576984277221000        0.99808223200064783000        0.21387504239924826000        1.06957596126340149000       -0.00211220231269882000       -0.50482133775020710000        0.25402988617737859000       -0.14719895350227410000        0.70166541824486206000       -2.20055277314783604000        0.43076465620776788000       -1.19659381813846433000        1.37830349030007460000        1.68523152608549398000        0.74803993867636687000        0.04923543676244856000        2.28730075382603237000       -0.79099238836254593000       -1.24061964364300681000        1.08731927442379472000        1.17489844200814830000        0.65453917512689985000       -0.28932181932541795000        1.42508168513307187000        0.59172506441179196000        0.61757899357280621000        0.82020348890693084000        0.11237617242113625000        1.02872312029321722000        0.02652049272136136000       -0.47560667795867922000        0.22292011606402576000       -0.12160450875121312000        0.64324072796987475000       -2.44261939196717570000        0.55524061806673941000       -1.18531181830321763000        1.32330763241427696000        1.74686152850058862000        0.71611906030793437000        0.01356866421318887000        2.25403170503337291000       -0.71850243993251994000       -1.24715551626636745000        1.10717988006014667000        1.22045770108620855000        0.62206009169589838000       -0.16924163477458840000        1.38134029624385657000        0.52318450860835342000        0.57608377397320309000        0.68178644647843667000        0.06182234658892458000        1.02802007390212036000        0.06798206716877112000       -0.47040687903725525000        0.18066100628328660000       -0.04879443988672207000        0.59635941121156100000       -2.46467317686455711000        0.49619241748967569000       -1.18451250307030542000        1.27939694520437541000        1.74151896698602693000        0.71670974911991858000        0.02957535270050845000        2.28150026612761225000       -0.82305965635547418000       -1.16674853696807057000        1.07055545376026373000        1.18902791208442049000        0.66314277342965622000       -0.15824063602326746000        1.32724180241612899000        0.46858047826708671000        0.52540527431202189000        0.59668593686134375000        0.05930385824179527000        0.94784854412519293000        0.11926347159336513000       -0.51862520573529280000        0.15474302983847021000        0.00659924916270254000        0.51510323835783800000       -2.54321797057377097000        0.53815205883376793000       -1.17569530313075465000        1.25090923201930293000        1.65337261454839224000        0.64707562014215358000        0.05280112710632208000        2.36380705046565875000       -0.84864929450824234000       -1.14006840094441664000        1.04743627526017535000        1.15639525196057824000        0.59845005074993207000        0.08677310518587565000        1.30504610379281361000        0.44824769797687336000        0.40010420733389540000        0.48404106262686158000       -0.00256329223799806000        0.97341634586287651000        0.03079108900383897000       -0.53658502404294439000        0.07513551033193859000       -0.00932117775623788000        0.41280144964686388000       -2.75397071737904042000        0.42080478266374644000       -1.19656703213061855000        1.19671392873439308000        1.61224083985743505000        0.63603838980734140000        0.08506623671413567000        2.31087864074913041000       -0.73981468844711440000       -1.01329798481051081000        0.96106433984010464000        1.07419748859327902000        0.54501667561584310000        0.06345481710135421000        1.13035287893696013000        0.48922988381413346000        0.38169445343578712000        0.34491208226045417000       -0.01417568645557146000        0.95458246636738775000       -0.00030498284852392000       -0.47144971673106773000        0.07815948598711608000        0.04017117594721603000        0.37168755691916228000       -2.77352079407729502000        0.30607126679685454000       -1.12875182081195380000        1.14508776286876657000        1.45014732314978190000        0.58991063223575146000        0.00479297457635834000        2.33353018255076927000       -0.56204743773435539000       -0.93856706734058082000        0.84684221944048155000        1.03100356702745621000        0.47142127589795252000        0.08519249106677487000        1.02452419379320059000        0.47270723128837211000        0.41260367039931983000        0.21149184550042197000       -0.04023793117667952000        0.67110142821739605000        0.00002434355372187000       -0.36149133875537581000        0.08600048035922793000        0.06662208127180039000        0.31966112158382998000       -2.74425074211808306000        0.25239294248737071000       -1.12249177551959711000        1.12828663523941919000        1.40566005340735889000        0.44431429919857807000        0.02090692238250002000        2.40313163960401566000       -0.48508180706705062000       -0.97936541607445449000        0.80941145805372972000        1.05604527708853668000        0.36787546053254566000        0.28104941051037680000        1.03078191666880636000        0.46745078610020480000        0.39142555652611810000        0.12917213394977325000       -0.06599689005113303000        0.57149412141873823000       -0.03419642601333015000       -0.44096726181080703000        0.01698967586450796000        0.20743207928969484000        0.23511727405958280000       -2.82518564019708007000        0.25702272815427790000       -1.14550710671354428000        1.14411210371371519000        1.44954995442032675000        0.38610595021560856000        0.10533759452960424000        2.38179855233470583000       -0.53105608398403636000       -0.86703409170988599000        0.70081196740503093000        0.95626961203229111000        0.39620670416716691000        0.30304317843987488000        0.87381827394622535000        0.51099918239159003000        0.29402507714094384000        0.01905508518543050000       -0.10035729351260929000        0.51318000303423883000       -0.05410472201835891000       -0.46218386592881722000        0.01440092791629730000        0.33531187517375277000        0.14765958052591072000       -2.85540010240937647000        0.25495841372219158000       -1.09655738770845934000        1.11122342894345483000        1.24947082552592592000        0.26531291939937546000        0.13272335563162513000        2.38473693677120036000       -0.51127400307250592000       -0.77868515104146296000        0.51009906351263989000        0.85835383790111586000        0.36925131035249298000        0.34355197032497348000        0.78069351940820664000        0.58593347522702066000        0.21676547487211237000       -0.06602154173920813000       -0.11497158848138829000        0.35319098351062883000       -0.11313219692243785000       -0.30605240174480347000        0.02098077771379239000        0.32870280890531395000        0.09135882917386424000       -2.88309893552810159000        0.11423350850995412000       -1.05443492319117760000        1.11993391742882853000        1.13727399597360002000        0.11685888949270165000        0.12317857173362211000        2.28937661018628313000       -0.40437726100500843000       -0.73658549804484985000        0.42360257607472268000        0.80407735827742455000        0.28422978423118672000        0.35229940111024066000        0.69751678774618775000        0.57660871628372079000        0.24900426715284915000       -0.14336935843575208000       -0.12892880291978973000        0.28941131533575343000       -0.14423548357310625000       -0.23815732676060630000       -0.03147502034315507000        0.35539355036797282000        0.05720599715011775000       -2.82798970350852663000        0.07261567209149333000       -0.97116796128539296000        1.12454947384011628000        1.08288111552597854000        0.01560987008955557000        0.04554622167986876000        2.14344254316201432000       -0.16852268363219766000       -0.56516268983760809000        0.32135333578476527000        0.76013146492321337000        0.23055605122842951000        0.37402826040403914000        0.49194176646097948000        0.47732130102302900000        0.27613347904371577000       -0.37726080445536830000       -0.22821143147193548000        0.08069333468138633000       -0.17593516122346439000       -0.12033230662611631000       -0.04012290743376255000        0.35701347379448078000        0.01209486866446501000       -2.64703231656104077000       -0.01594646237085204000       -0.95215143365991850000        1.11839224773807233000        1.05691333238051755000       -0.12478903177520929000       -0.03954162579181705000        2.05516030186234877000        0.00905029975992512000       -0.50835554330047006000        0.22762205951523168000        0.85133685402695014000        0.10415336516593210000        0.56929111553013956000        0.49562792861515070000        0.42087784010774260000        0.24661042720796433000       -0.59505209058140862000       -0.24710166584875079000       -0.03957532465497167000       -0.18805433375017480000       -0.08143307634868607000       -0.10096020071542164000        0.35422021733037851000       -0.03228686068692911000       -2.51615310140649617000       -0.06298884431443690000       -0.95396809105057956000        1.11641030604530922000        1.19704207885606562000       -0.18307948173391553000       -0.08885068708344132000        1.92233794108113676000        0.02714404818241211000       -0.49484720953321476000        0.17942675157682919000        0.97926771299397530000        0.03449855487763608000        0.68710566557274844000        0.52202747222932722000        0.39490763849820149000        0.17062119745627530000       -0.67075709254369098000       -0.26243381682485434000       -0.00723514935125288000       -0.11100430857143515000       -0.05878659793611059000       -0.20106239682839305000        0.34557787897006764000       -0.05432119656493108000       -2.43140850776697093000       -0.06224521163560660000       -0.92012076988351266000        1.01565045114661689000        1.17457041637358683000       -0.19325954072851212000       -0.09538321378599424000        1.75035641674961684000        0.04312387937715521000       -0.37533685203107436000        0.16663510143850455000        1.00929068368294295000        0.02615706646742667000        0.68823399547030517000        0.45953786010071956000        0.27557572865660551000        0.13314670061144598000       -0.72196143552475289000       -0.33220509390793584000       -0.07577422003714555000       -0.03603835274381384000       -0.03301927844211048000       -0.26557855704571703000        0.34331284377281135000       -0.11857902092322609000       -2.26186642613456357000       -0.08709648143838131000       -0.91279004831071042000        0.96213413150222626000        1.07790111264278687000       -0.25538968314594462000       -0.18043164958084487000        1.68674957985804430000        0.07410459591948644000       -0.35797705491350962000        0.21045954698862154000        1.05371317993977143000       -0.05153763309302092000        0.76458013768608368000        0.47959532066881561000        0.14719520898582947000        0.15331647477358051000       -0.82584851903330025000       -0.39617029318466240000       -0.15335278664969496000       -0.06076915890297094000       -0.05418399236444227000       -0.33804739309834797000        0.35607838009715664000       -0.16601974340880005000       -2.27806850674110040000       -0.08846979272277161000       -0.94143202461652509000        0.96678943328953637000        1.16476120539852701000       -0.29734136002889106000       -0.18333394524437294000        1.50909203667558622000        0.19899899336087276000       -0.29739970006110983000        0.17752389214910161000        1.04816177313483294000       -0.08827906113100137000        0.80861516674247347000        0.40866908927103390000        0.04809697089115822000        0.18114882602300683000       -1.00899086110199732000       -0.45874105905567208000       -0.16788105444048410000       -0.03945168882011902000       -0.04987276639539057000       -0.39134919327859075000        0.39998314010256492000       -0.20579530247467212000       -2.10096870479659037000       -0.09613260396713055000       -0.88893657387074265000        0.86280525187083512000        1.04399456551391490000       -0.32211741672563027000       -0.18671812696677931000        1.35760637060825107000        0.33423370460647955000       -0.16918252181343368000        0.05481988396075551000        1.07586814165317524000       -0.09625396009106543000        0.85448356238703904000        0.30720264856703255000       -0.03109619891771019000        0.21909122770197928000       -1.14105418699803018000       -0.47908105504504467000       -0.35871103765369911000        0.00688681827834230000        0.02870823057606512000       -0.44086009605855325000        0.39385471513144688000       -0.24670296896666774000       -1.83984092734792482000       -0.16454686823908890000       -0.86145954951444526000        0.79706424795913722000        0.98461648398906032000       -0.39181652944084511000