0.707 0.707 36.91 38.153 39.391 33.442 31.923 31.011 30.649 30.155 25.946 25.203 27.873 27.823 28.858 27.047 29.371 20.992 30.75 23.844 13.17 11.126 21.675 19.323 23.578 23.096 15.947 16.227 38.52 41.753 26.46 17.96 15.58 13.297 13.931 13.564 12.375 13.625 12.023 8.821 11.642 15.989 16.513 16.209 15.903 14.198 12.801 14.777 17.727 17.791 13.01 14.102 14.359 13.469 13.511 12.513 
0.734 0.679 38.153 39.391 33.442 31.923 31.011 30.649 30.155 25.946 25.203 27.873 27.823 28.858 27.047 29.371 20.992 30.75 23.844 13.17 11.126 21.675 19.323 23.578 23.096 15.947 16.227 38.52 41.753 26.46 17.96 15.58 13.297 13.931 13.564 12.375 13.625 12.023 8.821 11.642 15.989 16.513 16.209 15.903 14.198 12.801 14.777 17.727 17.791 13.01 14.102 14.359 13.469 13.511 12.513 10.09 
0.763 0.646 39.391 33.442 31.923 31.011 30.649 30.155 25.946 25.203 27.873 27.823 28.858 27.047 29.371 20.992 30.75 23.844 13.17 11.126 21.675 19.323 23.578 23.096 15.947 16.227 38.52 41.753 26.46 17.96 15.58 13.297 13.931 13.564 12.375 13.625 12.023 8.821 11.642 15.989 16.513 16.209 15.903 14.198 12.801 14.777 17.727 17.791 13.01 14.102 14.359 13.469 13.511 12.513 10.09 9.220 
0.791 0.612 33.442 31.923 31.011 30.649 30.155 25.946 25.203 27.873 27.823 28.858 27.047 29.371 20.992 30.75 23.844 13.17 11.126 21.675 19.323 23.578 23.096 15.947 16.227 38.52 41.753 26.46 17.96 15.58 13.297 13.931 13.564 12.375 13.625 12.023 8.821 11.642 15.989 16.513 16.209 15.903 14.198 12.801 14.777 17.727 17.791 13.01 14.102 14.359 13.469 13.511 12.513 10.09 9.220 7.422 
0.817 0.577 31.923 31.011 30.649 30.155 25.946 25.203 27.873 27.823 28.858 27.047 29.371 20.992 30.75 23.844 13.17 11.126 21.675 19.323 23.578 23.096 15.947 16.227 38.52 41.753 26.46 17.96 15.58 13.297 13.931 13.564 12.375 13.625 12.023 8.821 11.642 15.989 16.513 16.209 15.903 14.198 12.801 14.777 17.727 17.791 13.01 14.102 14.359 13.469 13.511 12.513 10.09 9.220 7.422 5.449 
0.841 0.541 31.011 30.649 30.155 25.946 25.203 27.873 27.823 28.858 27.047 29.371 20.992 30.75 23.844 13.17 11.126 21.675 19.323 23.578 23.096 15.947 16.227 38.52 41.753 26.46 17.96 15.58 13.297 13.931 13.564 12.375 13.625 12.023 8.821 11.642 15.989 16.513 16.209 15.903 14.198 12.801 14.777 17.727 17.791 13.01 14.102 14.359 13.469 13.511 12.513 10.09 9.220 7.422 5.449 4.440 
0.866 0.5 30.649 30.155 25.946 25.203 27.873 27.823 28.858 27.047 29.371 20.992 30.75 23.844 13.17 11.126 21.675 19.323 23.578 23.096 15.947 16.227 38.52 41.753 26.46 17.96 15.58 13.297 13.931 13.564 12.375 13.625 12.023 8.821 11.642 15.989 16.513 16.209 15.903 14.198 12.801 14.777 17.727 17.791 13.01 14.102 14.359 13.469 13.511 12.513 10.09 9.220 7.422 5.449 4.440 5.108 
0.885 0.466 30.155 25.946 25.203 27.873 27.823 28.858 27.047 29.371 20.992 30.75 23.844 13.17 11.126 21.675 19.323 23.578 23.096 15.947 16.227 38.52 41.753 26.46 17.96 15.58 13.297 13.931 13.564 12.375 13.625 12.023 8.821 11.642 15.989 16.513 16.209 15.903 14.198 12.801 14.777 17.727 17.791 13.01 14.102 14.359 13.469 13.511 12.513 10.09 9.220 7.422 5.449 4.440 5.108 7.146 
0.904 0.427 25.946 25.203 27.873 27.823 28.858 27.047 29.371 20.992 30.75 23.844 13.17 11.126 21.675 19.323 23.578 23.096 15.947 16.227 38.52 41.753 26.46 17.96 15.58 13.297 13.931 13.564 12.375 13.625 12.023 8.821 11.642 15.989 16.513 16.209 15.903 14.198 12.801 14.777 17.727 17.791 13.01 14.102 14.359 13.469 13.511 12.513 10.09 9.220 7.422 5.449 4.440 5.108 7.146 7.792 
0.922 0.387 25.203 27.873 27.823 28.858 27.047 29.371 20.992 30.75 23.844 13.17 11.126 21.675 19.323 23.578 23.096 15.947 16.227 38.52 41.753 26.46 17.96 15.58 13.297 13.931 13.564 12.375 13.625 12.023 8.821 11.642 15.989 16.513 16.209 15.903 14.198 12.801 14.777 17.727 17.791 13.01 14.102 14.359 13.469 13.511 12.513 10.09 9.220 7.422 5.449 4.440 5.108 7.146 7.792 7.024 
0.938 0.346 27.873 27.823 28.858 27.047 29.371 20.992 30.75 23.844 13.17 11.126 21.675 19.323 23.578 23.096 15.947 16.227 38.52 41.753 26.46 17.96 15.58 13.297 13.931 13.564 12.375 13.625 12.023 8.821 11.642 15.989 16.513 16.209 15.903 14.198 12.801 14.777 17.727 17.791 13.01 14.102 14.359 13.469 13.511 12.513 10.09 9.220 7.422 5.449 4.440 5.108 7.146 7.792 7.024 5.955 
0.952 0.305 27.823 28.858 27.047 29.371 20.992 30.75 23.844 13.17 11.126 21.675 19.323 23.578 23.096 15.947 16.227 38.52 41.753 26.46 17.96 15.58 13.297 13.931 13.564 12.375 13.625 12.023 8.821 11.642 15.989 16.513 16.209 15.903 14.198 12.801 14.777 17.727 17.791 13.01 14.102 14.359 13.469 13.511 12.513 10.09 9.220 7.422 5.449 4.440 5.108 7.146 7.792 7.024 5.955 3.429 
0.966 0.259 28.858 27.047 29.371 20.992 30.75 23.844 13.17 11.126 21.675 19.323 23.578 23.096 15.947 16.227 38.52 41.753 26.46 17.96 15.58 13.297 13.931 13.564 12.375 13.625 12.023 8.821 11.642 15.989 16.513 16.209 15.903 14.198 12.801 14.777 17.727 17.791 13.01 14.102 14.359 13.469 13.511 12.513 10.09 9.220 7.422 5.449 4.440 5.108 7.146 7.792 7.024 5.955 3.429 2.600 
0.975 0.221 27.047 29.371 20.992 30.75 23.844 13.17 11.126 21.675 19.323 23.578 23.096 15.947 16.227 38.52 41.753 26.46 17.96 15.58 13.297 13.931 13.564 12.375 13.625 12.023 8.821 11.642 15.989 16.513 16.209 15.903 14.198 12.801 14.777 17.727 17.791 13.01 14.102 14.359 13.469 13.511 12.513 10.09 9.220 7.422 5.449 4.440 5.108 7.146 7.792 7.024 5.955 3.429 2.600 1.865 
0.984 0.178 29.371 20.992 30.75 23.844 13.17 11.126 21.675 19.323 23.578 23.096 15.947 16.227 38.52 41.753 26.46 17.96 15.58 13.297 13.931 13.564 12.375 13.625 12.023 8.821 11.642 15.989 16.513 16.209 15.903 14.198 12.801 14.777 17.727 17.791 13.01 14.102 14.359 13.469 13.511 12.513 10.09 9.220 7.422 5.449 4.440 5.108 7.146 7.792 7.024 5.955 3.429 2.600 1.865 4.084 
0.991 0.135 20.992 30.75 23.844 13.17 11.126 21.675 19.323 23.578 23.096 15.947 16.227 38.52 41.753 26.46 17.96 15.58 13.297 13.931 13.564 12.375 13.625 12.023 8.821 11.642 15.989 16.513 16.209 15.903 14.198 12.801 14.777 17.727 17.791 13.01 14.102 14.359 13.469 13.511 12.513 10.09 9.220 7.422 5.449 4.440 5.108 7.146 7.792 7.024 5.955 3.429 2.600 1.865 4.084 6.186 
0.996 0.092 30.75 23.844 13.17 11.126 21.675 19.323 23.578 23.096 15.947 16.227 38.52 41.753 26.46 17.96 15.58 13.297 13.931 13.564 12.375 13.625 12.023 8.821 11.642 15.989 16.513 16.209 15.903 14.198 12.801 14.777 17.727 17.791 13.01 14.102 14.359 13.469 13.511 12.513 10.09 9.220 7.422 5.449 4.440 5.108 7.146 7.792 7.024 5.955 3.429 2.600 1.865 4.084 6.186 8.170 
0.999 0.048 23.844 13.17 11.126 21.675 19.323 23.578 23.096 15.947 16.227 38.52 41.753 26.46 17.96 15.58 13.297 13.931 13.564 12.375 13.625 12.023 8.821 11.642 15.989 16.513 16.209 15.903 14.198 12.801 14.777 17.727 17.791 13.01 14.102 14.359 13.469 13.511 12.513 10.09 9.220 7.422 5.449 4.440 5.108 7.146 7.792 7.024 5.955 3.429 2.600 1.865 4.084 6.186 8.170 8.026 
1 0 13.17 11.126 21.675 19.323 23.578 23.096 15.947 16.227 38.52 41.753 26.46 17.96 15.58 13.297 13.931 13.564 12.375 13.625 12.023 8.821 11.642 15.989 16.513 16.209 15.903 14.198 12.801 14.777 17.727 17.791 13.01 14.102 14.359 13.469 13.511 12.513 10.09 9.220 7.422 5.449 4.440 5.108 7.146 7.792 7.024 5.955 3.429 2.600 1.865 4.084 6.186 8.170 8.026 7.154 
0.999 -0.039 11.126 21.675 19.323 23.578 23.096 15.947 16.227 38.52 41.753 26.46 17.96 15.58 13.297 13.931 13.564 12.375 13.625 12.023 8.821 11.642 15.989 16.513 16.209 15.903 14.198 12.801 14.777 17.727 17.791 13.01 14.102 14.359 13.469 13.511 12.513 10.09 9.220 7.422 5.449 4.440 5.108 7.146 7.792 7.024 5.955 3.429 2.600 1.865 4.084 6.186 8.170 8.026 7.154 11.565 
0.997 -0.083 21.675 19.323 23.578 23.096 15.947 16.227 38.52 41.753 26.46 17.96 15.58 13.297 13.931 13.564 12.375 13.625 12.023 8.821 11.642 15.989 16.513 16.209 15.903 14.198 12.801 14.777 17.727 17.791 13.01 14.102 14.359 13.469 13.511 12.513 10.09 9.220 7.422 5.449 4.440 5.108 7.146 7.792 7.024 5.955 3.429 2.600 1.865 4.084 6.186 8.170 8.026 7.154 11.565 10.697 
0.992 -0.126 19.323 23.578 23.096 15.947 16.227 38.52 41.753 26.46 17.96 15.58 13.297 13.931 13.564 12.375 13.625 12.023 8.821 11.642 15.989 16.513 16.209 15.903 14.198 12.801 14.777 17.727 17.791 13.01 14.102 14.359 13.469 13.511 12.513 10.09 9.220 7.422 5.449 4.440 5.108 7.146 7.792 7.024 5.955 3.429 2.600 1.865 4.084 6.186 8.170 8.026 7.154 11.565 10.697 8.656 
0.986 -0.169 23.578 23.096 15.947 16.227 38.52 41.753 26.46 17.96 15.58 13.297 13.931 13.564 12.375 13.625 12.023 8.821 11.642 15.989 16.513 16.209 15.903 14.198 12.801 14.777 17.727 17.791 13.01 14.102 14.359 13.469 13.511 12.513 10.09 9.220 7.422 5.449 4.440 5.108 7.146 7.792 7.024 5.955 3.429 2.600 1.865 4.084 6.186 8.170 8.026 7.154 11.565 10.697 8.656 6.842 
0.977 -0.212 23.096 15.947 16.227 38.52 41.753 26.46 17.96 15.58 13.297 13.931 13.564 12.375 13.625 12.023 8.821 11.642 15.989 16.513 16.209 15.903 14.198 12.801 14.777 17.727 17.791 13.01 14.102 14.359 13.469 13.511 12.513 10.09 9.220 7.422 5.449 4.440 5.108 7.146 7.792 7.024 5.955 3.429 2.600 1.865 4.084 6.186 8.170 8.026 7.154 11.565 10.697 8.656 6.842 6.690 
0.966 -0.259 15.947 16.227 38.52 41.753 26.46 17.96 15.58 13.297 13.931 13.564 12.375 13.625 12.023 8.821 11.642 15.989 16.513 16.209 15.903 14.198 12.801 14.777 17.727 17.791 13.01 14.102 14.359 13.469 13.511 12.513 10.09 9.220 7.422 5.449 4.440 5.108 7.146 7.792 7.024 5.955 3.429 2.600 1.865 4.084 6.186 8.170 8.026 7.154 11.565 10.697 8.656 6.842 6.690 6.688 
0.955 -0.296 16.227 38.52 41.753 26.46 17.96 15.58 13.297 13.931 13.564 12.375 13.625 12.023 8.821 11.642 15.989 16.513 16.209 15.903 14.198 12.801 14.777 17.727 17.791 13.01 14.102 14.359 13.469 13.511 12.513 10.09 9.220 7.422 5.449 4.440 5.108 7.146 7.792 7.024 5.955 3.429 2.600 1.865 4.084 6.186 8.170 8.026 7.154 11.565 10.697 8.656 6.842 6.690 6.688 7.048 
0.941 -0.338 38.52 41.753 26.46 17.96 15.58 13.297 13.931 13.564 12.375 13.625 12.023 8.821 11.642 15.989 16.513 16.209 15.903 14.198 12.801 14.777 17.727 17.791 13.01 14.102 14.359 13.469 13.511 12.513 10.09 9.220 7.422 5.449 4.440 5.108 7.146 7.792 7.024 5.955 3.429 2.600 1.865 4.084 6.186 8.170 8.026 7.154 11.565 10.697 8.656 6.842 6.690 6.688 7.048 6.426 
0.926 -0.379 41.753 26.46 17.96 15.58 13.297 13.931 13.564 12.375 13.625 12.023 8.821 11.642 15.989 16.513 16.209 15.903 14.198 12.801 14.777 17.727 17.791 13.01 14.102 14.359 13.469 13.511 12.513 10.09 9.220 7.422 5.449 4.440 5.108 7.146 7.792 7.024 5.955 3.429 2.600 1.865 4.084 6.186 8.170 8.026 7.154 11.565 10.697 8.656 6.842 6.690 6.688 7.048 6.426 9.051 
0.908 -0.419 26.46 17.96 15.58 13.297 13.931 13.564 12.375 13.625 12.023 8.821 11.642 15.989 16.513 16.209 15.903 14.198 12.801 14.777 17.727 17.791 13.01 14.102 14.359 13.469 13.511 12.513 10.09 9.220 7.422 5.449 4.440 5.108 7.146 7.792 7.024 5.955 3.429 2.600 1.865 4.084 6.186 8.170 8.026 7.154 11.565 10.697 8.656 6.842 6.690 6.688 7.048 6.426 9.051 8.935 
0.889 -0.458 17.96 15.58 13.297 13.931 13.564 12.375 13.625 12.023 8.821 11.642 15.989 16.513 16.209 15.903 14.198 12.801 14.777 17.727 17.791 13.01 14.102 14.359 13.469 13.511 12.513 10.09 9.220 7.422 5.449 4.440 5.108 7.146 7.792 7.024 5.955 3.429 2.600 1.865 4.084 6.186 8.170 8.026 7.154 11.565 10.697 8.656 6.842 6.690 6.688 7.048 6.426 9.051 8.935 7.644 
0.866 -0.5 15.58 13.297 13.931 13.564 12.375 13.625 12.023 8.821 11.642 15.989 16.513 16.209 15.903 14.198 12.801 14.777 17.727 17.791 13.01 14.102 14.359 13.469 13.511 12.513 10.09 9.220 7.422 5.449 4.440 5.108 7.146 7.792 7.024 5.955 3.429 2.600 1.865 4.084 6.186 8.170 8.026 7.154 11.565 10.697 8.656 6.842 6.690 6.688 7.048 6.426 9.051 8.935 7.644 7.012 
0.846 -0.534 13.297 13.931 13.564 12.375 13.625 12.023 8.821 11.642 15.989 16.513 16.209 15.903 14.198 12.801 14.777 17.727 17.791 13.01 14.102 14.359 13.469 13.511 12.513 10.09 9.220 7.422 5.449 4.440 5.108 7.146 7.792 7.024 5.955 3.429 2.600 1.865 4.084 6.186 8.170 8.026 7.154 11.565 10.697 8.656 6.842 6.690 6.688 7.048 6.426 9.051 8.935 7.644 7.012 7.220 
0.822 -0.57 13.931 13.564 12.375 13.625 12.023 8.821 11.642 15.989 16.513 16.209 15.903 14.198 12.801 14.777 17.727 17.791 13.01 14.102 14.359 13.469 13.511 12.513 10.09 9.220 7.422 5.449 4.440 5.108 7.146 7.792 7.024 5.955 3.429 2.600 1.865 4.084 6.186 8.170 8.026 7.154 11.565 10.697 8.656 6.842 6.690 6.688 7.048 6.426 9.051 8.935 7.644 7.012 7.220 6.147 
0.796 -0.605 13.564 12.375 13.625 12.023 8.821 11.642 15.989 16.513 16.209 15.903 14.198 12.801 14.777 17.727 17.791 13.01 14.102 14.359 13.469 13.511 12.513 10.09 9.220 7.422 5.449 4.440 5.108 7.146 7.792 7.024 5.955 3.429 2.600 1.865 4.084 6.186 8.170 8.026 7.154 11.565 10.697 8.656 6.842 6.690 6.688 7.048 6.426 9.051 8.935 7.644 7.012 7.220 6.147 6.055 
0.769 -0.639 12.375 13.625 12.023 8.821 11.642 15.989 16.513 16.209 15.903 14.198 12.801 14.777 17.727 17.791 13.01 14.102 14.359 13.469 13.511 12.513 10.09 9.220 7.422 5.449 4.440 5.108 7.146 7.792 7.024 5.955 3.429 2.600 1.865 4.084 6.186 8.170 8.026 7.154 11.565 10.697 8.656 6.842 6.690 6.688 7.048 6.426 9.051 8.935 7.644 7.012 7.220 6.147 6.055 6.034 
0.74 -0.672 13.625 12.023 8.821 11.642 15.989 16.513 16.209 15.903 14.198 12.801 14.777 17.727 17.791 13.01 14.102 14.359 13.469 13.511 12.513 10.09 9.220 7.422 5.449 4.440 5.108 7.146 7.792 7.024 5.955 3.429 2.600 1.865 4.084 6.186 8.170 8.026 7.154 11.565 10.697 8.656 6.842 6.690 6.688 7.048 6.426 9.051 8.935 7.644 7.012 7.220 6.147 6.055 6.034 5.901 
0.707 -0.707 12.023 8.821 11.642 15.989 16.513 16.209 15.903 14.198 12.801 14.777 17.727 17.791 13.01 14.102 14.359 13.469 13.511 12.513 10.09 9.220 7.422 5.449 4.440 5.108 7.146 7.792 7.024 5.955 3.429 2.600 1.865 4.084 6.186 8.170 8.026 7.154 11.565 10.697 8.656 6.842 6.690 6.688 7.048 6.426 9.051 8.935 7.644 7.012 7.220 6.147 6.055 6.034 5.901 4.790 
0.679 -0.734 8.821 11.642 15.989 16.513 16.209 15.903 14.198 12.801 14.777 17.727 17.791 13.01 14.102 14.359 13.469 13.511 12.513 10.09 9.220 7.422 5.449 4.440 5.108 7.146 7.792 7.024 5.955 3.429 2.600 1.865 4.084 6.186 8.170 8.026 7.154 11.565 10.697 8.656 6.842 6.690 6.688 7.048 6.426 9.051 8.935 7.644 7.012 7.220 6.147 6.055 6.034 5.901 4.790 5.529 
0.646 -0.763 11.642 15.989 16.513 16.209 15.903 14.198 12.801 14.777 17.727 17.791 13.01 14.102 14.359 13.469 13.511 12.513 10.09 9.220 7.422 5.449 4.440 5.108 7.146 7.792 7.024 5.955 3.429 2.600 1.865 4.084 6.186 8.170 8.026 7.154 11.565 10.697 8.656 6.842 6.690 6.688 7.048 6.426 9.051 8.935 7.644 7.012 7.220 6.147 6.055 6.034 5.901 4.790 5.529 6.622 
0.612 -0.791 15.989 16.513 16.209 15.903 14.198 12.801 14.777 17.727 17.791 13.01 14.102 14.359 13.469 13.511 12.513 10.09 9.220 7.422 5.449 4.440 5.108 7.146 7.792 7.024 5.955 3.429 2.600 1.865 4.084 6.186 8.170 8.026 7.154 11.565 10.697 8.656 6.842 6.690 6.688 7.048 6.426 9.051 8.935 7.644 7.012 7.220 6.147 6.055 6.034 5.901 4.790 5.529 6.622 4.753 
0.577 -0.817 16.513 16.209 15.903 14.198 12.801 14.777 17.727 17.791 13.01 14.102 14.359 13.469 13.511 12.513 10.09 9.220 7.422 5.449 4.440 5.108 7.146 7.792 7.024 5.955 3.429 2.600 1.865 4.084 6.186 8.170 8.026 7.154 11.565 10.697 8.656 6.842 6.690 6.688 7.048 6.426 9.051 8.935 7.644 7.012 7.220 6.147 6.055 6.034 5.901 4.790 5.529 6.622 4.753 4.031 
0.541 -0.841 16.209 15.903 14.198 12.801 14.777 17.727 17.791 13.01 14.102 14.359 13.469 13.511 12.513 10.09 9.220 7.422 5.449 4.440 5.108 7.146 7.792 7.024 5.955 3.429 2.600 1.865 4.084 6.186 8.170 8.026 7.154 11.565 10.697 8.656 6.842 6.690 6.688 7.048 6.426 9.051 8.935 7.644 7.012 7.220 6.147 6.055 6.034 5.901 4.790 5.529 6.622 4.753 4.031 6.685 
0.5 -0.866 15.903 14.198 12.801 14.777 17.727 17.791 13.01 14.102 14.359 13.469 13.511 12.513 10.09 9.220 7.422 5.449 4.440 5.108 7.146 7.792 7.024 5.955 3.429 2.600 1.865 4.084 6.186 8.170 8.026 7.154 11.565 10.697 8.656 6.842 6.690 6.688 7.048 6.426 9.051 8.935 7.644 7.012 7.220 6.147 6.055 6.034 5.901 4.790 5.529 6.622 4.753 4.031 6.685 7.366 
0.466 -0.885 14.198 12.801 14.777 17.727 17.791 13.01 14.102 14.359 13.469 13.511 12.513 10.09 9.220 7.422 5.449 4.440 5.108 7.146 7.792 7.024 5.955 3.429 2.600 1.865 4.084 6.186 8.170 8.026 7.154 11.565 10.697 8.656 6.842 6.690 6.688 7.048 6.426 9.051 8.935 7.644 7.012 7.220 6.147 6.055 6.034 5.901 4.790 5.529 6.622 4.753 4.031 6.685 7.366 7.848 
0.427 -0.904 12.801 14.777 17.727 17.791 13.01 14.102 14.359 13.469 13.511 12.513 10.09 9.220 7.422 5.449 4.440 5.108 7.146 7.792 7.024 5.955 3.429 2.600 1.865 4.084 6.186 8.170 8.026 7.154 11.565 10.697 8.656 6.842 6.690 6.688 7.048 6.426 9.051 8.935 7.644 7.012 7.220 6.147 6.055 6.034 5.901 4.790 5.529 6.622 4.753 4.031 6.685 7.366 7.848 8.249 
0.387 -0.922 14.777 17.727 17.791 13.01 14.102 14.359 13.469 13.511 12.513 10.09 9.220 7.422 5.449 4.440 5.108 7.146 7.792 7.024 5.955 3.429 2.600 1.865 4.084 6.186 8.170 8.026 7.154 11.565 10.697 8.656 6.842 6.690 6.688 7.048 6.426 9.051 8.935 7.644 7.012 7.220 6.147 6.055 6.034 5.901 4.790 5.529 6.622 4.753 4.031 6.685 7.366 7.848 8.249 7.614 
0.346 -0.938 17.727 17.791 13.01 14.102 14.359 13.469 13.511 12.513 10.09 9.220 7.422 5.449 4.440 5.108 7.146 7.792 7.024 5.955 3.429 2.600 1.865 4.084 6.186 8.170 8.026 7.154 11.565 10.697 8.656 6.842 6.690 6.688 7.048 6.426 9.051 8.935 7.644 7.012 7.220 6.147 6.055 6.034 5.901 4.790 5.529 6.622 4.753 4.031 6.685 7.366 7.848 8.249 7.614 9.13 
0.305 -0.952 17.791 13.01 14.102 14.359 13.469 13.511 12.513 10.09 9.220 7.422 5.449 4.440 5.108 7.146 7.792 7.024 5.955 3.429 2.600 1.865 4.084 6.186 8.170 8.026 7.154 11.565 10.697 8.656 6.842 6.690 6.688 7.048 6.426 9.051 8.935 7.644 7.012 7.220 6.147 6.055 6.034 5.901 4.790 5.529 6.622 4.753 4.031 6.685 7.366 7.848 8.249 7.614 9.13 9.435 
0.259 -0.966 13.01 14.102 14.359 13.469 13.511 12.513 10.09 9.220 7.422 5.449 4.440 5.108 7.146 7.792 7.024 5.955 3.429 2.600 1.865 4.084 6.186 8.170 8.026 7.154 11.565 10.697 8.656 6.842 6.690 6.688 7.048 6.426 9.051 8.935 7.644 7.012 7.220 6.147 6.055 6.034 5.901 4.790 5.529 6.622 4.753 4.031 6.685 7.366 7.848 8.249 7.614 9.13 9.435 10.095 
0.221 -0.975 14.102 14.359 13.469 13.511 12.513 10.09 9.220 7.422 5.449 4.440 5.108 7.146 7.792 7.024 5.955 3.429 2.600 1.865 4.084 6.186 8.170 8.026 7.154 11.565 10.697 8.656 6.842 6.690 6.688 7.048 6.426 9.051 8.935 7.644 7.012 7.220 6.147 6.055 6.034 5.901 4.790 5.529 6.622 4.753 4.031 6.685 7.366 7.848 8.249 7.614 9.13 9.435 10.095 10.924 
0.178 -0.984 14.359 13.469 13.511 12.513 10.09 9.220 7.422 5.449 4.440 5.108 7.146 7.792 7.024 5.955 3.429 2.600 1.865 4.084 6.186 8.170 8.026 7.154 11.565 10.697 8.656 6.842 6.690 6.688 7.048 6.426 9.051 8.935 7.644 7.012 7.220 6.147 6.055 6.034 5.901 4.790 5.529 6.622 4.753 4.031 6.685 7.366 7.848 8.249 7.614 9.13 9.435 10.095 10.924 12.105 
0.135 -0.991 13.469 13.511 12.513 10.09 9.220 7.422 5.449 4.440 5.108 7.146 7.792 7.024 5.955 3.429 2.600 1.865 4.084 6.186 8.170 8.026 7.154 11.565 10.697 8.656 6.842 6.690 6.688 7.048 6.426 9.051 8.935 7.644 7.012 7.220 6.147 6.055 6.034 5.901 4.790 5.529 6.622 4.753 4.031 6.685 7.366 7.848 8.249 7.614 9.13 9.435 10.095 10.924 12.105 12.583 
0.092 -0.996 13.511 12.513 10.09 9.220 7.422 5.449 4.440 5.108 7.146 7.792 7.024 5.955 3.429 2.600 1.865 4.084 6.186 8.170 8.026 7.154 11.565 10.697 8.656 6.842 6.690 6.688 7.048 6.426 9.051 8.935 7.644 7.012 7.220 6.147 6.055 6.034 5.901 4.790 5.529 6.622 4.753 4.031 6.685 7.366 7.848 8.249 7.614 9.13 9.435 10.095 10.924 12.105 12.583 11.379 
0.048 -0.999 12.513 10.09 9.220 7.422 5.449 4.440 5.108 7.146 7.792 7.024 5.955 3.429 2.600 1.865 4.084 6.186 8.170 8.026 7.154 11.565 10.697 8.656 6.842 6.690 6.688 7.048 6.426 9.051 8.935 7.644 7.012 7.220 6.147 6.055 6.034 5.901 4.790 5.529 6.622 4.753 4.031 6.685 7.366 7.848 8.249 7.614 9.13 9.435 10.095 10.924 12.105 12.583 11.379 13.442 
0 -1 10.09 9.220 7.422 5.449 4.440 5.108 7.146 7.792 7.024 5.955 3.429 2.600 1.865 4.084 6.186 8.170 8.026 7.154 11.565 10.697 8.656 6.842 6.690 6.688 7.048 6.426 9.051 8.935 7.644 7.012 7.220 6.147 6.055 6.034 5.901 4.790 5.529 6.622 4.753 4.031 6.685 7.366 7.848 8.249 7.614 9.13 9.435 10.095 10.924 12.105 12.583 11.379 13.442 16.509 
-0.039 -0.999 9.220 7.422 5.449 4.440 5.108 7.146 7.792 7.024 5.955 3.429 2.600 1.865 4.084 6.186 8.170 8.026 7.154 11.565 10.697 8.656 6.842 6.690 6.688 7.048 6.426 9.051 8.935 7.644 7.012 7.220 6.147 6.055 6.034 5.901 4.790 5.529 6.622 4.753 4.031 6.685 7.366 7.848 8.249 7.614 9.13 9.435 10.095 10.924 12.105 12.583 11.379 13.442 16.509 20.705 
-0.083 -0.997 7.422 5.449 4.440 5.108 7.146 7.792 7.024 5.955 3.429 2.600 1.865 4.084 6.186 8.170 8.026 7.154 11.565 10.697 8.656 6.842 6.690 6.688 7.048 6.426 9.051 8.935 7.644 7.012 7.220 6.147 6.055 6.034 5.901 4.790 5.529 6.622 4.753 4.031 6.685 7.366 7.848 8.249 7.614 9.13 9.435 10.095 10.924 12.105 12.583 11.379 13.442 16.509 20.705 23.26 
-0.126 -0.992 5.449 4.440 5.108 7.146 7.792 7.024 5.955 3.429 2.600 1.865 4.084 6.186 8.170 8.026 7.154 11.565 10.697 8.656 6.842 6.690 6.688 7.048 6.426 9.051 8.935 7.644 7.012 7.220 6.147 6.055 6.034 5.901 4.790 5.529 6.622 4.753 4.031 6.685 7.366 7.848 8.249 7.614 9.13 9.435 10.095 10.924 12.105 12.583 11.379 13.442 16.509 20.705 23.26 27.814 
-0.169 -0.986 4.440 5.108 7.146 7.792 7.024 5.955 3.429 2.600 1.865 4.084 6.186 8.170 8.026 7.154 11.565 10.697 8.656 6.842 6.690 6.688 7.048 6.426 9.051 8.935 7.644 7.012 7.220 6.147 6.055 6.034 5.901 4.790 5.529 6.622 4.753 4.031 6.685 7.366 7.848 8.249 7.614 9.13 9.435 10.095 10.924 12.105 12.583 11.379 13.442 16.509 20.705 23.26 27.814 31.21 
-0.212 -0.977 5.108 7.146 7.792 7.024 5.955 3.429 2.600 1.865 4.084 6.186 8.170 8.026 7.154 11.565 10.697 8.656 6.842 6.690 6.688 7.048 6.426 9.051 8.935 7.644 7.012 7.220 6.147 6.055 6.034 5.901 4.790 5.529 6.622 4.753 4.031 6.685 7.366 7.848 8.249 7.614 9.13 9.435 10.095 10.924 12.105 12.583 11.379 13.442 16.509 20.705 23.26 27.814 31.21 32.063 
-0.259 -0.966 7.146 7.792 7.024 5.955 3.429 2.600 1.865 4.084 6.186 8.170 8.026 7.154 11.565 10.697 8.656 6.842 6.690 6.688 7.048 6.426 9.051 8.935 7.644 7.012 7.220 6.147 6.055 6.034 5.901 4.790 5.529 6.622 4.753 4.031 6.685 7.366 7.848 8.249 7.614 9.13 9.435 10.095 10.924 12.105 12.583 11.379 13.442 16.509 20.705 23.26 27.814 31.21 32.063 31.234 
-0.296 -0.955 7.792 7.024 5.955 3.429 2.600 1.865 4.084 6.186 8.170 8.026 7.154 11.565 10.697 8.656 6.842 6.690 6.688 7.048 6.426 9.051 8.935 7.644 7.012 7.220 6.147 6.055 6.034 5.901 4.790 5.529 6.622 4.753 4.031 6.685 7.366 7.848 8.249 7.614 9.13 9.435 10.095 10.924 12.105 12.583 11.379 13.442 16.509 20.705 23.26 27.814 31.21 32.063 31.234 29.643 
-0.338 -0.941 7.024 5.955 3.429 2.600 1.865 4.084 6.186 8.170 8.026 7.154 11.565 10.697 8.656 6.842 6.690 6.688 7.048 6.426 9.051 8.935 7.644 7.012 7.220 6.147 6.055 6.034 5.901 4.790 5.529 6.622 4.753 4.031 6.685 7.366 7.848 8.249 7.614 9.13 9.435 10.095 10.924 12.105 12.583 11.379 13.442 16.509 20.705 23.26 27.814 31.21 32.063 31.234 29.643 30.237 
-0.379 -0.926 5.955 3.429 2.600 1.865 4.084 6.186 8.170 8.026 7.154 11.565 10.697 8.656 6.842 6.690 6.688 7.048 6.426 9.051 8.935 7.644 7.012 7.220 6.147 6.055 6.034 5.901 4.790 5.529 6.622 4.753 4.031 6.685 7.366 7.848 8.249 7.614 9.13 9.435 10.095 10.924 12.105 12.583 11.379 13.442 16.509 20.705 23.26 27.814 31.21 32.063 31.234 29.643 30.237 29.876 
-0.419 -0.908 3.429 2.600 1.865 4.084 6.186 8.170 8.026 7.154 11.565 10.697 8.656 6.842 6.690 6.688 7.048 6.426 9.051 8.935 7.644 7.012 7.220 6.147 6.055 6.034 5.901 4.790 5.529 6.622 4.753 4.031 6.685 7.366 7.848 8.249 7.614 9.13 9.435 10.095 10.924 12.105 12.583 11.379 13.442 16.509 20.705 23.26 27.814 31.21 32.063 31.234 29.643 30.237 29.876 32.9 
-0.458 -0.889 2.600 1.865 4.084 6.186 8.170 8.026 7.154 11.565 10.697 8.656 6.842 6.690 6.688 7.048 6.426 9.051 8.935 7.644 7.012 7.220 6.147 6.055 6.034 5.901 4.790 5.529 6.622 4.753 4.031 6.685 7.366 7.848 8.249 7.614 9.13 9.435 10.095 10.924 12.105 12.583 11.379 13.442 16.509 20.705 23.26 27.814 31.21 32.063 31.234 29.643 30.237 29.876 32.9 32.655 
-0.5 -0.866 1.865 4.084 6.186 8.170 8.026 7.154 11.565 10.697 8.656 6.842 6.690 6.688 7.048 6.426 9.051 8.935 7.644 7.012 7.220 6.147 6.055 6.034 5.901 4.790 5.529 6.622 4.753 4.031 6.685 7.366 7.848 8.249 7.614 9.13 9.435 10.095 10.924 12.105 12.583 11.379 13.442 16.509 20.705 23.26 27.814 31.21 32.063 31.234 29.643 30.237 29.876 32.9 32.655 30.879 
-0.534 -0.846 4.084 6.186 8.170 8.026 7.154 11.565 10.697 8.656 6.842 6.690 6.688 7.048 6.426 9.051 8.935 7.644 7.012 7.220 6.147 6.055 6.034 5.901 4.790 5.529 6.622 4.753 4.031 6.685 7.366 7.848 8.249 7.614 9.13 9.435 10.095 10.924 12.105 12.583 11.379 13.442 16.509 20.705 23.26 27.814 31.21 32.063 31.234 29.643 30.237 29.876 32.9 32.655 30.879 32.457 
-0.57 -0.822 6.186 8.170 8.026 7.154 11.565 10.697 8.656 6.842 6.690 6.688 7.048 6.426 9.051 8.935 7.644 7.012 7.220 6.147 6.055 6.034 5.901 4.790 5.529 6.622 4.753 4.031 6.685 7.366 7.848 8.249 7.614 9.13 9.435 10.095 10.924 12.105 12.583 11.379 13.442 16.509 20.705 23.26 27.814 31.21 32.063 31.234 29.643 30.237 29.876 32.9 32.655 30.879 32.457 32.235 
-0.605 -0.796 8.170 8.026 7.154 11.565 10.697 8.656 6.842 6.690 6.688 7.048 6.426 9.051 8.935 7.644 7.012 7.220 6.147 6.055 6.034 5.901 4.790 5.529 6.622 4.753 4.031 6.685 7.366 7.848 8.249 7.614 9.13 9.435 10.095 10.924 12.105 12.583 11.379 13.442 16.509 20.705 23.26 27.814 31.21 32.063 31.234 29.643 30.237 29.876 32.9 32.655 30.879 32.457 32.235 32.692 
-0.639 -0.769 8.026 7.154 11.565 10.697 8.656 6.842 6.690 6.688 7.048 6.426 9.051 8.935 7.644 7.012 7.220 6.147 6.055 6.034 5.901 4.790 5.529 6.622 4.753 4.031 6.685 7.366 7.848 8.249 7.614 9.13 9.435 10.095 10.924 12.105 12.583 11.379 13.442 16.509 20.705 23.26 27.814 31.21 32.063 31.234 29.643 30.237 29.876 32.9 32.655 30.879 32.457 32.235 32.692 37.506 
-0.672 -0.74 7.154 11.565 10.697 8.656 6.842 6.690 6.688 7.048 6.426 9.051 8.935 7.644 7.012 7.220 6.147 6.055 6.034 5.901 4.790 5.529 6.622 4.753 4.031 6.685 7.366 7.848 8.249 7.614 9.13 9.435 10.095 10.924 12.105 12.583 11.379 13.442 16.509 20.705 23.26 27.814 31.21 32.063 31.234 29.643 30.237 29.876 32.9 32.655 30.879 32.457 32.235 32.692 37.506 38.168 
-0.707 -0.707 11.565 10.697 8.656 6.842 6.690 6.688 7.048 6.426 9.051 8.935 7.644 7.012 7.220 6.147 6.055 6.034 5.901 4.790 5.529 6.622 4.753 4.031 6.685 7.366 7.848 8.249 7.614 9.13 9.435 10.095 10.924 12.105 12.583 11.379 13.442 16.509 20.705 23.26 27.814 31.21 32.063 31.234 29.643 30.237 29.876 32.9 32.655 30.879 32.457 32.235 32.692 37.506 38.168 39.664 
-0.734 -0.679 10.697 8.656 6.842 6.690 6.688 7.048 6.426 9.051 8.935 7.644 7.012 7.220 6.147 6.055 6.034 5.901 4.790 5.529 6.622 4.753 4.031 6.685 7.366 7.848 8.249 7.614 9.13 9.435 10.095 10.924 12.105 12.583 11.379 13.442 16.509 20.705 23.26 27.814 31.21 32.063 31.234 29.643 30.237 29.876 32.9 32.655 30.879 32.457 32.235 32.692 37.506 38.168 39.664 40.576 
-0.763 -0.646 8.656 6.842 6.690 6.688 7.048 6.426 9.051 8.935 7.644 7.012 7.220 6.147 6.055 6.034 5.901 4.790 5.529 6.622 4.753 4.031 6.685 7.366 7.848 8.249 7.614 9.13 9.435 10.095 10.924 12.105 12.583 11.379 13.442 16.509 20.705 23.26 27.814 31.21 32.063 31.234 29.643 30.237 29.876 32.9 32.655 30.879 32.457 32.235 32.692 37.506 38.168 39.664 40.576 40.732 
-0.791 -0.612 6.842 6.690 6.688 7.048 6.426 9.051 8.935 7.644 7.012 7.220 6.147 6.055 6.034 5.901 4.790 5.529 6.622 4.753 4.031 6.685 7.366 7.848 8.249 7.614 9.13 9.435 10.095 10.924 12.105 12.583 11.379 13.442 16.509 20.705 23.26 27.814 31.21 32.063 31.234 29.643 30.237 29.876 32.9 32.655 30.879 32.457 32.235 32.692 37.506 38.168 39.664 40.576 40.732 43.105 
-0.817 -0.577 6.690 6.688 7.048 6.426 9.051 8.935 7.644 7.012 7.220 6.147 6.055 6.034 5.901 4.790 5.529 6.622 4.753 4.031 6.685 7.366 7.848 8.249 7.614 9.13 9.435 10.095 10.924 12.105 12.583 11.379 13.442 16.509 20.705 23.26 27.814 31.21 32.063 31.234 29.643 30.237 29.876 32.9 32.655 30.879 32.457 32.235 32.692 37.506 38.168 39.664 40.576 40.732 43.105 46.635 
-0.841 -0.541 6.688 7.048 6.426 9.051 8.935 7.644 7.012 7.220 6.147 6.055 6.034 5.901 4.790 5.529 6.622 4.753 4.031 6.685 7.366 7.848 8.249 7.614 9.13 9.435 10.095 10.924 12.105 12.583 11.379 13.442 16.509 20.705 23.26 27.814 31.21 32.063 31.234 29.643 30.237 29.876 32.9 32.655 30.879 32.457 32.235 32.692 37.506 38.168 39.664 40.576 40.732 43.105 46.635 47.502 
-0.866 -0.5 7.048 6.426 9.051 8.935 7.644 7.012 7.220 6.147 6.055 6.034 5.901 4.790 5.529 6.622 4.753 4.031 6.685 7.366 7.848 8.249 7.614 9.13 9.435 10.095 10.924 12.105 12.583 11.379 13.442 16.509 20.705 23.26 27.814 31.21 32.063 31.234 29.643 30.237 29.876 32.9 32.655 30.879 32.457 32.235 32.692 37.506 38.168 39.664 40.576 40.732 43.105 46.635 47.502 43.251 
-0.885 -0.466 6.426 9.051 8.935 7.644 7.012 7.220 6.147 6.055 6.034 5.901 4.790 5.529 6.622 4.753 4.031 6.685 7.366 7.848 8.249 7.614 9.13 9.435 10.095 10.924 12.105 12.583 11.379 13.442 16.509 20.705 23.26 27.814 31.21 32.063 31.234 29.643 30.237 29.876 32.9 32.655 30.879 32.457 32.235 32.692 37.506 38.168 39.664 40.576 40.732 43.105 46.635 47.502 43.251 44.902 
-0.904 -0.427 9.051 8.935 7.644 7.012 7.220 6.147 6.055 6.034 5.901 4.790 5.529 6.622 4.753 4.031 6.685 7.366 7.848 8.249 7.614 9.13 9.435 10.095 10.924 12.105 12.583 11.379 13.442 16.509 20.705 23.26 27.814 31.21 32.063 31.234 29.643 30.237 29.876 32.9 32.655 30.879 32.457 32.235 32.692 37.506 38.168 39.664 40.576 40.732 43.105 46.635 47.502 43.251 44.902 44.742 
-0.922 -0.387 8.935 7.644 7.012 7.220 6.147 6.055 6.034 5.901 4.790 5.529 6.622 4.753 4.031 6.685 7.366 7.848 8.249 7.614 9.13 9.435 10.095 10.924 12.105 12.583 11.379 13.442 16.509 20.705 23.26 27.814 31.21 32.063 31.234 29.643 30.237 29.876 32.9 32.655 30.879 32.457 32.235 32.692 37.506 38.168 39.664 40.576 40.732 43.105 46.635 47.502 43.251 44.902 44.742 45.35 
-0.938 -0.346 7.644 7.012 7.220 6.147 6.055 6.034 5.901 4.790 5.529 6.622 4.753 4.031 6.685 7.366 7.848 8.249 7.614 9.13 9.435 10.095 10.924 12.105 12.583 11.379 13.442 16.509 20.705 23.26 27.814 31.21 32.063 31.234 29.643 30.237 29.876 32.9 32.655 30.879 32.457 32.235 32.692 37.506 38.168 39.664 40.576 40.732 43.105 46.635 47.502 43.251 44.902 44.742 45.35 49.571 
-0.952 -0.305 7.012 7.220 6.147 6.055 6.034 5.901 4.790 5.529 6.622 4.753 4.031 6.685 7.366 7.848 8.249 7.614 9.13 9.435 10.095 10.924 12.105 12.583 11.379 13.442 16.509 20.705 23.26 27.814 31.21 32.063 31.234 29.643 30.237 29.876 32.9 32.655 30.879 32.457 32.235 32.692 37.506 38.168 39.664 40.576 40.732 43.105 46.635 47.502 43.251 44.902 44.742 45.35 49.571 49.485 
-0.966 -0.259 7.220 6.147 6.055 6.034 5.901 4.790 5.529 6.622 4.753 4.031 6.685 7.366 7.848 8.249 7.614 9.13 9.435 10.095 10.924 12.105 12.583 11.379 13.442 16.509 20.705 23.26 27.814 31.21 32.063 31.234 29.643 30.237 29.876 32.9 32.655 30.879 32.457 32.235 32.692 37.506 38.168 39.664 40.576 40.732 43.105 46.635 47.502 43.251 44.902 44.742 45.35 49.571 49.485 52.186 
-0.975 -0.221 6.147 6.055 6.034 5.901 4.790 5.529 6.622 4.753 4.031 6.685 7.366 7.848 8.249 7.614 9.13 9.435 10.095 10.924 12.105 12.583 11.379 13.442 16.509 20.705 23.26 27.814 31.21 32.063 31.234 29.643 30.237 29.876 32.9 32.655 30.879 32.457 32.235 32.692 37.506 38.168 39.664 40.576 40.732 43.105 46.635 47.502 43.251 44.902 44.742 45.35 49.571 49.485 52.186 49.666 
-0.984 -0.178 6.055 6.034 5.901 4.790 5.529 6.622 4.753 4.031 6.685 7.366 7.848 8.249 7.614 9.13 9.435 10.095 10.924 12.105 12.583 11.379 13.442 16.509 20.705 23.26 27.814 31.21 32.063 31.234 29.643 30.237 29.876 32.9 32.655 30.879 32.457 32.235 32.692 37.506 38.168 39.664 40.576 40.732 43.105 46.635 47.502 43.251 44.902 44.742 45.35 49.571 49.485 52.186 49.666 47.186 
-0.991 -0.135 6.034 5.901 4.790 5.529 6.622 4.753 4.031 6.685 7.366 7.848 8.249 7.614 9.13 9.435 10.095 10.924 12.105 12.583 11.379 13.442 16.509 20.705 23.26 27.814 31.21 32.063 31.234 29.643 30.237 29.876 32.9 32.655 30.879 32.457 32.235 32.692 37.506 38.168 39.664 40.576 40.732 43.105 46.635 47.502 43.251 44.902 44.742 45.35 49.571 49.485 52.186 49.666 47.186 50.545 
-0.996 -0.092 5.901 4.790 5.529 6.622 4.753 4.031 6.685 7.366 7.848 8.249 7.614 9.13 9.435 10.095 10.924 12.105 12.583 11.379 13.442 16.509 20.705 23.26 27.814 31.21 32.063 31.234 29.643 30.237 29.876 32.9 32.655 30.879 32.457 32.235 32.692 37.506 38.168 39.664 40.576 40.732 43.105 46.635 47.502 43.251 44.902 44.742 45.35 49.571 49.485 52.186 49.666 47.186 50.545 48.386 
-0.999 -0.048 4.790 5.529 6.622 4.753 4.031 6.685 7.366 7.848 8.249 7.614 9.13 9.435 10.095 10.924 12.105 12.583 11.379 13.442 16.509 20.705 23.26 27.814 31.21 32.063 31.234 29.643 30.237 29.876 32.9 32.655 30.879 32.457 32.235 32.692 37.506 38.168 39.664 40.576 40.732 43.105 46.635 47.502 43.251 44.902 44.742 45.35 49.571 49.485 52.186 49.666 47.186 50.545 48.386 46.194 
-1 0 5.529 6.622 4.753 4.031 6.685 7.366 7.848 8.249 7.614 9.13 9.435 10.095 10.924 12.105 12.583 11.379 13.442 16.509 20.705 23.26 27.814 31.21 32.063 31.234 29.643 30.237 29.876 32.9 32.655 30.879 32.457 32.235 32.692 37.506 38.168 39.664 40.576 40.732 43.105 46.635 47.502 43.251 44.902 44.742 45.35 49.571 49.485 52.186 49.666 47.186 50.545 48.386 46.194 45.857 
-0.999 0.039 6.622 4.753 4.031 6.685 7.366 7.848 8.249 7.614 9.13 9.435 10.095 10.924 12.105 12.583 11.379 13.442 16.509 20.705 23.26 27.814 31.21 32.063 31.234 29.643 30.237 29.876 32.9 32.655 30.879 32.457 32.235 32.692 37.506 38.168 39.664 40.576 40.732 43.105 46.635 47.502 43.251 44.902 44.742 45.35 49.571 49.485 52.186 49.666 47.186 50.545 48.386 46.194 45.857 46.728 
-0.997 0.083 4.753 4.031 6.685 7.366 7.848 8.249 7.614 9.13 9.435 10.095 10.924 12.105 12.583 11.379 13.442 16.509 20.705 23.26 27.814 31.21 32.063 31.234 29.643 30.237 29.876 32.9 32.655 30.879 32.457 32.235 32.692 37.506 38.168 39.664 40.576 40.732 43.105 46.635 47.502 43.251 44.902 44.742 45.35 49.571 49.485 52.186 49.666 47.186 50.545 48.386 46.194 45.857 46.728 45.449 
-0.992 0.126 4.031 6.685 7.366 7.848 8.249 7.614 9.13 9.435 10.095 10.924 12.105 12.583 11.379 13.442 16.509 20.705 23.26 27.814 31.21 32.063 31.234 29.643 30.237 29.876 32.9 32.655 30.879 32.457 32.235 32.692 37.506 38.168 39.664 40.576 40.732 43.105 46.635 47.502 43.251 44.902 44.742 45.35 49.571 49.485 52.186 49.666 47.186 50.545 48.386 46.194 45.857 46.728 45.449 46.343 
-0.986 0.169 6.685 7.366 7.848 8.249 7.614 9.13 9.435 10.095 10.924 12.105 12.583 11.379 13.442 16.509 20.705 23.26 27.814 31.21 32.063 31.234 29.643 30.237 29.876 32.9 32.655 30.879 32.457 32.235 32.692 37.506 38.168 39.664 40.576 40.732 43.105 46.635 47.502 43.251 44.902 44.742 45.35 49.571 49.485 52.186 49.666 47.186 50.545 48.386 46.194 45.857 46.728 45.449 46.343 44.456 
-0.977 0.212 7.366 7.848 8.249 7.614 9.13 9.435 10.095 10.924 12.105 12.583 11.379 13.442 16.509 20.705 23.26 27.814 31.21 32.063 31.234 29.643 30.237 29.876 32.9 32.655 30.879 32.457 32.235 32.692 37.506 38.168 39.664 40.576 40.732 43.105 46.635 47.502 43.251 44.902 44.742 45.35 49.571 49.485 52.186 49.666 47.186 50.545 48.386 46.194 45.857 46.728 45.449 46.343 44.456 47.574 
-0.966 0.259 7.848 8.249 7.614 9.13 9.435 10.095 10.924 12.105 12.583 11.379 13.442 16.509 20.705 23.26 27.814 31.21 32.063 31.234 29.643 30.237 29.876 32.9 32.655 30.879 32.457 32.235 32.692 37.506 38.168 39.664 40.576 40.732 43.105 46.635 47.502 43.251 44.902 44.742 45.35 49.571 49.485 52.186 49.666 47.186 50.545 48.386 46.194 45.857 46.728 45.449 46.343 44.456 47.574 51.582 
-0.955 0.296 8.249 7.614 9.13 9.435 10.095 10.924 12.105 12.583 11.379 13.442 16.509 20.705 23.26 27.814 31.21 32.063 31.234 29.643 30.237 29.876 32.9 32.655 30.879 32.457 32.235 32.692 37.506 38.168 39.664 40.576 40.732 43.105 46.635 47.502 43.251 44.902 44.742 45.35 49.571 49.485 52.186 49.666 47.186 50.545 48.386 46.194 45.857 46.728 45.449 46.343 44.456 47.574 51.582 49.446 
-0.941 0.338 7.614 9.13 9.435 10.095 10.924 12.105 12.583 11.379 13.442 16.509 20.705 23.26 27.814 31.21 32.063 31.234 29.643 30.237 29.876 32.9 32.655 30.879 32.457 32.235 32.692 37.506 38.168 39.664 40.576 40.732 43.105 46.635 47.502 43.251 44.902 44.742 45.35 49.571 49.485 52.186 49.666 47.186 50.545 48.386 46.194 45.857 46.728 45.449 46.343 44.456 47.574 51.582 49.446 47.274 
-0.926 0.379 9.13 9.435 10.095 10.924 12.105 12.583 11.379 13.442 16.509 20.705 23.26 27.814 31.21 32.063 31.234 29.643 30.237 29.876 32.9 32.655 30.879 32.457 32.235 32.692 37.506 38.168 39.664 40.576 40.732 43.105 46.635 47.502 43.251 44.902 44.742 45.35 49.571 49.485 52.186 49.666 47.186 50.545 48.386 46.194 45.857 46.728 45.449 46.343 44.456 47.574 51.582 49.446 47.274 45.559 
-0.908 0.419 9.435 10.095 10.924 12.105 12.583 11.379 13.442 16.509 20.705 23.26 27.814 31.21 32.063 31.234 29.643 30.237 29.876 32.9 32.655 30.879 32.457 32.235 32.692 37.506 38.168 39.664 40.576 40.732 43.105 46.635 47.502 43.251 44.902 44.742 45.35 49.571 49.485 52.186 49.666 47.186 50.545 48.386 46.194 45.857 46.728 45.449 46.343 44.456 47.574 51.582 49.446 47.274 45.559 44.622 
-0.889 0.458 10.095 10.924 12.105 12.583 11.379 13.442 16.509 20.705 23.26 27.814 31.21 32.063 31.234 29.643 30.237 29.876 32.9 32.655 30.879 32.457 32.235 32.692 37.506 38.168 39.664 40.576 40.732 43.105 46.635 47.502 43.251 44.902 44.742 45.35 49.571 49.485 52.186 49.666 47.186 50.545 48.386 46.194 45.857 46.728 45.449 46.343 44.456 47.574 51.582 49.446 47.274 45.559 44.622 44.882 
-0.866 0.5 10.924 12.105 12.583 11.379 13.442 16.509 20.705 23.26 27.814 31.21 32.063 31.234 29.643 30.237 29.876 32.9 32.655 30.879 32.457 32.235 32.692 37.506 38.168 39.664 40.576 40.732 43.105 46.635 47.502 43.251 44.902 44.742 45.35 49.571 49.485 52.186 49.666 47.186 50.545 48.386 46.194 45.857 46.728 45.449 46.343 44.456 47.574 51.582 49.446 47.274 45.559 44.622 44.882 42.33 
-0.846 0.534 12.105 12.583 11.379 13.442 16.509 20.705 23.26 27.814 31.21 32.063 31.234 29.643 30.237 29.876 32.9 32.655 30.879 32.457 32.235 32.692 37.506 38.168 39.664 40.576 40.732 43.105 46.635 47.502 43.251 44.902 44.742 45.35 49.571 49.485 52.186 49.666 47.186 50.545 48.386 46.194 45.857 46.728 45.449 46.343 44.456 47.574 51.582 49.446 47.274 45.559 44.622 44.882 42.33 39.984 
-0.822 0.57 12.583 11.379 13.442 16.509 20.705 23.26 27.814 31.21 32.063 31.234 29.643 30.237 29.876 32.9 32.655 30.879 32.457 32.235 32.692 37.506 38.168 39.664 40.576 40.732 43.105 46.635 47.502 43.251 44.902 44.742 45.35 49.571 49.485 52.186 49.666 47.186 50.545 48.386 46.194 45.857 46.728 45.449 46.343 44.456 47.574 51.582 49.446 47.274 45.559 44.622 44.882 42.33 39.984 40.962 
-0.796 0.605 11.379 13.442 16.509 20.705 23.26 27.814 31.21 32.063 31.234 29.643 30.237 29.876 32.9 32.655 30.879 32.457 32.235 32.692 37.506 38.168 39.664 40.576 40.732 43.105 46.635 47.502 43.251 44.902 44.742 45.35 49.571 49.485 52.186 49.666 47.186 50.545 48.386 46.194 45.857 46.728 45.449 46.343 44.456 47.574 51.582 49.446 47.274 45.559 44.622 44.882 42.33 39.984 40.962 48.236 
-0.769 0.639 13.442 16.509 20.705 23.26 27.814 31.21 32.063 31.234 29.643 30.237 29.876 32.9 32.655 30.879 32.457 32.235 32.692 37.506 38.168 39.664 40.576 40.732 43.105 46.635 47.502 43.251 44.902 44.742 45.35 49.571 49.485 52.186 49.666 47.186 50.545 48.386 46.194 45.857 46.728 45.449 46.343 44.456 47.574 51.582 49.446 47.274 45.559 44.622 44.882 42.33 39.984 40.962 48.236 49.547 
-0.74 0.672 16.509 20.705 23.26 27.814 31.21 32.063 31.234 29.643 30.237 29.876 32.9 32.655 30.879 32.457 32.235 32.692 37.506 38.168 39.664 40.576 40.732 43.105 46.635 47.502 43.251 44.902 44.742 45.35 49.571 49.485 52.186 49.666 47.186 50.545 48.386 46.194 45.857 46.728 45.449 46.343 44.456 47.574 51.582 49.446 47.274 45.559 44.622 44.882 42.33 39.984 40.962 48.236 49.547 46.447 
-0.707 0.707 20.705 23.26 27.814 31.21 32.063 31.234 29.643 30.237 29.876 32.9 32.655 30.879 32.457 32.235 32.692 37.506 38.168 39.664 40.576 40.732 43.105 46.635 47.502 43.251 44.902 44.742 45.35 49.571 49.485 52.186 49.666 47.186 50.545 48.386 46.194 45.857 46.728 45.449 46.343 44.456 47.574 51.582 49.446 47.274 45.559 44.622 44.882 42.33 39.984 40.962 48.236 49.547 46.447 42.528 
-0.679 0.734 23.26 27.814 31.21 32.063 31.234 29.643 30.237 29.876 32.9 32.655 30.879 32.457 32.235 32.692 37.506 38.168 39.664 40.576 40.732 43.105 46.635 47.502 43.251 44.902 44.742 45.35 49.571 49.485 52.186 49.666 47.186 50.545 48.386 46.194 45.857 46.728 45.449 46.343 44.456 47.574 51.582 49.446 47.274 45.559 44.622 44.882 42.33 39.984 40.962 48.236 49.547 46.447 42.528 42.969 
-0.646 0.763 27.814 31.21 32.063 31.234 29.643 30.237 29.876 32.9 32.655 30.879 32.457 32.235 32.692 37.506 38.168 39.664 40.576 40.732 43.105 46.635 47.502 43.251 44.902 44.742 45.35 49.571 49.485 52.186 49.666 47.186 50.545 48.386 46.194 45.857 46.728 45.449 46.343 44.456 47.574 51.582 49.446 47.274 45.559 44.622 44.882 42.33 39.984 40.962 48.236 49.547 46.447 42.528 42.969 45.51 
-0.612 0.791 31.21 32.063 31.234 29.643 30.237 29.876 32.9 32.655 30.879 32.457 32.235 32.692 37.506 38.168 39.664 40.576 40.732 43.105 46.635 47.502 43.251 44.902 44.742 45.35 49.571 49.485 52.186 49.666 47.186 50.545 48.386 46.194 45.857 46.728 45.449 46.343 44.456 47.574 51.582 49.446 47.274 45.559 44.622 44.882 42.33 39.984 40.962 48.236 49.547 46.447 42.528 42.969 45.51 47.391 
-0.577 0.817 32.063 31.234 29.643 30.237 29.876 32.9 32.655 30.879 32.457 32.235 32.692 37.506 38.168 39.664 40.576 40.732 43.105 46.635 47.502 43.251 44.902 44.742 45.35 49.571 49.485 52.186 49.666 47.186 50.545 48.386 46.194 45.857 46.728 45.449 46.343 44.456 47.574 51.582 49.446 47.274 45.559 44.622 44.882 42.33 39.984 40.962 48.236 49.547 46.447 42.528 42.969 45.51 47.391 48.989 
-0.541 0.841 31.234 29.643 30.237 29.876 32.9 32.655 30.879 32.457 32.235 32.692 37.506 38.168 39.664 40.576 40.732 43.105 46.635 47.502 43.251 44.902 44.742 45.35 49.571 49.485 52.186 49.666 47.186 50.545 48.386 46.194 45.857 46.728 45.449 46.343 44.456 47.574 51.582 49.446 47.274 45.559 44.622 44.882 42.33 39.984 40.962 48.236 49.547 46.447 42.528 42.969 45.51 47.391 48.989 43.574 
-0.5 0.866 29.643 30.237 29.876 32.9 32.655 30.879 32.457 32.235 32.692 37.506 38.168 39.664 40.576 40.732 43.105 46.635 47.502 43.251 44.902 44.742 45.35 49.571 49.485 52.186 49.666 47.186 50.545 48.386 46.194 45.857 46.728 45.449 46.343 44.456 47.574 51.582 49.446 47.274 45.559 44.622 44.882 42.33 39.984 40.962 48.236 49.547 46.447 42.528 42.969 45.51 47.391 48.989 43.574 38.033 
-0.466 0.885 30.237 29.876 32.9 32.655 30.879 32.457 32.235 32.692 37.506 38.168 39.664 40.576 40.732 43.105 46.635 47.502 43.251 44.902 44.742 45.35 49.571 49.485 52.186 49.666 47.186 50.545 48.386 46.194 45.857 46.728 45.449 46.343 44.456 47.574 51.582 49.446 47.274 45.559 44.622 44.882 42.33 39.984 40.962 48.236 49.547 46.447 42.528 42.969 45.51 47.391 48.989 43.574 38.033 37.233 
-0.427 0.904 29.876 32.9 32.655 30.879 32.457 32.235 32.692 37.506 38.168 39.664 40.576 40.732 43.105 46.635 47.502 43.251 44.902 44.742 45.35 49.571 49.485 52.186 49.666 47.186 50.545 48.386 46.194 45.857 46.728 45.449 46.343 44.456 47.574 51.582 49.446 47.274 45.559 44.622 44.882 42.33 39.984 40.962 48.236 49.547 46.447 42.528 42.969 45.51 47.391 48.989 43.574 38.033 37.233 36.528 
-0.387 0.922 32.9 32.655 30.879 32.457 32.235 32.692 37.506 38.168 39.664 40.576 40.732 43.105 46.635 47.502 43.251 44.902 44.742 45.35 49.571 49.485 52.186 49.666 47.186 50.545 48.386 46.194 45.857 46.728 45.449 46.343 44.456 47.574 51.582 49.446 47.274 45.559 44.622 44.882 42.33 39.984 40.962 48.236 49.547 46.447 42.528 42.969 45.51 47.391 48.989 43.574 38.033 37.233 36.528 33.388 
-0.346 0.938 32.655 30.879 32.457 32.235 32.692 37.506 38.168 39.664 40.576 40.732 43.105 46.635 47.502 43.251 44.902 44.742 45.35 49.571 49.485 52.186 49.666 47.186 50.545 48.386 46.194 45.857 46.728 45.449 46.343 44.456 47.574 51.582 49.446 47.274 45.559 44.622 44.882 42.33 39.984 40.962 48.236 49.547 46.447 42.528 42.969 45.51 47.391 48.989 43.574 38.033 37.233 36.528 33.388 31.895 
-0.305 0.952 30.879 32.457 32.235 32.692 37.506 38.168 39.664 40.576 40.732 43.105 46.635 47.502 43.251 44.902 44.742 45.35 49.571 49.485 52.186 49.666 47.186 50.545 48.386 46.194 45.857 46.728 45.449 46.343 44.456 47.574 51.582 49.446 47.274 45.559 44.622 44.882 42.33 39.984 40.962 48.236 49.547 46.447 42.528 42.969 45.51 47.391 48.989 43.574 38.033 37.233 36.528 33.388 31.895 29.432 
-0.259 0.966 32.457 32.235 32.692 37.506 38.168 39.664 40.576 40.732 43.105 46.635 47.502 43.251 44.902 44.742 45.35 49.571 49.485 52.186 49.666 47.186 50.545 48.386 46.194 45.857 46.728 45.449 46.343 44.456 47.574 51.582 49.446 47.274 45.559 44.622 44.882 42.33 39.984 40.962 48.236 49.547 46.447 42.528 42.969 45.51 47.391 48.989 43.574 38.033 37.233 36.528 33.388 31.895 29.432 31.421 
-0.221 0.975 32.235 32.692 37.506 38.168 39.664 40.576 40.732 43.105 46.635 47.502 43.251 44.902 44.742 45.35 49.571 49.485 52.186 49.666 47.186 50.545 48.386 46.194 45.857 46.728 45.449 46.343 44.456 47.574 51.582 49.446 47.274 45.559 44.622 44.882 42.33 39.984 40.962 48.236 49.547 46.447 42.528 42.969 45.51 47.391 48.989 43.574 38.033 37.233 36.528 33.388 31.895 29.432 31.421 31.869 
-0.178 0.984 32.692 37.506 38.168 39.664 40.576 40.732 43.105 46.635 47.502 43.251 44.902 44.742 45.35 49.571 49.485 52.186 49.666 47.186 50.545 48.386 46.194 45.857 46.728 45.449 46.343 44.456 47.574 51.582 49.446 47.274 45.559 44.622 44.882 42.33 39.984 40.962 48.236 49.547 46.447 42.528 42.969 45.51 47.391 48.989 43.574 38.033 37.233 36.528 33.388 31.895 29.432 31.421 31.869 40.239 
-0.135 0.991 37.506 38.168 39.664 40.576 40.732 43.105 46.635 47.502 43.251 44.902 44.742 45.35 49.571 49.485 52.186 49.666 47.186 50.545 48.386 46.194 45.857 46.728 45.449 46.343 44.456 47.574 51.582 49.446 47.274 45.559 44.622 44.882 42.33 39.984 40.962 48.236 49.547 46.447 42.528 42.969 45.51 47.391 48.989 43.574 38.033 37.233 36.528 33.388 31.895 29.432 31.421 31.869 40.239 41.518 
-0.092 0.996 38.168 39.664 40.576 40.732 43.105 46.635 47.502 43.251 44.902 44.742 45.35 49.571 49.485 52.186 49.666 47.186 50.545 48.386 46.194 45.857 46.728 45.449 46.343 44.456 47.574 51.582 49.446 47.274 45.559 44.622 44.882 42.33 39.984 40.962 48.236 49.547 46.447 42.528 42.969 45.51 47.391 48.989 43.574 38.033 37.233 36.528 33.388 31.895 29.432 31.421 31.869 40.239 41.518 30.232 
-0.048 0.999 39.664 40.576 40.732 43.105 46.635 47.502 43.251 44.902 44.742 45.35 49.571 49.485 52.186 49.666 47.186 50.545 48.386 46.194 45.857 46.728 45.449 46.343 44.456 47.574 51.582 49.446 47.274 45.559 44.622 44.882 42.33 39.984 40.962 48.236 49.547 46.447 42.528 42.969 45.51 47.391 48.989 43.574 38.033 37.233 36.528 33.388 31.895 29.432 31.421 31.869 40.239 41.518 30.232 12.082 
0 1 40.576 40.732 43.105 46.635 47.502 43.251 44.902 44.742 45.35 49.571 49.485 52.186 49.666 47.186 50.545 48.386 46.194 45.857 46.728 45.449 46.343 44.456 47.574 51.582 49.446 47.274 45.559 44.622 44.882 42.33 39.984 40.962 48.236 49.547 46.447 42.528 42.969 45.51 47.391 48.989 43.574 38.033 37.233 36.528 33.388 31.895 29.432 31.421 31.869 40.239 41.518 30.232 12.082 4.534 
0.039 0.999 40.732 43.105 46.635 47.502 43.251 44.902 44.742 45.35 49.571 49.485 52.186 49.666 47.186 50.545 48.386 46.194 45.857 46.728 45.449 46.343 44.456 47.574 51.582 49.446 47.274 45.559 44.622 44.882 42.33 39.984 40.962 48.236 49.547 46.447 42.528 42.969 45.51 47.391 48.989 43.574 38.033 37.233 36.528 33.388 31.895 29.432 31.421 31.869 40.239 41.518 30.232 12.082 4.534 4.347 
0.083 0.997 43.105 46.635 47.502 43.251 44.902 44.742 45.35 49.571 49.485 52.186 49.666 47.186 50.545 48.386 46.194 45.857 46.728 45.449 46.343 44.456 47.574 51.582 49.446 47.274 45.559 44.622 44.882 42.33 39.984 40.962 48.236 49.547 46.447 42.528 42.969 45.51 47.391 48.989 43.574 38.033 37.233 36.528 33.388 31.895 29.432 31.421 31.869 40.239 41.518 30.232 12.082 4.534 4.347 11.137 
0.126 0.992 46.635 47.502 43.251 44.902 44.742 45.35 49.571 49.485 52.186 49.666 47.186 50.545 48.386 46.194 45.857 46.728 45.449 46.343 44.456 47.574 51.582 49.446 47.274 45.559 44.622 44.882 42.33 39.984 40.962 48.236 49.547 46.447 42.528 42.969 45.51 47.391 48.989 43.574 38.033 37.233 36.528 33.388 31.895 29.432 31.421 31.869 40.239 41.518 30.232 12.082 4.534 4.347 11.137 12.686 
0.169 0.986 47.502 43.251 44.902 44.742 45.35 49.571 49.485 52.186 49.666 47.186 50.545 48.386 46.194 45.857 46.728 45.449 46.343 44.456 47.574 51.582 49.446 47.274 45.559 44.622 44.882 42.33 39.984 40.962 48.236 49.547 46.447 42.528 42.969 45.51 47.391 48.989 43.574 38.033 37.233 36.528 33.388 31.895 29.432 31.421 31.869 40.239 41.518 30.232 12.082 4.534 4.347 11.137 12.686 10.753 
0.212 0.977 43.251 44.902 44.742 45.35 49.571 49.485 52.186 49.666 47.186 50.545 48.386 46.194 45.857 46.728 45.449 46.343 44.456 47.574 51.582 49.446 47.274 45.559 44.622 44.882 42.33 39.984 40.962 48.236 49.547 46.447 42.528 42.969 45.51 47.391 48.989 43.574 38.033 37.233 36.528 33.388 31.895 29.432 31.421 31.869 40.239 41.518 30.232 12.082 4.534 4.347 11.137 12.686 10.753 12.352 
0.259 0.966 44.902 44.742 45.35 49.571 49.485 52.186 49.666 47.186 50.545 48.386 46.194 45.857 46.728 45.449 46.343 44.456 47.574 51.582 49.446 47.274 45.559 44.622 44.882 42.33 39.984 40.962 48.236 49.547 46.447 42.528 42.969 45.51 47.391 48.989 43.574 38.033 37.233 36.528 33.388 31.895 29.432 31.421 31.869 40.239 41.518 30.232 12.082 4.534 4.347 11.137 12.686 10.753 12.352 12.926 
0.297 0.955 44.742 45.35 49.571 49.485 52.186 49.666 47.186 50.545 48.386 46.194 45.857 46.728 45.449 46.343 44.456 47.574 51.582 49.446 47.274 45.559 44.622 44.882 42.33 39.984 40.962 48.236 49.547 46.447 42.528 42.969 45.51 47.391 48.989 43.574 38.033 37.233 36.528 33.388 31.895 29.432 31.421 31.869 40.239 41.518 30.232 12.082 4.534 4.347 11.137 12.686 10.753 12.352 12.926 8.335 
0.338 0.941 45.35 49.571 49.485 52.186 49.666 47.186 50.545 48.386 46.194 45.857 46.728 45.449 46.343 44.456 47.574 51.582 49.446 47.274 45.559 44.622 44.882 42.33 39.984 40.962 48.236 49.547 46.447 42.528 42.969 45.51 47.391 48.989 43.574 38.033 37.233 36.528 33.388 31.895 29.432 31.421 31.869 40.239 41.518 30.232 12.082 4.534 4.347 11.137 12.686 10.753 12.352 12.926 8.335 7.237 
0.379 0.926 49.571 49.485 52.186 49.666 47.186 50.545 48.386 46.194 45.857 46.728 45.449 46.343 44.456 47.574 51.582 49.446 47.274 45.559 44.622 44.882 42.33 39.984 40.962 48.236 49.547 46.447 42.528 42.969 45.51 47.391 48.989 43.574 38.033 37.233 36.528 33.388 31.895 29.432 31.421 31.869 40.239 41.518 30.232 12.082 4.534 4.347 11.137 12.686 10.753 12.352 12.926 8.335 7.237 10.649 
0.419 0.908 49.485 52.186 49.666 47.186 50.545 48.386 46.194 45.857 46.728 45.449 46.343 44.456 47.574 51.582 49.446 47.274 45.559 44.622 44.882 42.33 39.984 40.962 48.236 49.547 46.447 42.528 42.969 45.51 47.391 48.989 43.574 38.033 37.233 36.528 33.388 31.895 29.432 31.421 31.869 40.239 41.518 30.232 12.082 4.534 4.347 11.137 12.686 10.753 12.352 12.926 8.335 7.237 10.649 14.978 
0.458 0.889 52.186 49.666 47.186 50.545 48.386 46.194 45.857 46.728 45.449 46.343 44.456 47.574 51.582 49.446 47.274 45.559 44.622 44.882 42.33 39.984 40.962 48.236 49.547 46.447 42.528 42.969 45.51 47.391 48.989 43.574 38.033 37.233 36.528 33.388 31.895 29.432 31.421 31.869 40.239 41.518 30.232 12.082 4.534 4.347 11.137 12.686 10.753 12.352 12.926 8.335 7.237 10.649 14.978 16.629 
0.5 0.866 49.666 47.186 50.545 48.386 46.194 45.857 46.728 45.449 46.343 44.456 47.574 51.582 49.446 47.274 45.559 44.622 44.882 42.33 39.984 40.962 48.236 49.547 46.447 42.528 42.969 45.51 47.391 48.989 43.574 38.033 37.233 36.528 33.388 31.895 29.432 31.421 31.869 40.239 41.518 30.232 12.082 4.534 4.347 11.137 12.686 10.753 12.352 12.926 8.335 7.237 10.649 14.978 16.629 14.406 
0.534 0.846 47.186 50.545 48.386 46.194 45.857 46.728 45.449 46.343 44.456 47.574 51.582 49.446 47.274 45.559 44.622 44.882 42.33 39.984 40.962 48.236 49.547 46.447 42.528 42.969 45.51 47.391 48.989 43.574 38.033 37.233 36.528 33.388 31.895 29.432 31.421 31.869 40.239 41.518 30.232 12.082 4.534 4.347 11.137 12.686 10.753 12.352 12.926 8.335 7.237 10.649 14.978 16.629 14.406 12.504 
0.57 0.822 50.545 48.386 46.194 45.857 46.728 45.449 46.343 44.456 47.574 51.582 49.446 47.274 45.559 44.622 44.882 42.33 39.984 40.962 48.236 49.547 46.447 42.528 42.969 45.51 47.391 48.989 43.574 38.033 37.233 36.528 33.388 31.895 29.432 31.421 31.869 40.239 41.518 30.232 12.082 4.534 4.347 11.137 12.686 10.753 12.352 12.926 8.335 7.237 10.649 14.978 16.629 14.406 12.504 10.786 
0.605 0.796 48.386 46.194 45.857 46.728 45.449 46.343 44.456 47.574 51.582 49.446 47.274 45.559 44.622 44.882 42.33 39.984 40.962 48.236 49.547 46.447 42.528 42.969 45.51 47.391 48.989 43.574 38.033 37.233 36.528 33.388 31.895 29.432 31.421 31.869 40.239 41.518 30.232 12.082 4.534 4.347 11.137 12.686 10.753 12.352 12.926 8.335 7.237 10.649 14.978 16.629 14.406 12.504 10.786 18.132 
0.639 0.769 46.194 45.857 46.728 45.449 46.343 44.456 47.574 51.582 49.446 47.274 45.559 44.622 44.882 42.33 39.984 40.962 48.236 49.547 46.447 42.528 42.969 45.51 47.391 48.989 43.574 38.033 37.233 36.528 33.388 31.895 29.432 31.421 31.869 40.239 41.518 30.232 12.082 4.534 4.347 11.137 12.686 10.753 12.352 12.926 8.335 7.237 10.649 14.978 16.629 14.406 12.504 10.786 18.132 17.942 
0.672 0.74 45.857 46.728 45.449 46.343 44.456 47.574 51.582 49.446 47.274 45.559 44.622 44.882 42.33 39.984 40.962 48.236 49.547 46.447 42.528 42.969 45.51 47.391 48.989 43.574 38.033 37.233 36.528 33.388 31.895 29.432 31.421 31.869 40.239 41.518 30.232 12.082 4.534 4.347 11.137 12.686 10.753 12.352 12.926 8.335 7.237 10.649 14.978 16.629 14.406 12.504 10.786 18.132 17.942 15.56 
0.707 0.707 46.728 45.449 46.343 44.456 47.574 51.582 49.446 47.274 45.559 44.622 44.882 42.33 39.984 40.962 48.236 49.547 46.447 42.528 42.969 45.51 47.391 48.989 43.574 38.033 37.233 36.528 33.388 31.895 29.432 31.421 31.869 40.239 41.518 30.232 12.082 4.534 4.347 11.137 12.686 10.753 12.352 12.926 8.335 7.237 10.649 14.978 16.629 14.406 12.504 10.786 18.132 17.942 15.56 15.747 
0.734 0.679 45.449 46.343 44.456 47.574 51.582 49.446 47.274 45.559 44.622 44.882 42.33 39.984 40.962 48.236 49.547 46.447 42.528 42.969 45.51 47.391 48.989 43.574 38.033 37.233 36.528 33.388 31.895 29.432 31.421 31.869 40.239 41.518 30.232 12.082 4.534 4.347 11.137 12.686 10.753 12.352 12.926 8.335 7.237 10.649 14.978 16.629 14.406 12.504 10.786 18.132 17.942 15.56 15.747 15.562 
0.763 0.646 46.343 44.456 47.574 51.582 49.446 47.274 45.559 44.622 44.882 42.33 39.984 40.962 48.236 49.547 46.447 42.528 42.969 45.51 47.391 48.989 43.574 38.033 37.233 36.528 33.388 31.895 29.432 31.421 31.869 40.239 41.518 30.232 12.082 4.534 4.347 11.137 12.686 10.753 12.352 12.926 8.335 7.237 10.649 14.978 16.629 14.406 12.504 10.786 18.132 17.942 15.56 15.747 15.562 11.831 
0.791 0.612 44.456 47.574 51.582 49.446 47.274 45.559 44.622 44.882 42.33 39.984 40.962 48.236 49.547 46.447 42.528 42.969 45.51 47.391 48.989 43.574 38.033 37.233 36.528 33.388 31.895 29.432 31.421 31.869 40.239 41.518 30.232 12.082 4.534 4.347 11.137 12.686 10.753 12.352 12.926 8.335 7.237 10.649 14.978 16.629 14.406 12.504 10.786 18.132 17.942 15.56 15.747 15.562 11.831 8.978 
0.817 0.577 47.574 51.582 49.446 47.274 45.559 44.622 44.882 42.33 39.984 40.962 48.236 49.547 46.447 42.528 42.969 45.51 47.391 48.989 43.574 38.033 37.233 36.528 33.388 31.895 29.432 31.421 31.869 40.239 41.518 30.232 12.082 4.534 4.347 11.137 12.686 10.753 12.352 12.926 8.335 7.237 10.649 14.978 16.629 14.406 12.504 10.786 18.132 17.942 15.56 15.747 15.562 11.831 8.978 4.777 
0.841 0.541 51.582 49.446 47.274 45.559 44.622 44.882 42.33 39.984 40.962 48.236 49.547 46.447 42.528 42.969 45.51 47.391 48.989 43.574 38.033 37.233 36.528 33.388 31.895 29.432 31.421 31.869 40.239 41.518 30.232 12.082 4.534 4.347 11.137 12.686 10.753 12.352 12.926 8.335 7.237 10.649 14.978 16.629 14.406 12.504 10.786 18.132 17.942 15.56 15.747 15.562 11.831 8.978 4.777 1.789 
0.866 0.5 49.446 47.274 45.559 44.622 44.882 42.33 39.984 40.962 48.236 49.547 46.447 42.528 42.969 45.51 47.391 48.989 43.574 38.033 37.233 36.528 33.388 31.895 29.432 31.421 31.869 40.239 41.518 30.232 12.082 4.534 4.347 11.137 12.686 10.753 12.352 12.926 8.335 7.237 10.649 14.978 16.629 14.406 12.504 10.786 18.132 17.942 15.56 15.747 15.562 11.831 8.978 4.777 1.789 1.000 
0.885 0.466 47.274 45.559 44.622 44.882 42.33 39.984 40.962 48.236 49.547 46.447 42.528 42.969 45.51 47.391 48.989 43.574 38.033 37.233 36.528 33.388 31.895 29.432 31.421 31.869 40.239 41.518 30.232 12.082 4.534 4.347 11.137 12.686 10.753 12.352 12.926 8.335 7.237 10.649 14.978 16.629 14.406 12.504 10.786 18.132 17.942 15.56 15.747 15.562 11.831 8.978 4.777 1.789 1.000 2.249 
0.904 0.427 45.559 44.622 44.882 42.33 39.984 40.962 48.236 49.547 46.447 42.528 42.969 45.51 47.391 48.989 43.574 38.033 37.233 36.528 33.388 31.895 29.432 31.421 31.869 40.239 41.518 30.232 12.082 4.534 4.347 11.137 12.686 10.753 12.352 12.926 8.335 7.237 10.649 14.978 16.629 14.406 12.504 10.786 18.132 17.942 15.56 15.747 15.562 11.831 8.978 4.777 1.789 1.000 2.249 5.805 
0.922 0.387 44.622 44.882 42.33 39.984 40.962 48.236 49.547 46.447 42.528 42.969 45.51 47.391 48.989 43.574 38.033 37.233 36.528 33.388 31.895 29.432 31.421 31.869 40.239 41.518 30.232 12.082 4.534 4.347 11.137 12.686 10.753 12.352 12.926 8.335 7.237 10.649 14.978 16.629 14.406 12.504 10.786 18.132 17.942 15.56 15.747 15.562 11.831 8.978 4.777 1.789 1.000 2.249 5.805 7.735 
0.938 0.346 44.882 42.33 39.984 40.962 48.236 49.547 46.447 42.528 42.969 45.51 47.391 48.989 43.574 38.033 37.233 36.528 33.388 31.895 29.432 31.421 31.869 40.239 41.518 30.232 12.082 4.534 4.347 11.137 12.686 10.753 12.352 12.926 8.335 7.237 10.649 14.978 16.629 14.406 12.504 10.786 18.132 17.942 15.56 15.747 15.562 11.831 8.978 4.777 1.789 1.000 2.249 5.805 7.735 10.576 
0.952 0.305 42.33 39.984 40.962 48.236 49.547 46.447 42.528 42.969 45.51 47.391 48.989 43.574 38.033 37.233 36.528 33.388 31.895 29.432 31.421 31.869 40.239 41.518 30.232 12.082 4.534 4.347 11.137 12.686 10.753 12.352 12.926 8.335 7.237 10.649 14.978 16.629 14.406 12.504 10.786 18.132 17.942 15.56 15.747 15.562 11.831 8.978 4.777 1.789 1.000 2.249 5.805 7.735 10.576 12.096 
0.966 0.259 39.984 40.962 48.236 49.547 46.447 42.528 42.969 45.51 47.391 48.989 43.574 38.033 37.233 36.528 33.388 31.895 29.432 31.421 31.869 40.239 41.518 30.232 12.082 4.534 4.347 11.137 12.686 10.753 12.352 12.926 8.335 7.237 10.649 14.978 16.629 14.406 12.504 10.786 18.132 17.942 15.56 15.747 15.562 11.831 8.978 4.777 1.789 1.000 2.249 5.805 7.735 10.576 12.096 12.78 
0.975 0.221 40.962 48.236 49.547 46.447 42.528 42.969 45.51 47.391 48.989 43.574 38.033 37.233 36.528 33.388 31.895 29.432 31.421 31.869 40.239 41.518 30.232 12.082 4.534 4.347 11.137 12.686 10.753 12.352 12.926 8.335 7.237 10.649 14.978 16.629 14.406 12.504 10.786 18.132 17.942 15.56 15.747 15.562 11.831 8.978 4.777 1.789 1.000 2.249 5.805 7.735 10.576 12.096 12.78 15.512 
0.984 0.178 48.236 49.547 46.447 42.528 42.969 45.51 47.391 48.989 43.574 38.033 37.233 36.528 33.388 31.895 29.432 31.421 31.869 40.239 41.518 30.232 12.082 4.534 4.347 11.137 12.686 10.753 12.352 12.926 8.335 7.237 10.649 14.978 16.629 14.406 12.504 10.786 18.132 17.942 15.56 15.747 15.562 11.831 8.978 4.777 1.789 1.000 2.249 5.805 7.735 10.576 12.096 12.78 15.512 15.953 
0.991 0.135 49.547 46.447 42.528 42.969 45.51 47.391 48.989 43.574 38.033 37.233 36.528 33.388 31.895 29.432 31.421 31.869 40.239 41.518 30.232 12.082 4.534 4.347 11.137 12.686 10.753 12.352 12.926 8.335 7.237 10.649 14.978 16.629 14.406 12.504 10.786 18.132 17.942 15.56 15.747 15.562 11.831 8.978 4.777 1.789 1.000 2.249 5.805 7.735 10.576 12.096 12.78 15.512 15.953 13.87 
0.996 0.092 46.447 42.528 42.969 45.51 47.391 48.989 43.574 38.033 37.233 36.528 33.388 31.895 29.432 31.421 31.869 40.239 41.518 30.232 12.082 4.534 4.347 11.137 12.686 10.753 12.352 12.926 8.335 7.237 10.649 14.978 16.629 14.406 12.504 10.786 18.132 17.942 15.56 15.747 15.562 11.831 8.978 4.777 1.789 1.000 2.249 5.805 7.735 10.576 12.096 12.78 15.512 15.953 13.87 14.521 
0.999 0.048 42.528 42.969 45.51 47.391 48.989 43.574 38.033 37.233 36.528 33.388 31.895 29.432 31.421 31.869 40.239 41.518 30.232 12.082 4.534 4.347 11.137 12.686 10.753 12.352 12.926 8.335 7.237 10.649 14.978 16.629 14.406 12.504 10.786 18.132 17.942 15.56 15.747 15.562 11.831 8.978 4.777 1.789 1.000 2.249 5.805 7.735 10.576 12.096 12.78 15.512 15.953 13.87 14.521 16.195 
1 0 42.969 45.51 47.391 48.989 43.574 38.033 37.233 36.528 33.388 31.895 29.432 31.421 31.869 40.239 41.518 30.232 12.082 4.534 4.347 11.137 12.686 10.753 12.352 12.926 8.335 7.237 10.649 14.978 16.629 14.406 12.504 10.786 18.132 17.942 15.56 15.747 15.562 11.831 8.978 4.777 1.789 1.000 2.249 5.805 7.735 10.576 12.096 12.78 15.512 15.953 13.87 14.521 16.195 11.229 
0.999 -0.039 45.51 47.391 48.989 43.574 38.033 37.233 36.528 33.388 31.895 29.432 31.421 31.869 40.239 41.518 30.232 12.082 4.534 4.347 11.137 12.686 10.753 12.352 12.926 8.335 7.237 10.649 14.978 16.629 14.406 12.504 10.786 18.132 17.942 15.56 15.747 15.562 11.831 8.978 4.777 1.789 1.000 2.249 5.805 7.735 10.576 12.096 12.78 15.512 15.953 13.87 14.521 16.195 11.229 13.529 
0.997 -0.083 47.391 48.989 43.574 38.033 37.233 36.528 33.388 31.895 29.432 31.421 31.869 40.239 41.518 30.232 12.082 4.534 4.347 11.137 12.686 10.753 12.352 12.926 8.335 7.237 10.649 14.978 16.629 14.406 12.504 10.786 18.132 17.942 15.56 15.747 15.562 11.831 8.978 4.777 1.789 1.000 2.249 5.805 7.735 10.576 12.096 12.78 15.512 15.953 13.87 14.521 16.195 11.229 13.529 16.581 
0.992 -0.126 48.989 43.574 38.033 37.233 36.528 33.388 31.895 29.432 31.421 31.869 40.239 41.518 30.232 12.082 4.534 4.347 11.137 12.686 10.753 12.352 12.926 8.335 7.237 10.649 14.978 16.629 14.406 12.504 10.786 18.132 17.942 15.56 15.747 15.562 11.831 8.978 4.777 1.789 1.000 2.249 5.805 7.735 10.576 12.096 12.78 15.512 15.953 13.87 14.521 16.195 11.229 13.529 16.581 18.048 
0.986 -0.169 43.574 38.033 37.233 36.528 33.388 31.895 29.432 31.421 31.869 40.239 41.518 30.232 12.082 4.534 4.347 11.137 12.686 10.753 12.352 12.926 8.335 7.237 10.649 14.978 16.629 14.406 12.504 10.786 18.132 17.942 15.56 15.747 15.562 11.831 8.978 4.777 1.789 1.000 2.249 5.805 7.735 10.576 12.096 12.78 15.512 15.953 13.87 14.521 16.195 11.229 13.529 16.581 18.048 20.329 
0.977 -0.212 38.033 37.233 36.528 33.388 31.895 29.432 31.421 31.869 40.239 41.518 30.232 12.082 4.534 4.347 11.137 12.686 10.753 12.352 12.926 8.335 7.237 10.649 14.978 16.629 14.406 12.504 10.786 18.132 17.942 15.56 15.747 15.562 11.831 8.978 4.777 1.789 1.000 2.249 5.805 7.735 10.576 12.096 12.78 15.512 15.953 13.87 14.521 16.195 11.229 13.529 16.581 18.048 20.329 21.049 
0.966 -0.259 37.233 36.528 33.388 31.895 29.432 31.421 31.869 40.239 41.518 30.232 12.082 4.534 4.347 11.137 12.686 10.753 12.352 12.926 8.335 7.237 10.649 14.978 16.629 14.406 12.504 10.786 18.132 17.942 15.56 15.747 15.562 11.831 8.978 4.777 1.789 1.000 2.249 5.805 7.735 10.576 12.096 12.78 15.512 15.953 13.87 14.521 16.195 11.229 13.529 16.581 18.048 20.329 21.049 22.568 
0.955 -0.296 36.528 33.388 31.895 29.432 31.421 31.869 40.239 41.518 30.232 12.082 4.534 4.347 11.137 12.686 10.753 12.352 12.926 8.335 7.237 10.649 14.978 16.629 14.406 12.504 10.786 18.132 17.942 15.56 15.747 15.562 11.831 8.978 4.777 1.789 1.000 2.249 5.805 7.735 10.576 12.096 12.78 15.512 15.953 13.87 14.521 16.195 11.229 13.529 16.581 18.048 20.329 21.049 22.568 26.424 
0.941 -0.338 33.388 31.895 29.432 31.421 31.869 40.239 41.518 30.232 12.082 4.534 4.347 11.137 12.686 10.753 12.352 12.926 8.335 7.237 10.649 14.978 16.629 14.406 12.504 10.786 18.132 17.942 15.56 15.747 15.562 11.831 8.978 4.777 1.789 1.000 2.249 5.805 7.735 10.576 12.096 12.78 15.512 15.953 13.87 14.521 16.195 11.229 13.529 16.581 18.048 20.329 21.049 22.568 26.424 25.278 
0.926 -0.379 31.895 29.432 31.421 31.869 40.239 41.518 30.232 12.082 4.534 4.347 11.137 12.686 10.753 12.352 12.926 8.335 7.237 10.649 14.978 16.629 14.406 12.504 10.786 18.132 17.942 15.56 15.747 15.562 11.831 8.978 4.777 1.789 1.000 2.249 5.805 7.735 10.576 12.096 12.78 15.512 15.953 13.87 14.521 16.195 11.229 13.529 16.581 18.048 20.329 21.049 22.568 26.424 25.278 27.776 
0.908 -0.419 29.432 31.421 31.869 40.239 41.518 30.232 12.082 4.534 4.347 11.137 12.686 10.753 12.352 12.926 8.335 7.237 10.649 14.978 16.629 14.406 12.504 10.786 18.132 17.942 15.56 15.747 15.562 11.831 8.978 4.777 1.789 1.000 2.249 5.805 7.735 10.576 12.096 12.78 15.512 15.953 13.87 14.521 16.195 11.229 13.529 16.581 18.048 20.329 21.049 22.568 26.424 25.278 27.776 28.183 
0.889 -0.458 31.421 31.869 40.239 41.518 30.232 12.082 4.534 4.347 11.137 12.686 10.753 12.352 12.926 8.335 7.237 10.649 14.978 16.629 14.406 12.504 10.786 18.132 17.942 15.56 15.747 15.562 11.831 8.978 4.777 1.789 1.000 2.249 5.805 7.735 10.576 12.096 12.78 15.512 15.953 13.87 14.521 16.195 11.229 13.529 16.581 18.048 20.329 21.049 22.568 26.424 25.278 27.776 28.183 28.197 
0.866 -0.5 31.869 40.239 41.518 30.232 12.082 4.534 4.347 11.137 12.686 10.753 12.352 12.926 8.335 7.237 10.649 14.978 16.629 14.406 12.504 10.786 18.132 17.942 15.56 15.747 15.562 11.831 8.978 4.777 1.789 1.000 2.249 5.805 7.735 10.576 12.096 12.78 15.512 15.953 13.87 14.521 16.195 11.229 13.529 16.581 18.048 20.329 21.049 22.568 26.424 25.278 27.776 28.183 28.197 28.432 
0.846 -0.534 40.239 41.518 30.232 12.082 4.534 4.347 11.137 12.686 10.753 12.352 12.926 8.335 7.237 10.649 14.978 16.629 14.406 12.504 10.786 18.132 17.942 15.56 15.747 15.562 11.831 8.978 4.777 1.789 1.000 2.249 5.805 7.735 10.576 12.096 12.78 15.512 15.953 13.87 14.521 16.195 11.229 13.529 16.581 18.048 20.329 21.049 22.568 26.424 25.278 27.776 28.183 28.197 28.432 29.505 
0.822 -0.57 41.518 30.232 12.082 4.534 4.347 11.137 12.686 10.753 12.352 12.926 8.335 7.237 10.649 14.978 16.629 14.406 12.504 10.786 18.132 17.942 15.56 15.747 15.562 11.831 8.978 4.777 1.789 1.000 2.249 5.805 7.735 10.576 12.096 12.78 15.512 15.953 13.87 14.521 16.195 11.229 13.529 16.581 18.048 20.329 21.049 22.568 26.424 25.278 27.776 28.183 28.197 28.432 29.505 24.743 
0.796 -0.605 30.232 12.082 4.534 4.347 11.137 12.686 10.753 12.352 12.926 8.335 7.237 10.649 14.978 16.629 14.406 12.504 10.786 18.132 17.942 15.56 15.747 15.562 11.831 8.978 4.777 1.789 1.000 2.249 5.805 7.735 10.576 12.096 12.78 15.512 15.953 13.87 14.521 16.195 11.229 13.529 16.581 18.048 20.329 21.049 22.568 26.424 25.278 27.776 28.183 28.197 28.432 29.505 24.743 22.687 
0.769 -0.639 12.082 4.534 4.347 11.137 12.686 10.753 12.352 12.926 8.335 7.237 10.649 14.978 16.629 14.406 12.504 10.786 18.132 17.942 15.56 15.747 15.562 11.831 8.978 4.777 1.789 1.000 2.249 5.805 7.735 10.576 12.096 12.78 15.512 15.953 13.87 14.521 16.195 11.229 13.529 16.581 18.048 20.329 21.049 22.568 26.424 25.278 27.776 28.183 28.197 28.432 29.505 24.743 22.687 21.722 
0.74 -0.672 4.534 4.347 11.137 12.686 10.753 12.352 12.926 8.335 7.237 10.649 14.978 16.629 14.406 12.504 10.786 18.132 17.942 15.56 15.747 15.562 11.831 8.978 4.777 1.789 1.000 2.249 5.805 7.735 10.576 12.096 12.78 15.512 15.953 13.87 14.521 16.195 11.229 13.529 16.581 18.048 20.329 21.049 22.568 26.424 25.278 27.776 28.183 28.197 28.432 29.505 24.743 22.687 21.722 20.721 
0.707 -0.707 4.347 11.137 12.686 10.753 12.352 12.926 8.335 7.237 10.649 14.978 16.629 14.406 12.504 10.786 18.132 17.942 15.56 15.747 15.562 11.831 8.978 4.777 1.789 1.000 2.249 5.805 7.735 10.576 12.096 12.78 15.512 15.953 13.87 14.521 16.195 11.229 13.529 16.581 18.048 20.329 21.049 22.568 26.424 25.278 27.776 28.183 28.197 28.432 29.505 24.743 22.687 21.722 20.721 23.732 
0.679 -0.734 11.137 12.686 10.753 12.352 12.926 8.335 7.237 10.649 14.978 16.629 14.406 12.504 10.786 18.132 17.942 15.56 15.747 15.562 11.831 8.978 4.777 1.789 1.000 2.249 5.805 7.735 10.576 12.096 12.78 15.512 15.953 13.87 14.521 16.195 11.229 13.529 16.581 18.048 20.329 21.049 22.568 26.424 25.278 27.776 28.183 28.197 28.432 29.505 24.743 22.687 21.722 20.721 23.732 26.825 
0.646 -0.763 12.686 10.753 12.352 12.926 8.335 7.237 10.649 14.978 16.629 14.406 12.504 10.786 18.132 17.942 15.56 15.747 15.562 11.831 8.978 4.777 1.789 1.000 2.249 5.805 7.735 10.576 12.096 12.78 15.512 15.953 13.87 14.521 16.195 11.229 13.529 16.581 18.048 20.329 21.049 22.568 26.424 25.278 27.776 28.183 28.197 28.432 29.505 24.743 22.687 21.722 20.721 23.732 26.825 26.04 
0.612 -0.791 10.753 12.352 12.926 8.335 7.237 10.649 14.978 16.629 14.406 12.504 10.786 18.132 17.942 15.56 15.747 15.562 11.831 8.978 4.777 1.789 1.000 2.249 5.805 7.735 10.576 12.096 12.78 15.512 15.953 13.87 14.521 16.195 11.229 13.529 16.581 18.048 20.329 21.049 22.568 26.424 25.278 27.776 28.183 28.197 28.432 29.505 24.743 22.687 21.722 20.721 23.732 26.825 26.04 24.546 
0.577 -0.817 12.352 12.926 8.335 7.237 10.649 14.978 16.629 14.406 12.504 10.786 18.132 17.942 15.56 15.747 15.562 11.831 8.978 4.777 1.789 1.000 2.249 5.805 7.735 10.576 12.096 12.78 15.512 15.953 13.87 14.521 16.195 11.229 13.529 16.581 18.048 20.329 21.049 22.568 26.424 25.278 27.776 28.183 28.197 28.432 29.505 24.743 22.687 21.722 20.721 23.732 26.825 26.04 24.546 25.058 
0.541 -0.841 12.926 8.335 7.237 10.649 14.978 16.629 14.406 12.504 10.786 18.132 17.942 15.56 15.747 15.562 11.831 8.978 4.777 1.789 1.000 2.249 5.805 7.735 10.576 12.096 12.78 15.512 15.953 13.87 14.521 16.195 11.229 13.529 16.581 18.048 20.329 21.049 22.568 26.424 25.278 27.776 28.183 28.197 28.432 29.505 24.743 22.687 21.722 20.721 23.732 26.825 26.04 24.546 25.058 27.615 
0.5 -0.866 8.335 7.237 10.649 14.978 16.629 14.406 12.504 10.786 18.132 17.942 15.56 15.747 15.562 11.831 8.978 4.777 1.789 1.000 2.249 5.805 7.735 10.576 12.096 12.78 15.512 15.953 13.87 14.521 16.195 11.229 13.529 16.581 18.048 20.329 21.049 22.568 26.424 25.278 27.776 28.183 28.197 28.432 29.505 24.743 22.687 21.722 20.721 23.732 26.825 26.04 24.546 25.058 27.615 29.298 
0.466 -0.885 7.237 10.649 14.978 16.629 14.406 12.504 10.786 18.132 17.942 15.56 15.747 15.562 11.831 8.978 4.777 1.789 1.000 2.249 5.805 7.735 10.576 12.096 12.78 15.512 15.953 13.87 14.521 16.195 11.229 13.529 16.581 18.048 20.329 21.049 22.568 26.424 25.278 27.776 28.183 28.197 28.432 29.505 24.743 22.687 21.722 20.721 23.732 26.825 26.04 24.546 25.058 27.615 29.298 28.655 
0.427 -0.904 10.649 14.978 16.629 14.406 12.504 10.786 18.132 17.942 15.56 15.747 15.562 11.831 8.978 4.777 1.789 1.000 2.249 5.805 7.735 10.576 12.096 12.78 15.512 15.953 13.87 14.521 16.195 11.229 13.529 16.581 18.048 20.329 21.049 22.568 26.424 25.278 27.776 28.183 28.197 28.432 29.505 24.743 22.687 21.722 20.721 23.732 26.825 26.04 24.546 25.058 27.615 29.298 28.655 28.403 
0.387 -0.922 14.978 16.629 14.406 12.504 10.786 18.132 17.942 15.56 15.747 15.562 11.831 8.978 4.777 1.789 1.000 2.249 5.805 7.735 10.576 12.096 12.78 15.512 15.953 13.87 14.521 16.195 11.229 13.529 16.581 18.048 20.329 21.049 22.568 26.424 25.278 27.776 28.183 28.197 28.432 29.505 24.743 22.687 21.722 20.721 23.732 26.825 26.04 24.546 25.058 27.615 29.298 28.655 28.403 28.073 
0.346 -0.938 16.629 14.406 12.504 10.786 18.132 17.942 15.56 15.747 15.562 11.831 8.978 4.777 1.789 1.000 2.249 5.805 7.735 10.576 12.096 12.78 15.512 15.953 13.87 14.521 16.195 11.229 13.529 16.581 18.048 20.329 21.049 22.568 26.424 25.278 27.776 28.183 28.197 28.432 29.505 24.743 22.687 21.722 20.721 23.732 26.825 26.04 24.546 25.058 27.615 29.298 28.655 28.403 28.073 28.158 
0.305 -0.952 14.406 12.504 10.786 18.132 17.942 15.56 15.747 15.562 11.831 8.978 4.777 1.789 1.000 2.249 5.805 7.735 10.576 12.096 12.78 15.512 15.953 13.87 14.521 16.195 11.229 13.529 16.581 18.048 20.329 21.049 22.568 26.424 25.278 27.776 28.183 28.197 28.432 29.505 24.743 22.687 21.722 20.721 23.732 26.825 26.04 24.546 25.058 27.615 29.298 28.655 28.403 28.073 28.158 27.633 
0.259 -0.966 12.504 10.786 18.132 17.942 15.56 15.747 15.562 11.831 8.978 4.777 1.789 1.000 2.249 5.805 7.735 10.576 12.096 12.78 15.512 15.953 13.87 14.521 16.195 11.229 13.529 16.581 18.048 20.329 21.049 22.568 26.424 25.278 27.776 28.183 28.197 28.432 29.505 24.743 22.687 21.722 20.721 23.732 26.825 26.04 24.546 25.058 27.615 29.298 28.655 28.403 28.073 28.158 27.633 26.41 
0.221 -0.975 10.786 18.132 17.942 15.56 15.747 15.562 11.831 8.978 4.777 1.789 1.000 2.249 5.805 7.735 10.576 12.096 12.78 15.512 15.953 13.87 14.521 16.195 11.229 13.529 16.581 18.048 20.329 21.049 22.568 26.424 25.278 27.776 28.183 28.197 28.432 29.505 24.743 22.687 21.722 20.721 23.732 26.825 26.04 24.546 25.058 27.615 29.298 28.655 28.403 28.073 28.158 27.633 26.41 23.522 
0.178 -0.984 18.132 17.942 15.56 15.747 15.562 11.831 8.978 4.777 1.789 1.000 2.249 5.805 7.735 10.576 12.096 12.78 15.512 15.953 13.87 14.521 16.195 11.229 13.529 16.581 18.048 20.329 21.049 22.568 26.424 25.278 27.776 28.183 28.197 28.432 29.505 24.743 22.687 21.722 20.721 23.732 26.825 26.04 24.546 25.058 27.615 29.298 28.655 28.403 28.073 28.158 27.633 26.41 23.522 21.694 
0.135 -0.991 17.942 15.56 15.747 15.562 11.831 8.978 4.777 1.789 1.000 2.249 5.805 7.735 10.576 12.096 12.78 15.512 15.953 13.87 14.521 16.195 11.229 13.529 16.581 18.048 20.329 21.049 22.568 26.424 25.278 27.776 28.183 28.197 28.432 29.505 24.743 22.687 21.722 20.721 23.732 26.825 26.04 24.546 25.058 27.615 29.298 28.655 28.403 28.073 28.158 27.633 26.41 23.522 21.694 22.541 
0.092 -0.996 15.56 15.747 15.562 11.831 8.978 4.777 1.789 1.000 2.249 5.805 7.735 10.576 12.096 12.78 15.512 15.953 13.87 14.521 16.195 11.229 13.529 16.581 18.048 20.329 21.049 22.568 26.424 25.278 27.776 28.183 28.197 28.432 29.505 24.743 22.687 21.722 20.721 23.732 26.825 26.04 24.546 25.058 27.615 29.298 28.655 28.403 28.073 28.158 27.633 26.41 23.522 21.694 22.541 25.641 
0.048 -0.999 15.747 15.562 11.831 8.978 4.777 1.789 1.000 2.249 5.805 7.735 10.576 12.096 12.78 15.512 15.953 13.87 14.521 16.195 11.229 13.529 16.581 18.048 20.329 21.049 22.568 26.424 25.278 27.776 28.183 28.197 28.432 29.505 24.743 22.687 21.722 20.721 23.732 26.825 26.04 24.546 25.058 27.615 29.298 28.655 28.403 28.073 28.158 27.633 26.41 23.522 21.694 22.541 25.641 25.517 
0 -1 15.562 11.831 8.978 4.777 1.789 1.000 2.249 5.805 7.735 10.576 12.096 12.78 15.512 15.953 13.87 14.521 16.195 11.229 13.529 16.581 18.048 20.329 21.049 22.568 26.424 25.278 27.776 28.183 28.197 28.432 29.505 24.743 22.687 21.722 20.721 23.732 26.825 26.04 24.546 25.058 27.615 29.298 28.655 28.403 28.073 28.158 27.633 26.41 23.522 21.694 22.541 25.641 25.517 26.875 
-0.039 -0.999 11.831 8.978 4.777 1.789 1.000 2.249 5.805 7.735 10.576 12.096 12.78 15.512 15.953 13.87 14.521 16.195 11.229 13.529 16.581 18.048 20.329 21.049 22.568 26.424 25.278 27.776 28.183 28.197 28.432 29.505 24.743 22.687 21.722 20.721 23.732 26.825 26.04 24.546 25.058 27.615 29.298 28.655 28.403 28.073 28.158 27.633 26.41 23.522 21.694 22.541 25.641 25.517 26.875 27.086 
-0.083 -0.997 8.978 4.777 1.789 1.000 2.249 5.805 7.735 10.576 12.096 12.78 15.512 15.953 13.87 14.521 16.195 11.229 13.529 16.581 18.048 20.329 21.049 22.568 26.424 25.278 27.776 28.183 28.197 28.432 29.505 24.743 22.687 21.722 20.721 23.732 26.825 26.04 24.546 25.058 27.615 29.298 28.655 28.403 28.073 28.158 27.633 26.41 23.522 21.694 22.541 25.641 25.517 26.875 27.086 26.62 
-0.126 -0.992 4.777 1.789 1.000 2.249 5.805 7.735 10.576 12.096 12.78 15.512 15.953 13.87 14.521 16.195 11.229 13.529 16.581 18.048 20.329 21.049 22.568 26.424 25.278 27.776 28.183 28.197 28.432 29.505 24.743 22.687 21.722 20.721 23.732 26.825 26.04 24.546 25.058 27.615 29.298 28.655 28.403 28.073 28.158 27.633 26.41 23.522 21.694 22.541 25.641 25.517 26.875 27.086 26.62 27.263 
-0.169 -0.986 1.789 1.000 2.249 5.805 7.735 10.576 12.096 12.78 15.512 15.953 13.87 14.521 16.195 11.229 13.529 16.581 18.048 20.329 21.049 22.568 26.424 25.278 27.776 28.183 28.197 28.432 29.505 24.743 22.687 21.722 20.721 23.732 26.825 26.04 24.546 25.058 27.615 29.298 28.655 28.403 28.073 28.158 27.633 26.41 23.522 21.694 22.541 25.641 25.517 26.875 27.086 26.62 27.263 28.149 
-0.212 -0.977 1.000 2.249 5.805 7.735 10.576 12.096 12.78 15.512 15.953 13.87 14.521 16.195 11.229 13.529 16.581 18.048 20.329 21.049 22.568 26.424 25.278 27.776 28.183 28.197 28.432 29.505 24.743 22.687 21.722 20.721 23.732 26.825 26.04 24.546 25.058 27.615 29.298 28.655 28.403 28.073 28.158 27.633 26.41 23.522 21.694 22.541 25.641 25.517 26.875 27.086 26.62 27.263 28.149 32.417 
-0.259 -0.966 2.249 5.805 7.735 10.576 12.096 12.78 15.512 15.953 13.87 14.521 16.195 11.229 13.529 16.581 18.048 20.329 21.049 22.568 26.424 25.278 27.776 28.183 28.197 28.432 29.505 24.743 22.687 21.722 20.721 23.732 26.825 26.04 24.546 25.058 27.615 29.298 28.655 28.403 28.073 28.158 27.633 26.41 23.522 21.694 22.541 25.641 25.517 26.875 27.086 26.62 27.263 28.149 32.417 33.337 
-0.296 -0.955 5.805 7.735 10.576 12.096 12.78 15.512 15.953 13.87 14.521 16.195 11.229 13.529 16.581 18.048 20.329 21.049 22.568 26.424 25.278 27.776 28.183 28.197 28.432 29.505 24.743 22.687 21.722 20.721 23.732 26.825 26.04 24.546 25.058 27.615 29.298 28.655 28.403 28.073 28.158 27.633 26.41 23.522 21.694 22.541 25.641 25.517 26.875 27.086 26.62 27.263 28.149 32.417 33.337 33.425 
-0.338 -0.941 7.735 10.576 12.096 12.78 15.512 15.953 13.87 14.521 16.195 11.229 13.529 16.581 18.048 20.329 21.049 22.568 26.424 25.278 27.776 28.183 28.197 28.432 29.505 24.743 22.687 21.722 20.721 23.732 26.825 26.04 24.546 25.058 27.615 29.298 28.655 28.403 28.073 28.158 27.633 26.41 23.522 21.694 22.541 25.641 25.517 26.875 27.086 26.62 27.263 28.149 32.417 33.337 33.425 33.161 
-0.379 -0.926 10.576 12.096 12.78 15.512 15.953 13.87 14.521 16.195 11.229 13.529 16.581 18.048 20.329 21.049 22.568 26.424 25.278 27.776 28.183 28.197 28.432 29.505 24.743 22.687 21.722 20.721 23.732 26.825 26.04 24.546 25.058 27.615 29.298 28.655 28.403 28.073 28.158 27.633 26.41 23.522 21.694 22.541 25.641 25.517 26.875 27.086 26.62 27.263 28.149 32.417 33.337 33.425 33.161 33.483 
-0.419 -0.908 12.096 12.78 15.512 15.953 13.87 14.521 16.195 11.229 13.529 16.581 18.048 20.329 21.049 22.568 26.424 25.278 27.776 28.183 28.197 28.432 29.505 24.743 22.687 21.722 20.721 23.732 26.825 26.04 24.546 25.058 27.615 29.298 28.655 28.403 28.073 28.158 27.633 26.41 23.522 21.694 22.541 25.641 25.517 26.875 27.086 26.62 27.263 28.149 32.417 33.337 33.425 33.161 33.483 34.034 
-0.458 -0.889 12.78 15.512 15.953 13.87 14.521 16.195 11.229 13.529 16.581 18.048 20.329 21.049 22.568 26.424 25.278 27.776 28.183 28.197 28.432 29.505 24.743 22.687 21.722 20.721 23.732 26.825 26.04 24.546 25.058 27.615 29.298 28.655 28.403 28.073 28.158 27.633 26.41 23.522 21.694 22.541 25.641 25.517 26.875 27.086 26.62 27.263 28.149 32.417 33.337 33.425 33.161 33.483 34.034 32.234 
-0.5 -0.866 15.512 15.953 13.87 14.521 16.195 11.229 13.529 16.581 18.048 20.329 21.049 22.568 26.424 25.278 27.776 28.183 28.197 28.432 29.505 24.743 22.687 21.722 20.721 23.732 26.825 26.04 24.546 25.058 27.615 29.298 28.655 28.403 28.073 28.158 27.633 26.41 23.522 21.694 22.541 25.641 25.517 26.875 27.086 26.62 27.263 28.149 32.417 33.337 33.425 33.161 33.483 34.034 32.234 30.307 
-0.534 -0.846 15.953 13.87 14.521 16.195 11.229 13.529 16.581 18.048 20.329 21.049 22.568 26.424 25.278 27.776 28.183 28.197 28.432 29.505 24.743 22.687 21.722 20.721 23.732 26.825 26.04 24.546 25.058 27.615 29.298 28.655 28.403 28.073 28.158 27.633 26.41 23.522 21.694 22.541 25.641 25.517 26.875 27.086 26.62 27.263 28.149 32.417 33.337 33.425 33.161 33.483 34.034 32.234 30.307 30.162 
-0.57 -0.822 13.87 14.521 16.195 11.229 13.529 16.581 18.048 20.329 21.049 22.568 26.424 25.278 27.776 28.183 28.197 28.432 29.505 24.743 22.687 21.722 20.721 23.732 26.825 26.04 24.546 25.058 27.615 29.298 28.655 28.403 28.073 28.158 27.633 26.41 23.522 21.694 22.541 25.641 25.517 26.875 27.086 26.62 27.263 28.149 32.417 33.337 33.425 33.161 33.483 34.034 32.234 30.307 30.162 30.258 
-0.605 -0.796 14.521 16.195 11.229 13.529 16.581 18.048 20.329 21.049 22.568 26.424 25.278 27.776 28.183 28.197 28.432 29.505 24.743 22.687 21.722 20.721 23.732 26.825 26.04 24.546 25.058 27.615 29.298 28.655 28.403 28.073 28.158 27.633 26.41 23.522 21.694 22.541 25.641 25.517 26.875 27.086 26.62 27.263 28.149 32.417 33.337 33.425 33.161 33.483 34.034 32.234 30.307 30.162 30.258 30.96 
-0.639 -0.769 16.195 11.229 13.529 16.581 18.048 20.329 21.049 22.568 26.424 25.278 27.776 28.183 28.197 28.432 29.505 24.743 22.687 21.722 20.721 23.732 26.825 26.04 24.546 25.058 27.615 29.298 28.655 28.403 28.073 28.158 27.633 26.41 23.522 21.694 22.541 25.641 25.517 26.875 27.086 26.62 27.263 28.149 32.417 33.337 33.425 33.161 33.483 34.034 32.234 30.307 30.162 30.258 30.96 32.841 
-0.672 -0.74 11.229 13.529 16.581 18.048 20.329 21.049 22.568 26.424 25.278 27.776 28.183 28.197 28.432 29.505 24.743 22.687 21.722 20.721 23.732 26.825 26.04 24.546 25.058 27.615 29.298 28.655 28.403 28.073 28.158 27.633 26.41 23.522 21.694 22.541 25.641 25.517 26.875 27.086 26.62 27.263 28.149 32.417 33.337 33.425 33.161 33.483 34.034 32.234 30.307 30.162 30.258 30.96 32.841 33.615 
-0.707 -0.707 13.529 16.581 18.048 20.329 21.049 22.568 26.424 25.278 27.776 28.183 28.197 28.432 29.505 24.743 22.687 21.722 20.721 23.732 26.825 26.04 24.546 25.058 27.615 29.298 28.655 28.403 28.073 28.158 27.633 26.41 23.522 21.694 22.541 25.641 25.517 26.875 27.086 26.62 27.263 28.149 32.417 33.337 33.425 33.161 33.483 34.034 32.234 30.307 30.162 30.258 30.96 32.841 33.615 34.164 
-0.734 -0.679 16.581 18.048 20.329 21.049 22.568 26.424 25.278 27.776 28.183 28.197 28.432 29.505 24.743 22.687 21.722 20.721 23.732 26.825 26.04 24.546 25.058 27.615 29.298 28.655 28.403 28.073 28.158 27.633 26.41 23.522 21.694 22.541 25.641 25.517 26.875 27.086 26.62 27.263 28.149 32.417 33.337 33.425 33.161 33.483 34.034 32.234 30.307 30.162 30.258 30.96 32.841 33.615 34.164 36.567 
-0.763 -0.646 18.048 20.329 21.049 22.568 26.424 25.278 27.776 28.183 28.197 28.432 29.505 24.743 22.687 21.722 20.721 23.732 26.825 26.04 24.546 25.058 27.615 29.298 28.655 28.403 28.073 28.158 27.633 26.41 23.522 21.694 22.541 25.641 25.517 26.875 27.086 26.62 27.263 28.149 32.417 33.337 33.425 33.161 33.483 34.034 32.234 30.307 30.162 30.258 30.96 32.841 33.615 34.164 36.567 40.851 
-0.791 -0.612 20.329 21.049 22.568 26.424 25.278 27.776 28.183 28.197 28.432 29.505 24.743 22.687 21.722 20.721 23.732 26.825 26.04 24.546 25.058 27.615 29.298 28.655 28.403 28.073 28.158 27.633 26.41 23.522 21.694 22.541 25.641 25.517 26.875 27.086 26.62 27.263 28.149 32.417 33.337 33.425 33.161 33.483 34.034 32.234 30.307 30.162 30.258 30.96 32.841 33.615 34.164 36.567 40.851 39.383 
-0.817 -0.577 21.049 22.568 26.424 25.278 27.776 28.183 28.197 28.432 29.505 24.743 22.687 21.722 20.721 23.732 26.825 26.04 24.546 25.058 27.615 29.298 28.655 28.403 28.073 28.158 27.633 26.41 23.522 21.694 22.541 25.641 25.517 26.875 27.086 26.62 27.263 28.149 32.417 33.337 33.425 33.161 33.483 34.034 32.234 30.307 30.162 30.258 30.96 32.841 33.615 34.164 36.567 40.851 39.383 42.355 
-0.841 -0.541 22.568 26.424 25.278 27.776 28.183 28.197 28.432 29.505 24.743 22.687 21.722 20.721 23.732 26.825 26.04 24.546 25.058 27.615 29.298 28.655 28.403 28.073 28.158 27.633 26.41 23.522 21.694 22.541 25.641 25.517 26.875 27.086 26.62 27.263 28.149 32.417 33.337 33.425 33.161 33.483 34.034 32.234 30.307 30.162 30.258 30.96 32.841 33.615 34.164 36.567 40.851 39.383 42.355 43.937 
-0.866 -0.5 26.424 25.278 27.776 28.183 28.197 28.432 29.505 24.743 22.687 21.722 20.721 23.732 26.825 26.04 24.546 25.058 27.615 29.298 28.655 28.403 28.073 28.158 27.633 26.41 23.522 21.694 22.541 25.641 25.517 26.875 27.086 26.62 27.263 28.149 32.417 33.337 33.425 33.161 33.483 34.034 32.234 30.307 30.162 30.258 30.96 32.841 33.615 34.164 36.567 40.851 39.383 42.355 43.937 43.761 
-0.885 -0.466 25.278 27.776 28.183 28.197 28.432 29.505 24.743 22.687 21.722 20.721 23.732 26.825 26.04 24.546 25.058 27.615 29.298 28.655 28.403 28.073 28.158 27.633 26.41 23.522 21.694 22.541 25.641 25.517 26.875 27.086 26.62 27.263 28.149 32.417 33.337 33.425 33.161 33.483 34.034 32.234 30.307 30.162 30.258 30.96 32.841 33.615 34.164 36.567 40.851 39.383 42.355 43.937 43.761 40.795 
-0.904 -0.427 27.776 28.183 28.197 28.432 29.505 24.743 22.687 21.722 20.721 23.732 26.825 26.04 24.546 25.058 27.615 29.298 28.655 28.403 28.073 28.158 27.633 26.41 23.522 21.694 22.541 25.641 25.517 26.875 27.086 26.62 27.263 28.149 32.417 33.337 33.425 33.161 33.483 34.034 32.234 30.307 30.162 30.258 30.96 32.841 33.615 34.164 36.567 40.851 39.383 42.355 43.937 43.761 40.795 44.666 
-0.922 -0.387 28.183 28.197 28.432 29.505 24.743 22.687 21.722 20.721 23.732 26.825 26.04 24.546 25.058 27.615 29.298 28.655 28.403 28.073 28.158 27.633 26.41 23.522 21.694 22.541 25.641 25.517 26.875 27.086 26.62 27.263 28.149 32.417 33.337 33.425 33.161 33.483 34.034 32.234 30.307 30.162 30.258 30.96 32.841 33.615 34.164 36.567 40.851 39.383 42.355 43.937 43.761 40.795 44.666 43.402 
-0.938 -0.346 28.197 28.432 29.505 24.743 22.687 21.722 20.721 23.732 26.825 26.04 24.546 25.058 27.615 29.298 28.655 28.403 28.073 28.158 27.633 26.41 23.522 21.694 22.541 25.641 25.517 26.875 27.086 26.62 27.263 28.149 32.417 33.337 33.425 33.161 33.483 34.034 32.234 30.307 30.162 30.258 30.96 32.841 33.615 34.164 36.567 40.851 39.383 42.355 43.937 43.761 40.795 44.666 43.402 42.502 
-0.952 -0.305 28.432 29.505 24.743 22.687 21.722 20.721 23.732 26.825 26.04 24.546 25.058 27.615 29.298 28.655 28.403 28.073 28.158 27.633 26.41 23.522 21.694 22.541 25.641 25.517 26.875 27.086 26.62 27.263 28.149 32.417 33.337 33.425 33.161 33.483 34.034 32.234 30.307 30.162 30.258 30.96 32.841 33.615 34.164 36.567 40.851 39.383 42.355 43.937 43.761 40.795 44.666 43.402 42.502 44.79 
-0.966 -0.259 29.505 24.743 22.687 21.722 20.721 23.732 26.825 26.04 24.546 25.058 27.615 29.298 28.655 28.403 28.073 28.158 27.633 26.41 23.522 21.694 22.541 25.641 25.517 26.875 27.086 26.62 27.263 28.149 32.417 33.337 33.425 33.161 33.483 34.034 32.234 30.307 30.162 30.258 30.96 32.841 33.615 34.164 36.567 40.851 39.383 42.355 43.937 43.761 40.795 44.666 43.402 42.502 44.79 43.589 
-0.975 -0.221 24.743 22.687 21.722 20.721 23.732 26.825 26.04 24.546 25.058 27.615 29.298 28.655 28.403 28.073 28.158 27.633 26.41 23.522 21.694 22.541 25.641 25.517 26.875 27.086 26.62 27.263 28.149 32.417 33.337 33.425 33.161 33.483 34.034 32.234 30.307 30.162 30.258 30.96 32.841 33.615 34.164 36.567 40.851 39.383 42.355 43.937 43.761 40.795 44.666 43.402 42.502 44.79 43.589 43.534 
-0.984 -0.178 22.687 21.722 20.721 23.732 26.825 26.04 24.546 25.058 27.615 29.298 28.655 28.403 28.073 28.158 27.633 26.41 23.522 21.694 22.541 25.641 25.517 26.875 27.086 26.62 27.263 28.149 32.417 33.337 33.425 33.161 33.483 34.034 32.234 30.307 30.162 30.258 30.96 32.841 33.615 34.164 36.567 40.851 39.383 42.355 43.937 43.761 40.795 44.666 43.402 42.502 44.79 43.589 43.534 46.496 
-0.991 -0.135 21.722 20.721 23.732 26.825 26.04 24.546 25.058 27.615 29.298 28.655 28.403 28.073 28.158 27.633 26.41 23.522 21.694 22.541 25.641 25.517 26.875 27.086 26.62 27.263 28.149 32.417 33.337 33.425 33.161 33.483 34.034 32.234 30.307 30.162 30.258 30.96 32.841 33.615 34.164 36.567 40.851 39.383 42.355 43.937 43.761 40.795 44.666 43.402 42.502 44.79 43.589 43.534 46.496 45.528 
-0.996 -0.092 20.721 23.732 26.825 26.04 24.546 25.058 27.615 29.298 28.655 28.403 28.073 28.158 27.633 26.41 23.522 21.694 22.541 25.641 25.517 26.875 27.086 26.62 27.263 28.149 32.417 33.337 33.425 33.161 33.483 34.034 32.234 30.307 30.162 30.258 30.96 32.841 33.615 34.164 36.567 40.851 39.383 42.355 43.937 43.761 40.795 44.666 43.402 42.502 44.79 43.589 43.534 46.496 45.528 45.927 
-0.999 -0.048 23.732 26.825 26.04 24.546 25.058 27.615 29.298 28.655 28.403 28.073 28.158 27.633 26.41 23.522 21.694 22.541 25.641 25.517 26.875 27.086 26.62 27.263 28.149 32.417 33.337 33.425 33.161 33.483 34.034 32.234 30.307 30.162 30.258 30.96 32.841 33.615 34.164 36.567 40.851 39.383 42.355 43.937 43.761 40.795 44.666 43.402 42.502 44.79 43.589 43.534 46.496 45.528 45.927 48.38 
-1 0 26.825 26.04 24.546 25.058 27.615 29.298 28.655 28.403 28.073 28.158 27.633 26.41 23.522 21.694 22.541 25.641 25.517 26.875 27.086 26.62 27.263 28.149 32.417 33.337 33.425 33.161 33.483 34.034 32.234 30.307 30.162 30.258 30.96 32.841 33.615 34.164 36.567 40.851 39.383 42.355 43.937 43.761 40.795 44.666 43.402 42.502 44.79 43.589 43.534 46.496 45.528 45.927 48.38 47.732 
