11         8        29        48        56
        0.00    0
       1.000000       1.000000      58.719000      58.719000      58.719000      58.719000      58.719000      58.719000      58.604000      58.604000      58.604000      58.604000      58.604000      58.604000      58.604000      58.604000      58.604000      58.604000      58.604000      58.604000      58.604000      58.604000      58.604000      58.604000      58.604000      58.604000      58.604000      58.604000      58.604000      58.604000      59.102000      59.102000      59.102000      59.102000      59.102000      59.102000      59.102000      59.102000      59.102000      59.102000      59.102000      59.102000      59.102000      59.102000      59.102000      59.102000      59.102000      59.102000      59.102000      59.102000      59.102000      59.102000      59.102000      59.102000      59.102000      59.102000
      -1.000000      -1.000000       0.134000       0.134000       0.134000       0.134000       0.134000       0.134000       0.152000       0.153000       0.153000       0.153000       0.153000       0.153000       0.153000       0.153000       0.153000       0.153000       0.153000       0.153000       0.153000       0.153000       0.153000       0.153000       0.153000       0.153000       0.153000       0.153000       0.153000       0.153000       0.153000       0.153000       0.134000       0.134000       0.134000       0.134000       0.134000       0.134000       0.134000       0.134000       0.134000       0.134000       0.134000       0.153000       0.153000       0.153000       0.153000       0.153000       0.153000       0.153000       0.153000       0.153000       0.153000       0.153000       0.153000       0.153000
        0.05600000000000000000
        0.00800000000000000000
        0.32000000000000001000
        0.13600000000000001000
        0.39600000000000002000
       -0.24800000000000000000
       -0.24600000000000000000
        0.01000000000000000000
        0.06000000000000000000
       -0.11000000000000000000
       -0.00600000000000000000
        0.02400000000000000000
       -0.14599999999999999000
        0.03000000000000000000
        0.24199999999999999000
        0.26000000000000001000
       -0.29399999999999998000
       -0.17399999999999999000
        0.16600000000000001000
        0.08200000000000000000
        0.44800000000000001000
       -0.04400000000000000000
        0.20200000000000001000
        0.31000000000000000000
       -0.25800000000000001000
       -0.23999999999999999000
        0.25200000000000000000
        0.28000000000000003000
       -0.05600000000000000000
        0.06400000000000000000
        0.46400000000000002000
       -0.06600000000000000000
        0.02600000000000000000
       -0.04000000000000000000
        0.04200000000000000000
       -0.04400000000000000000
       -0.20200000000000001000
       -0.12400000000000000000
        0.02800000000000000000
        0.11799999999999999000
       -0.20399999999999999000
        0.06000000000000000000
       -0.23200000000000001000
        0.26400000000000001000
        0.01200000000000000000
        0.16400000000000001000
        0.32000000000000001000
       -0.02400000000000000000
       -0.14999999999999999000
        0.27000000000000002000
       -0.19200000000000000000
       -0.07000000000000001000
        0.17599999999999999000
        0.18200000000000000000
        0.00800000000000000000
       -0.01000000000000000000
        0.16000000000000000000
        0.02600000000000000000
        0.26600000000000001000
       -0.04200000000000000000
        0.03800000000000000000
       -0.00600000000000000000
       -0.31400000000000000000
        0.04600000000000000000
       -0.04800000000000000000
       -0.18200000000000000000
       -0.38200000000000001000
        0.07000000000000001000
        0.16400000000000001000
       -0.10000000000000001000
        0.05600000000000000000
        0.03600000000000000000
       -0.36799999999999999000
       -0.32200000000000001000
        0.19000000000000000000
       -0.33000000000000002000
        0.35999999999999999000
        0.30800000000000000000
       -0.22600000000000001000
        0.34999999999999998000
       -0.26600000000000001000
       -0.04200000000000000000
       -0.10800000000000000000
        0.15600000000000000000
        0.39800000000000002000
        0.00000000000000000000
        0.32800000000000001000
       -0.19600000000000001000
        0.22200000000000000000
       -0.16000000000000000000
       -0.18400000000000000000
        0.06200000000000000000
        0.10000000000000001000
       -0.36799999999999999000
       -0.06000000000000000000
        0.37400000000000000000
       -0.17399999999999999000
        0.30399999999999999000
       -0.35199999999999998000
        0.16400000000000001000
        0.28599999999999998000
       -0.04600000000000000000
        0.07800000000000000000
       -0.24199999999999999000
       -0.29999999999999999000
        0.14999999999999999000
        0.18800000000000000000
        0.04800000000000000000
        0.23799999999999999000
        0.27600000000000002000
        0.44200000000000000000
       -0.09000000000000000000
       -0.07600000000000000000
       -0.34000000000000002000
       -0.14199999999999999000
       -0.14999999999999999000
        0.07000000000000001000
        0.01000000000000000000
        0.29399999999999998000
        0.10000000000000001000
        0.48399999999999999000
       -0.05000000000000000000
       -0.10400000000000000000
       -0.13800000000000001000
       -0.39800000000000002000
        0.15800000000000000000
       -0.06000000000000000000
        0.26000000000000001000
        0.05800000000000000000
        0.18200000000000000000
       -0.20200000000000001000
        0.07199999999999999000
       -0.25200000000000000000
       -0.11000000000000000000
        0.11200000000000000000
        0.39000000000000001000
        0.30599999999999999000
       -0.31400000000000000000
       -0.20000000000000001000
       -0.11200000000000000000
       -0.49399999999999999000
       -0.06600000000000000000
       -0.07400000000000000000
       -0.12600000000000000000
        0.28000000000000003000
       -0.27400000000000002000
        0.00600000000000000000
        0.03600000000000000000
        0.05200000000000000000
        0.39800000000000002000
        0.43600000000000000000
       -0.05200000000000000000
        0.32800000000000001000
       -0.23799999999999999000
       -0.01200000000000000000
       -0.13200000000000001000
        0.19800000000000001000
        0.16600000000000001000
        0.20399999999999999000
       -0.19000000000000000000
       -0.16000000000000000000
        0.06800000000000000000
       -0.18600000000000000000
        0.06000000000000000000
        0.28399999999999997000
       -0.16600000000000001000
       -0.14999999999999999000
       -0.35999999999999999000
        0.12800000000000000000
        0.38200000000000001000
        0.21800000000000000000
        0.01000000000000000000
       -0.17599999999999999000
       -0.16800000000000001000
       -0.33200000000000002000
       -0.36599999999999999000
       -0.31200000000000000000
       -0.30599999999999999000
       -0.28199999999999997000
       -0.09200000000000000000
       -0.23599999999999999000
        0.00400000000000000000
       -0.15400000000000000000
        0.36599999999999999000
       -0.27000000000000002000
       -0.34799999999999998000
        0.03800000000000000000
       -0.29599999999999999000
        0.16000000000000000000
       -0.28000000000000003000
       -0.28599999999999998000
       -0.07800000000000000000
       -0.29399999999999998000
        0.27400000000000002000
       -0.09000000000000000000
        0.24800000000000000000
       -0.38800000000000001000
       -0.36799999999999999000
        0.29999999999999999000
        0.06600000000000000000
        0.32200000000000001000
        0.09600000000000000000
        0.37800000000000000000
       -0.26600000000000001000
       -0.32400000000000001000
       -0.04600000000000000000
        0.07000000000000001000
       -0.32800000000000001000
       -0.21199999999999999000
       -0.31600000000000000000
       -0.14399999999999999000
       -0.04600000000000000000
       -0.16800000000000001000
        0.38000000000000000000
        0.25400000000000000000
        0.25000000000000000000
       -0.11200000000000000000
        0.25000000000000000000
        0.26400000000000001000
        0.36599999999999999000
       -0.03000000000000000000
        0.08599999999999999000
        0.18200000000000000000
        0.33800000000000002000
       -0.38800000000000001000
        0.32400000000000001000
        0.37400000000000000000
        0.39400000000000002000
       -0.27600000000000002000
        0.32800000000000001000
       -0.26600000000000001000
        0.09600000000000000000
        0.19800000000000001000
        0.31600000000000000000
       -0.21600000000000000000
       -0.26600000000000001000
        0.15400000000000000000
        0.16400000000000001000
        0.13200000000000001000
       -0.30399999999999999000
        0.29799999999999999000
        0.06800000000000000000
       -0.28999999999999998000
       -0.30199999999999999000
        0.00800000000000000000
        0.06200000000000000000
        0.35599999999999998000
       -0.34999999999999998000
       -0.28799999999999998000
        0.00400000000000000000
        0.49800000000000000000
       -0.09800000000000000000
       -0.05800000000000000000
        0.24600000000000000000
       -0.10199999999999999000
        0.33800000000000002000
        0.05000000000000000000
        0.23999999999999999000
       -0.23400000000000001000
        0.39600000000000002000
       -0.47599999999999998000
        0.00800000000000000000
        0.34999999999999998000
        0.28199999999999997000
        0.26200000000000001000
        0.04800000000000000000
       -0.31800000000000000000
       -0.01600000000000000000
       -0.34000000000000002000
        0.38600000000000001000
       -0.28799999999999998000
       -0.00400000000000000000
        0.30800000000000000000
        0.10800000000000000000
       -0.09000000000000000000
       -0.18200000000000000000
       -0.34999999999999998000
        0.30399999999999999000
        0.24199999999999999000
       -0.27000000000000002000
       -0.34399999999999997000
       -0.04400000000000000000
       -0.31600000000000000000
       -0.03200000000000000000
        0.17000000000000001000
       -0.13600000000000001000
       -0.11000000000000000000
       -0.35399999999999998000
        0.29599999999999999000
        0.29399999999999998000
        1.91710114425559031000        0.10652150645518067000        1.74035359754588259000       -9.11021802818716431000        3.34341837341417625000       -5.37839970945547918000       -1.32998740921000080000       -0.21998861553553309000       -1.71944312666750654000        0.60365690621384538000        0.18978078373624685000       -0.89908327730120963000       -0.64412286628030402000       -1.23116046538424495000        0.24202389616616812000        3.68603403684937092000        4.94381851600783051000        0.52848481569613093000       -0.13794202819548335000        3.52983754112682835000        1.22722577725826598000        0.82170585620544501000       -0.58671510132507199000       -1.01831511686910381000       -4.91797617026086709000       -1.76724754861723388000       -3.23790673963794129000       -3.84488553759299556000       -3.95832831579295563000        0.98157737486983965000        2.19906388933537844000        1.51388988495641064000        2.55002055784698944000       -8.92410855671414716000        3.58964432850328663000       -5.42729470470523712000       -1.08049355840017425000       -0.32114998791772781000       -2.49740067358108053000        0.81104595848080763000        0.06179844903216706000       -0.06476548735346263000       -1.38004759553842216000       -1.04594975965091663000       -0.35429682302215210000        3.90938864034710365000        6.33644287694508090000        0.27954654077033053000       -0.05697492652074566000        3.24923870235766010000        0.52444130138525669000        0.07299000247962695000       -0.18411426228872521000       -0.89742107233439194000       -4.05984588282536851000       -1.47537044570419362000       -3.84320118849646031000       -3.29971629807651246000       -4.82250886482330010000       -0.23956805278060239000        2.53152252680197609000        1.67120520538583595000        2.73250539752487853000       -8.40501976932247352000        3.26047035342031766000       -5.46702957426405156000       -0.84561838447074134000       -0.41623064702239898000       -2.81679376919765767000        0.64036739991977765000        0.21279968230440846000        1.08713880997057144000       -2.65929455397006542000       -0.95877989310054956000       -1.06244873969088083000        3.51052189204461218000        7.19512437871382726000        0.02173547382635001000       -0.16114309851544276000        3.39168577694607887000       -0.64065536226846986000       -1.04415562316603205000        0.47351388868655009000       -1.39876598220671755000       -3.39340492101980473000       -0.73825983522738126000       -4.36145462092817127000       -2.57610515160538345000       -5.68226996722050348000       -1.33963327608260241000        2.47385131829516869000        0.76944161974087666000        3.02956040756564837000       -8.75307236617579676000        3.58813113043295884000       -5.07200860974409284000       -1.26715718211697981000       -0.21922777302704005000       -3.20094475943225643000        0.70884985936500444000       -0.07588793012020825000        2.06539639700690492000       -3.88073978355085680000       -0.84182707673322266000       -1.84225925730310425000        3.38366713316545686000        7.30067674194868843000       -0.24319826442838316000       -0.11830308462241766000        3.95328355186483904000       -1.33048391451471759000       -1.69619301809674172000        0.11335325008251206000       -2.47625797781524559000       -2.97488636421746566000        0.17438760446369897000       -4.49647520676725065000       -1.18204362985347000000       -5.44004166046628423000       -1.36814988312616426000        2.54870124124396558000        0.97293728729140005000        3.39528571831226333000       -9.82146953273362300000        2.88412605621716134000       -4.71643297501122216000       -1.59825062016827046000        0.17209787587379319000       -3.68937740432514083000        0.54473203997191788000        0.13985274291712363000        2.51251244771506554000       -4.64885785903736526000       -0.27073889677056912000       -2.35532972618872893000        2.79013257969183437000        7.45114040836244573000       -0.37117902760468985000        0.06609174663825679000        4.08432807666739173000       -2.07854192550754613000       -2.34005264358862641000        0.40205855594599132000       -3.16907618746729147000       -2.33992634249590692000        0.49587045191652029000       -4.39281944346589004000        0.29178251374001762000       -5.08025578209286621000       -0.74850991776968190000        3.08055011204856122000        1.26363228651382786000        3.49902755338020954000       -7.97283838375190257000        3.45799182287768669000       -3.52071046387646858000       -1.57538756441060612000        0.45491611674402715000       -4.21090098294608239000        0.27624438031397774000       -0.13381957029528196000        3.10636480736996612000       -5.05609978255757930000        0.03700315727934338000       -2.63735495225088234000        2.33194009645910727000        5.04845574028362787000       -0.62395535537726043000        0.36303509646866378000        3.62224581866466799000       -2.40110614236762254000       -2.96021401197578715000        0.42411742249921563000       -3.86098569609103137000       -1.50186517566858857000        1.11931583399813617000       -4.06742898066916414000        1.25056316455088501000       -2.97265409050586049000       -1.32757622873135528000        3.26059929808113402000        1.60760390543243514000        3.59062441210292427000       -7.26311421069962471000        3.41362503143896356000       -3.15718344553990660000       -1.56063773207069789000        0.15915733444079389000       -4.21019962451436847000       -0.25156568192893175000       -0.66956711940171787000        4.11814356522335512000       -4.95256703319482572000        0.24725409501036974000       -2.63040953764026098000        1.10359901612859068000        2.82588844964933017000       -0.70141935978290082000        0.38198073599787308000        2.46693450594857167000       -2.50940501571128660000       -3.23619543331766657000        0.79671277087471648000       -4.71152132850891814000       -1.05964362118618727000        1.51493386633941474000       -3.64502265558202065000        2.13530033049248402000       -0.84994533411834461000       -1.51528657511832510000        2.89365016273213227000        2.19509713298016296000        3.64904282564814864000       -6.36312587742398250000        2.69590660871098153000       -1.52809457352336087000       -1.12618139356985836000       -0.25562676380700822000       -4.13113573036877568000       -0.39932009864734247000       -1.22170932408182775000        4.91393131266293359000       -4.48225279853338066000        0.74587977402424421000       -2.76576146263459766000       -0.33268766720188414000        1.52810977418327232000       -0.73367914978081372000        0.54869786194795356000        0.52236856708699431000       -2.67320409460062569000       -3.32962752513917337000        0.93452804961876812000       -4.90813699254578673000       -0.25726211850805603000        1.94422965544071369000       -2.98070708176865296000        2.85380748592663380000        0.99125110976391650000       -1.54935099418256739000        2.52962510532426954000        3.88510014227495226000        3.82489055950661427000       -5.45852098986526979000        1.92187605683333373000       -0.99703940425457671000       -0.66951480417967024000       -0.44570562382559986000       -4.12222407003166591000       -0.88572826562267337000       -1.27853051743622359000        6.21681560013062207000       -4.37159073017740418000        1.14259223792720288000       -2.43142761208267677000       -2.45799212948321788000       -0.97015586258440600000       -0.70141189466443898000        0.35796353154181504000       -1.53990422944922378000       -2.32934787952648659000       -2.93485810945618386000        1.09295591962747096000       -3.78632145280056287000        0.18849879655177212000        1.68778483734594786000       -1.72125681971785105000        2.59680839643317940000        2.93211133739833274000       -1.27978770842906342000        2.18677576127639517000        4.93793059617905072000        3.61155234494368127000       -2.58859140747162497000        1.84448293007089936000       -0.27913069034692511000       -0.24848300661993278000       -0.47020068419468547000       -3.64876866976989511000       -1.58946964242297950000       -1.69466386398831870000        7.49183435340536441000       -3.76522818600031961000        1.42803204942010775000       -1.79039230542604044000       -3.88170735217614737000       -4.62899356084306035000       -0.68024826698782392000       -0.01973776998726335000       -2.89587119226989342000       -1.78147518806701255000       -2.56231502935373534000        1.08099583365752250000       -2.56544378670324313000        0.95773382965825704000        1.63181908316778368000       -0.10021083892857502000        2.44869062608642185000        5.23990501383698870000       -1.69080662945632754000        1.85134146938407151000        5.57647320778220834000        3.69463142948580758000       -1.19316574094147931000        1.27829646339451530000       -0.16709572535149245000        0.40203109543976912000       -0.62432698507307327000       -3.33134741629939146000       -2.24474455165977149000       -2.08634913455571347000        8.18668899760051616000       -2.87129924521358548000        2.22017522998582661000       -0.98555774835293219000       -4.18390599010208852000       -7.16222717368517792000       -0.56143812079437827000       -0.27356695937948861000       -3.82144565553108073000       -1.19097367422511136000       -1.87130885949472958000        1.15683447483048663000       -1.67507273087506969000        1.25899258198952979000        1.40692670768725159000        1.44330246873899792000        1.93258192287076369000        6.97517260304936038000       -1.85412940393514969000        0.61178844262565357000        6.68679960144303376000        4.01765467503988560000       -1.87236126324593832000        0.30120741409693569000       -0.10891373833562214000        0.50993169779232239000       -0.70496817768078512000       -2.65218821119434223000       -1.98690252589765937000       -2.92653429212815297000        8.44763558038860296000       -1.51887472718780869000        2.37647330580274962000       -1.07039104990324363000       -3.98909272035997198000       -7.92148147107256051000       -0.30082632992383507000       -0.36092129985768051000       -4.95982519874503946000       -0.30858150441466675000       -0.71770650018052207000        0.86790475637091136000       -0.29435392728215648000        1.53970947718340745000        0.86527039822899710000        3.09541359247165593000        1.42486093916167289000        8.71305599878763637000       -1.11360056959900544000       -0.35983978717409953000        6.41942798614586962000        3.28378445935674401000       -0.93377537181163128000        0.07477079898731973000       -0.30045325727334837000        0.21670005118628552000       -0.60931438107216973000       -1.53608863525154571000       -2.39382274447048493000       -2.98984241489019231000        7.56906999065782138000       -0.44243519811838916000        1.79258647856077102000       -0.39300506958418319000       -4.17308764300197588000       -9.67774750998975364000       -0.01154691852688356000       -0.44906266278266993000       -5.32999162650676261000        0.56636195230329178000        0.27860676384863781000        0.36290517398454725000       -0.06968883177149247000        1.47347277692490186000        0.58917488424990472000        4.01666774019461226000        1.27502735694736780000        9.68182579935020904000       -0.60313344147054526000       -0.81559739070619386000        5.13001100805472632000        2.06033907659285243000       -0.57007879349540747000        0.15529932370286864000       -1.22082411033236027000       -0.72738501293607727000       -0.54442396637097301000       -0.61198530765806891000       -3.34086095032798402000       -3.51857092005061745000        5.73067628561670084000        1.61218486746887346000        0.99777623499070811000        0.17363431781267341000       -2.90828980196867626000      -10.45858564686813530000        0.13787500325321894000       -0.37165054630819955000       -4.99646217286298722000        1.24476714646703801000        1.02142037854408740000       -0.14167446670306535000       -0.89639162424886021000        1.15243318089723590000        0.76412623239557897000        4.18500046240471413000        1.26181688225903543000       10.22293430336500641000       -0.83023728260564356000       -1.88108628590762272000        4.42586614234649556000        1.23165581178075545000       -1.04040585246604955000       -0.94695348057057338000       -0.60157259444199207000       -0.95866841597932062000       -0.61429395525718922000       -0.21107239312796336000       -3.57022869322743608000       -3.70444814722503191000        3.43031241907297257000        3.56453627031105169000        0.61971218847002896000       -0.59118608736556932000       -2.21695336231979390000       -8.30245720110509922000        0.14057078697652653000       -0.16431821096167881000       -6.05853308113875766000        1.00180620517302366000        1.20660069443832163000       -0.62741686374747974000       -1.32587323462086082000        1.11363389222787812000        0.98458778273520231000        4.08872468000571843000        1.30978456712452718000        9.65628605769709480000       -1.06190711069053045000       -2.04596375993451618000        4.31905093998382661000        0.37480613619840614000       -1.19003717676937870000       -1.22094238396117705000        1.21649856497445796000       -0.54876545831336043000        0.10174346695767206000       -0.39954963031896068000       -3.12462169699681169000       -3.32526478251134483000        1.64546073111341173000        4.79218099172658363000        0.23893448537092574000       -1.20894823812047214000       -1.40176890175108504000       -6.79012830009210511000        0.14758585208330180000       -0.11640819459095124000       -5.75072663158462838000        1.09672299734255962000        1.49268360613486073000       -1.10813467691795031000       -0.59197351785670282000        2.29229315201060713000        0.73235822277506357000        4.46276291634281552000        1.26054525325079236000        8.47277868644661858000       -0.92230629338126557000       -2.29205016966966291000        3.32640126076408604000       -0.98217480523187051000       -0.84230761910616669000       -1.43290753808402149000        1.22669447600257642000       -0.67873876454675253000        0.45465636362664763000        0.48493326229158495000       -2.77343130013026729000       -2.91833911509224109000       -0.18739134043036801000        5.75291944485546569000       -0.86806254169416941000       -1.23316100882590973000       -0.33349201233860115000       -5.70272301771537915000        0.22917021744340846000       -0.05647759831434547000       -4.87341017378934804000        1.20084542500634539000        1.66817206723436851000       -1.29295883572854486000       -0.13764120823763593000        2.61892778707774099000        0.71089646754439439000        4.33134824465316903000        0.78133912793735161000        7.26787510784313895000       -0.87902408056459580000       -2.42946810170123184000        1.43969199843723961000       -2.14816801921195255000       -2.06964160210675585000       -2.53052053795165843000       -0.03572826892434666000       -1.26364176347927715000        0.52846214819638937000        1.13114487371765704000       -2.93860729372939034000       -2.42374303158031479000       -2.82024173343638607000        7.00724492147532274000       -1.37585034581588683000       -1.33566846147201956000        1.47025979240694160000       -2.28403442022543235000        0.18678809640525673000        0.19631348745713761000       -3.78733123271013028000        0.76172360174378839000        1.59732042421405529000       -1.27841769920057047000       -0.85725859056140763000        1.92133815822383980000        0.96133705571125394000        3.13403875900031936000        0.51155939650769833000        4.79003263212009944000       -1.12451091043398388000       -2.88629549031066235000        0.25558824520038681000       -2.27780639271275387000       -1.60053300249354780000       -2.88437394036648032000        0.76176826129770969000       -1.16432239637967339000        0.88085951192485101000        1.28987218071600140000       -1.40202032653562414000       -2.53777118670501878000       -4.54346365119961604000        7.52803175035160521000       -1.13199649207363651000       -2.44443525073369905000        3.27205485870523738000        2.08414139790628150000        0.16623212462643053000        0.27391377016916113000       -3.00898212555774469000        0.53227539971733817000        1.59440667875807018000       -1.46244040638667583000       -0.37159674729894127000        1.61643796708716270000        0.88190620822408627000        1.86404136980880608000        0.53415864681500769000        2.56737732084585035000       -1.59488862479394267000       -3.62386751045027689000       -0.64258759717707581000       -3.01108024120222417000       -0.86528557351379598000       -2.44742725122522886000        0.11722155053700496000       -1.11149472496833868000        0.90234303719751408000        1.91533635287431792000       -0.15985054312865268000       -1.57536776843087334000       -5.67963933176459790000        6.31099454857523856000       -1.86348425266560547000       -2.49645955753461823000        3.75944948150002523000        4.89661658611973305000        0.16985109421780123000        0.36867515008729163000       -2.36043917989514052000        0.45931239382821543000        1.36209246064921752000       -1.36023532669100700000        0.09656710039319547000        0.83085870601629053000        0.73785615568966356000        0.49822925089085290000        0.44635515087271732000        0.03468802671640446000       -1.25767989998816776000       -3.85974262282688585000       -0.28230078008982845000       -2.63142835778163064000       -2.25233851750830771000       -2.55992669264780615000       -0.04505845722354097000       -0.31128032763576569000        0.83648825984620412000        1.41502558227471109000        1.16697499474191635000       -0.36332530391911977000       -5.79779284961966290000        4.29070169409644198000       -1.99647030749064913000       -2.54477394829264991000        4.12485543223372986000        8.27631901612631360000       -0.00677059253290302000        0.53859430837130706000       -1.85010475817089937000        0.11335644152331902000        0.94810881525927915000       -1.17263998559081473000        0.79608056791266235000        0.48272933248023370000        0.43513760099329640000       -0.62075754811905204000       -0.07350285458880899000       -3.05987712918704347000       -0.76417481167724410000       -3.37496589926100077000        1.81646314915428553000       -0.97208066011269256000       -3.35048546882047082000       -2.33896398564343722000       -0.99493475513982954000        0.52528631204696696000        0.81179950860784467000        0.74375425787002269000        3.30535689843718927000        0.37746089019532703000       -4.86605575036696614000        2.29991315687649767000       -1.79892158550299142000       -2.58134737839567974000        4.81400541571877838000       10.44807760330049184000       -0.06190581866177213000        0.62631467335806157000       -1.47741430212320468000        0.26686000939779614000        1.01429080226503610000       -1.00722060984582118000        3.23768307433481572000        0.02996800046871664000       -0.45533206192329406000       -1.43851878317453985000       -1.76990132014478818000       -4.64291953974047722000       -0.62041164247196978000       -2.55819715740377118000        1.43220701735445699000       -0.34905715472142351000       -3.43287740230878580000       -1.73497903595560987000       -3.61196438707228662000        0.06019312946486748000        0.53435374109216671000        1.73602055601985628000        4.68692221427513367000        0.00486341530814817000       -3.73037222158343695000        1.46662981250675584000       -2.23162696531597948000       -1.98860587725707516000        6.09603962064397287000       10.80356999558846098000        0.15513123001327267000        0.39162792891029746000        0.58743099488546779000        0.65068717917438135000        1.18360859802085683000       -0.27407117073966158000        4.09926162389830395000       -0.90843226973003521000       -1.06056576405488356000       -2.25663269286548873000       -2.85575211339403268000       -5.09174126834737084000       -0.65118818064189843000       -1.83726073604300422000        1.39725379064943178000        0.73280712165121187000       -3.45724609026300378000       -1.21523748838814671000       -5.43594194865069191000       -0.26867929416189795000        0.31046725806141434000        2.14840247149308139000        5.92146022860702281000        0.43843115206291167000       -2.99291705208433934000       -0.22779610909123582000       -2.52573956150551293000       -1.74363002582299553000        6.40002742045273720000       11.22672114701253143000        0.26951035996386308000        0.51649520024937456000        1.69790696526115470000        0.75454651017178520000        1.05709589348091382000        0.25290525373261402000        4.14975240189235528000       -1.96005916773036049000       -1.58299868526569987000       -3.36276390155918392000       -3.68701204349774203000       -5.55913170388452560000       -0.72291785107512196000       -1.55204116697013483000        1.28585685886253165000        2.01348229827880987000       -2.81579738765819343000       -0.50140711131744375000       -5.33102403869215191000       -0.19744496982542625000       -0.02379119855958816000        2.20548436345387833000        7.41471962545187679000       -0.04799144492493141000       -1.84486797160069149000       -1.69172575811281778000       -2.71738256711174886000       -2.19198977680129214000        6.74280563106566966000       12.48556810221925595000        0.26841174835386672000        0.42541127513469246000        2.23811668942543784000        0.57829130828685393000        0.71003612201229505000        0.35556960094087159000        4.10139940086811894000       -2.10638592840853844000       -1.49656930930312293000       -4.38440498931370559000       -3.85328373635808141000       -6.16840653839478659000       -1.49884578630892284000       -0.77032682155917664000        1.63696601119011054000        3.28287719466148475000       -2.81298000621175870000        0.09355981974718897000       -4.83413973361541061000       -0.35859645197773454000       -0.33303758735728728000        1.32557873133534621000        7.98604161338210616000       -0.25053534236778879000       -0.88994365983593160000       -2.91113043778353431000       -2.65538027553230149000       -1.88923342949766915000        6.46962061900207175000       12.52226175443384371000        0.20489840917258792000        0.29701312010917774000        2.73388655083980536000        0.35429129539073506000        0.52121855105139270000        0.15383009242869683000        3.79430248455011832000       -1.92828479242331019000       -1.50812310723000054000       -5.29357084341748862000       -4.02492598182215922000       -6.67025320020390389000       -2.04032805597003408000       -0.73166299649116873000        2.27213647188429446000        4.08531889306351381000       -1.89402822091138257000        0.32976687158082729000       -4.11086391508135929000       -1.17169636316434556000       -0.42197813874864443000        0.92490122760469451000        8.07096549224415227000       -0.20585879500796028000       -0.03904910376864877000       -4.02439301449766607000       -2.94399469009427328000       -2.13627909521836434000        4.95497211209627420000       11.93631483318005948000        0.15605294516119136000        0.40653730360036472000        2.28844528846502149000        0.01912401676139308000        0.38078352608039490000       -0.14884133240161146000        3.20571956853254569000       -1.37238317515360064000       -1.25136303691992690000       -5.76430091078077300000       -3.14081844454281134000       -6.61709717229807914000       -2.52636669944836623000       -0.18549553790880902000        3.09828209091257367000        5.05447230185625696000       -0.77184758871140557000        1.29801772482182232000       -3.27098356302107840000       -1.91889733545907881000       -0.25045961443453280000       -0.02202887208321174000        7.68696591400474727000        0.11567014920060269000        0.74107854549861063000       -5.18809459717122312000       -2.89838320159770158000       -2.34171120646832920000        3.48710130256559170000       10.07829565215801004000        0.06951288608331488000        0.63995471782438829000        1.86972597664732043000       -0.06239999997012292000        0.18754622042495386000       -0.58294710271777794000        2.08943556823093779000       -1.02521861071390297000       -1.08166324340128317000       -6.05940368825857334000       -2.21017358089540172000       -5.88749566840072713000       -3.19676190131696503000        0.58523538327327584000        2.72430974651795310000        5.23535370421133273000       -1.02262617013708423000        2.25358137145422965000       -2.53824047035492928000       -2.42631328933889101000       -0.33406473720632901000       -0.86452133070385895000        6.67789018624949016000        0.21602603777626395000        1.75763982815578212000       -5.90880020289540653000       -2.57576189495045682000       -1.59408059410735303000        2.48661287993784486000        7.74094350969934286000       -0.08423638259987769000        0.88673062639494482000        2.14302714706884467000       -0.26530608228400537000       -0.22968805162337230000       -0.89666540895854696000        0.27162508228338489000       -0.51917620938418207000       -0.49928702701929151000       -5.76049391765153906000       -0.79728464694048329000       -5.18346853075948566000       -2.91018049609139373000        0.72264064792083837000        2.08233365310897822000        5.00798364156248432000       -3.77885578727849580000        2.61163510379639474000       -3.30419508386752625000       -3.48171018544171806000       -0.78221112053715824000       -1.23486364566384799000        5.32098468323899532000       -0.04905605895001960000        2.95361469715659908000       -6.45227187741829145000       -2.82959327120736637000       -0.93036533088178319000        1.86042402848460031000        6.10268311067571734000       -0.22985392466378241000        1.21483038763733386000        2.29839323403671525000       -0.37834941556851198000       -0.45827312128739384000       -1.11342875002254149000       -1.85010413938563167000       -0.53261436320613054000        0.33357800812180849000       -5.26765407938983277000        0.61053888381768484000       -4.30550176587615940000       -1.79541516610509433000        0.80399208530211341000        1.66002836378302399000        4.38626387458978506000       -3.94504904691939640000        3.06843145801334938000       -4.22997429797778679000       -4.77862776833184633000       -0.87939613809712425000       -1.15585543037373406000        3.56245959878994078000       -0.23760185319729132000        3.95775268160367677000       -6.61507052063276557000       -3.04222984098748572000       -0.53242590130279877000        0.97693336485189020000        2.91931879977606190000       -0.33397484697522706000        1.50729183014682588000        2.18284225217342831000       -0.33457711591632855000       -0.62374419636988454000       -1.17413490321032632000       -3.55967749753086737000       -0.88835518862791862000        0.94400060211037351000       -4.48553875529491908000        1.74937590579563706000       -2.41593430214722238000       -1.43037595599218048000        1.04356182179051338000        0.94394157722178851000        3.97961789064984162000       -3.88649996472570702000        3.14767089044050818000       -3.92807450332434582000       -4.99801491482000682000       -1.01336002596583574000       -1.17074406770017347000        2.24957506343393554000       -0.23536197573993189000        5.16298342006523558000       -6.72864529594481109000       -2.76598497324541581000       -0.26920357472977552000       -0.47710467188217498000       -0.45756749630655408000       -0.42799238900843245000        1.39218570896028071000        1.89051400370282230000       -0.37944710999030040000       -0.76558020135236970000       -1.34763282013652108000       -4.54064903199892456000       -0.99516511859866363000        1.29871876466705838000       -3.02787333575239703000        2.20801588524917269000       -0.28756814023947486000       -0.73378540412475157000        1.58585904166177971000       -0.36127712249336275000        3.35157883142335189000       -4.61923902190744240000        2.94105237312626988000       -2.69129550086664837000       -5.01321296524597582000       -1.04987605581990340000       -1.57867947146025656000        0.69347859978014381000       -0.24238968448362777000        5.53302037315940876000       -6.12914763148375386000       -1.94655310177509189000        0.31045447865017123000       -2.18236955030659940000       -3.38304006627834086000       -0.32573624302325882000        1.21420985720147034000        1.36330109376147313000       -0.26788639900512956000       -0.59589008543713418000       -1.39767462158818589000       -6.04890806626942723000       -0.88408848916617100000        1.47756255544142823000       -1.70343128686248324000        3.13474652783029484000        1.80509229137031246000        0.61345676247349323000        1.17445693171873899000       -1.02437828265057029000        2.73974090357629674000       -4.46225119990057006000        2.61087520454538380000       -0.39877314957512799000       -4.42028524995064220000       -1.00477023279020838000       -1.64584699268579038000        0.00620643255915054000       -0.38221520769152267000        5.85552351054932174000       -5.68632428144998858000       -1.21164521044323159000        0.34585360695316686000       -3.70566995904227792000       -5.01138426590982267000       -0.22523326383532138000        1.04027186991666754000        0.25602804192122208000       -0.18244217915602504000       -0.45969693970375664000       -1.52661841905027496000       -6.40091616264979013000       -0.33057066129491253000        1.52461260021527734000       -0.17237279072190684000        4.06209994888931281000        3.38826624143133692000        1.98878803655200964000        0.90422774052256383000       -1.61466658972020505000        1.82860285763187735000       -4.46761203642084936000        2.39028868272860651000        0.44958379648875618000       -3.74770115780768887000       -1.24069282231721401000       -1.34198768316936912000       -0.70219985238550575000        0.15418027062803183000        5.68102072775853184000       -5.53028137064572523000       -0.78413758022156344000        0.22643189783124734000       -4.86290321439089990000       -6.88814604484190340000       -0.20459319949892923000        1.43617525835596682000       -1.16024824171308127000       -0.31567015041105179000       -0.65879476626926980000       -1.32930972041643725000       -7.34901533085804370000       -0.58786984274356380000        1.74337932901540782000        1.09006583875963026000        4.66422140103013305000        5.29103320498996421000        3.21649515941985387000        0.97517275090749733000       -1.91731260686776572000        1.32970363927402335000       -4.01903897633449603000        1.78180711567039807000        2.74507733640008977000       -2.01526194270351811000       -1.75205276848954172000       -1.47534028260810590000       -0.76414879057957397000        0.49042328466329743000        5.79689590030140867000       -5.13566048367779526000        0.30074741586039033000        0.24773089379434388000       -6.27291870879922708000       -8.18780888368484128000       -0.10949984813380886000        1.46926794226054347000       -3.07206932879317751000       -0.59798264705452642000       -0.76724757218588069000       -1.27018582994671236000       -6.94746680807297690000       -0.63837034395579551000        1.67538796222490594000        2.37949201669257260000        3.93942259459285671000        6.86887774088635528000        4.22304995912987025000        0.49107232703928355000       -1.72139127992144236000        1.28061750484445813000       -5.18743433620898209000        1.19505102569345101000        3.82037784536558345000       -1.18229610382290251000       -1.83424323289586666000       -1.82774036470218282000       -0.79293466036486437000        0.27290392554415283000        5.32651931434227066000       -4.13708329383293361000        1.22185414488067501000        0.03490008178580722000       -6.34103445101021190000       -8.07252513005524896000        0.05163499312277010000        1.35721641592208409000       -4.23300375554745134000       -0.37330984731942840000       -0.40045785417096819000       -1.50022730366172885000       -6.20326924868293439000       -1.16746803316949221000        1.28119167905237652000        3.42288241311307617000        3.19966052952338575000        7.83973206883595175000        5.33179277058131262000        0.37159559154768884000       -0.37553921491697545000        1.45279949204774761000       -5.40643404223675006000        0.95140260405014221000        4.90080115565031882000       -0.00888974397598250000       -1.90943891824194556000       -2.56690777012058513000       -0.45847152909191580000        0.78849311995329952000        4.85872960275705079000       -3.77023186318269410000        2.17350699208797593000       -0.33694390964877069000       -6.74000820880477569000       -8.03265821584517070000        0.05189294273811473000        1.45017778666437547000       -5.91127178673394482000       -0.22289734755330920000       -0.24690760290829236000       -1.77779424772237982000       -4.58707442750625205000       -1.71519144427054271000        0.78538628517060238000        4.04940470201830038000        1.92394148561990108000        8.71573833025251865000        5.93042359950081899000       -0.05656800126385149000       -0.38511605302098645000        1.28480847578003399000       -4.46225008475483875000        0.43362818688950966000        5.39119476193563241000        0.60575524701621353000       -1.82308541666599067000       -1.83656753925716942000        0.19607947298375586000        0.35722221421085304000        4.57340783540973650000       -2.63553393321077101000        2.33534634241709904000       -0.32934759990878681000       -6.48936972194555661000       -8.82271620339433760000        0.31567545354078719000        0.83869665818805073000       -5.86573767171226468000        0.17968055732268057000        0.28182287418037949000       -1.99714487478082803000       -2.22630973053283654000       -2.05628857061834136000        0.08811131770928476000        5.16638360263833718000        0.00386991252800204000        9.85645858713329481000        6.48768022241718700000        0.01463375679359166000        0.66387226887462691000        0.94376172281044612000       -4.31548649021006003000        0.38378077102728719000        4.84035789888658652000        1.01404472805731816000       -1.27223405551474666000       -1.54815153522925253000        0.50067700251525615000        0.51140608397889675000        4.18361588829236997000       -1.99766024061788516000        1.95431985669534902000       -0.31700030769819798000       -5.89351019421116895000       -9.57484863136503783000        0.46627808789158348000        0.47819447367701545000       -5.30159647240493825000        0.66246380303893659000        0.77801278884652880000       -1.92773294414664731000        0.06623467635186035000       -2.08143482815802816000       -0.82745804720060723000        5.99143650480175083000       -1.71164427311702982000       10.04004764752897039000        6.83697036460224261000       -0.49425262391081842000        2.08067732017578022000        0.51506606840802227000       -2.32500327206637403000        0.62099523508853982000        5.16265267470158218000        1.51059203550820964000       -0.81597110335338374000       -1.06923544042516272000        1.68031705424802436000        0.81107244758825536000        3.22186162351269356000       -2.17091083514358596000        0.87185784843455616000       -1.31285133858452707000       -5.42912544436762445000       -8.95314894048057752000        0.49021045052961826000        0.60894212189407448000       -5.78699537804508157000        0.67179483498623249000        0.68123717799412165000       -1.90095947902926810000        2.17499162437434679000       -2.10355275515997375000       -1.19839207353099386000        5.73477967600986105000       -3.20010475867878030000        9.82243478858368313000        6.20148540392399905000       -0.18488245319538613000        1.92665363974240322000        0.28643596793797710000       -0.58628564748274570000        1.36914729394674084000        3.79222008187957993000        1.40754811175529393000       -0.27298057355661087000       -0.53015198347832626000        1.88520563782982231000        0.83563278614543979000        2.01167625043863385000       -1.74342297719368333000        0.32031069797384948000       -1.03283269809790146000       -3.90478952394496792000       -8.81861159471177203000        0.56192241900184381000        0.31557348957494302000       -4.26836104988913601000        1.15143730801374633000        0.89148622424632218000       -1.82105911144325128000        2.97076303234609718000       -2.86974719045833204000       -1.68514037200571787000        4.95167615912702086000       -4.42385572663840332000        8.89365864244846627000        5.18372576886822589000       -0.87241806732709093000        1.71718034327703251000       -0.09565942537865697000       -0.67228619219615682000        1.63352125662324288000        3.60848948318167473000        1.15194814334970141000        0.22669892873786937000       -0.16979234067101695000        2.51515445911627111000        0.08196493727534612000        0.48072280375766585000       -0.89323354423420531000       -0.49296000937629642000       -1.58141094118351133000       -1.94163829008169109000       -6.01074616443390042000        0.65796844556707956000        0.12175215477930909000       -3.04868075158780361000        1.51310886953956136000        1.09883204407718549000       -1.60364385781482222000        3.25249886517228415000       -2.89764695712095177000       -2.01457473893043160000        3.94276039499929887000       -4.45458332853181993000        7.12443866376644408000        4.73741267262645582000       -1.81520212024638816000        1.60609032745714031000       -0.10361591410026769000       -1.11881017460287513000        1.44835009384027868000        4.22860255233407223000        1.28496425349592736000        0.56723071670642666000        0.17286462373080891000        3.51959154095658855000        0.06328110755303450000       -0.95466779935211921000       -0.71216302097365292000       -1.01294289850547981000       -2.44973362725340182000       -1.24086452239837031000       -2.35044381222268006000        0.76313111455828142000       -0.06227422445439436000       -2.59301510875561414000        1.62898603658308705000        1.16341155623735482000       -1.41969052900991644000        3.59544668533692136000       -2.67410162395522377000       -2.42481067294479313000        2.83318305435693585000       -4.00969947967652285000        5.05185913842484702000        4.84228356051979070000       -2.29448540820494706000        1.24228915636104387000       -0.67838225034783384000       -0.89480109283537390000        1.21142932565809058000        2.71480167789339122000        0.80491486027148196000        0.43206269417815224000        1.34705554121095372000        3.30921820914566922000        0.00275553213755982000       -2.04981756348569322000       -0.49246757211648545000       -2.52406617734487027000       -2.01388758326034312000       -0.76201153256785048000       -0.47183236147538410000        0.88523600569206118000       -0.31443971171260637000       -1.85148582567427811000        1.67439954550569747000        1.09445739418603538000       -0.80453244600192497000        3.28600853591169662000       -2.86639543355260207000       -2.50252934771556124000        1.29784276672567311000       -4.17662708867872645000        2.95444882956314503000        4.10269690652567931000       -1.86049825098513177000        1.16049421431753963000       -0.59277898604568968000       -0.90769866694434220000        2.03297248090904503000       -0.29948182041221655000       -0.07008747835879599000        0.19597449488178550000        1.72957439493037390000        3.38713919970477129000       -0.20034278279023249000       -2.98291512835616190000       -0.16835598753344158000       -3.36588004281230191000       -1.86793840060028749000        1.00833021617324170000        0.76496258458458410000        0.79643665789223117000       -0.05496382377386493000       -0.84114430839081844000        1.76355198651213274000        0.98145194710548467000       -0.46702918037810520000        2.77023233566939942000       -4.00133608714952871000       -2.44765378986527748000       -0.44744637399997506000       -4.67457277408827121000        2.08293886308522191000        2.82018509471887313000       -1.12654157871083238000        0.57268758725104107000       -0.15032802329240341000        0.24747248131170260000        2.64756551059166689000       -2.37888115063758532000       -0.95101835068357787000        0.22759276863517860000        2.00331981715069540000        2.67602345624244631000       -0.66829401978570613000       -3.28064961476278993000        0.37929888974533954000       -3.63921151064767834000       -1.36127538372471046000        2.45991123250633015000        1.29351777659404821000        0.70920294598485090000       -0.31517060939457603000        0.83708548681411754000        1.75197651175901559000        0.82295854894598608000       -0.19339207984585077000        1.98240047648507023000       -4.27357765462082906000       -2.32971122706625922000       -1.76596334154120038000       -4.68784731914048258000        0.95445992597723406000        0.81794873805480284000       -1.00262025849878778000        0.99581293127989334000        0.70060470160806976000       -0.89473792750109316000        2.81684778043331496000       -4.93320588602582522000       -1.77465443933259648000        0.08586866777695189000        2.16237695460204815000        2.66349986328234900000       -1.35933747892475898000       -2.26853903598527218000       -0.06777800001081526000       -3.92848991921698421000       -1.22883223450718404000        3.64547142653360900000        3.20484951673741048000        0.84032775215210509000       -0.44134599865039048000        2.13793580627432656000        1.65476400147781311000        0.78441821363235276000        0.43365330906752025000        1.58503530586224417000       -4.74081282495513445000       -2.35969049556838639000       -2.89875257793420626000       -4.65310538783561078000       -0.94491768468177562000       -0.27218199292168932000