11         8        23        48        56
        0.00    0
       1.000000       1.000000      59.102000      59.102000      59.102000      59.102000      59.102000      59.102000      58.604000      58.604000      58.604000      58.604000      58.604000      58.604000      58.604000      58.604000      58.604000      58.604000      58.604000      58.604000      58.604000      58.604000      58.604000      58.604000      58.604000      58.604000      58.604000      58.604000      58.604000      58.573000      59.102000      59.102000      59.102000      59.102000      59.102000      59.102000      59.102000      59.102000      59.102000      59.102000      59.102000      59.102000      59.102000      59.102000      59.102000      59.102000      59.102000      59.102000      59.102000      59.102000      59.102000      59.102000      59.102000      59.102000      59.102000      59.102000
      -1.000000      -1.000000       0.152000       0.203000       0.233000       0.233000       0.233000       0.192000       0.152000       0.153000       0.153000       0.153000       0.153000       0.153000       0.153000       0.153000       0.153000       0.153000       0.153000       0.153000       0.153000       0.153000       0.153000       0.153000       0.153000       0.153000       0.153000       0.153000       0.153000       0.153000       0.153000       0.153000       0.134000       0.134000       0.134000       0.134000       0.134000       0.134000       0.134000       0.134000       0.134000       0.134000       0.134000       0.153000       0.153000       0.275000       0.275000       0.275000       0.275000       0.275000       0.298000       0.298000       0.298000       0.298000       0.298000       0.281000
       -0.21600000000000000000
       -0.07000000000000001000
       -0.31400000000000000000
       -0.25800000000000001000
        0.07199999999999999000
       -0.03400000000000000000
        0.04600000000000000000
        0.12200000000000000000
       -0.04800000000000000000
        0.12800000000000000000
       -0.21600000000000000000
        0.05200000000000000000
        0.31000000000000000000
       -0.06200000000000000000
       -0.10800000000000000000
        0.08799999999999999000
       -0.39600000000000002000
       -0.14399999999999999000
       -0.08200000000000000000
        0.07000000000000001000
       -0.16800000000000001000
        0.09000000000000000000
        0.17999999999999999000
        0.27400000000000002000
        0.05600000000000000000
       -0.06200000000000000000
        0.00000000000000000000
       -0.32800000000000001000
        0.25000000000000000000
       -0.11600000000000001000
       -0.01400000000000000000
       -0.09400000000000000000
        0.19400000000000001000
        0.31400000000000000000
        0.14000000000000001000
        0.31800000000000000000
        0.06200000000000000000
       -0.15600000000000000000
       -0.32000000000000001000
        0.34200000000000003000
        0.22200000000000000000
       -0.06400000000000000000
       -0.04600000000000000000
        0.29999999999999999000
       -0.12200000000000000000
       -0.11000000000000000000
       -0.16200000000000001000
        0.20200000000000001000
       -0.04800000000000000000
        0.37600000000000000000
       -0.28399999999999997000
       -0.01200000000000000000
        0.37800000000000000000
       -0.13000000000000000000
        0.27600000000000002000
        0.36199999999999999000
       -0.19200000000000000000
        0.11000000000000000000
        0.27400000000000002000
       -0.19200000000000000000
        0.17399999999999999000
       -0.01200000000000000000
       -0.12000000000000000000
       -0.19400000000000001000
       -0.20599999999999999000
        0.10199999999999999000
       -0.24399999999999999000
       -0.30399999999999999000
        0.27000000000000002000
       -0.17799999999999999000
       -0.36199999999999999000
       -0.09400000000000000000
        0.37400000000000000000
        0.03400000000000000000
        0.25000000000000000000
       -0.17399999999999999000
       -0.10400000000000000000
        0.07800000000000000000
       -0.25400000000000000000
        0.38000000000000000000
        0.42599999999999999000
       -0.07800000000000000000
        0.11000000000000000000
       -0.38400000000000001000
        0.09200000000000000000
        0.35199999999999998000
       -0.31200000000000000000
       -0.34399999999999997000
       -0.02000000000000000000
        0.34200000000000003000
        0.27600000000000002000
        0.00600000000000000000
        0.27800000000000002000
       -0.39400000000000002000
       -0.19800000000000001000
        0.34799999999999998000
       -0.12600000000000000000
       -0.38000000000000000000
       -0.12000000000000000000
       -0.27200000000000002000
       -0.19800000000000001000
        0.08400000000000001000
        0.22600000000000001000
       -0.07400000000000000000
        0.16600000000000001000
       -0.19000000000000000000
       -0.07800000000000000000
        0.29999999999999999000
        0.23599999999999999000
       -0.21600000000000000000
        0.38200000000000001000
       -0.00600000000000000000
        0.27600000000000002000
        0.00800000000000000000
        0.28799999999999998000
       -0.27800000000000002000
        0.31000000000000000000
        0.22400000000000000000
       -0.39400000000000002000
        0.03200000000000000000
       -0.18400000000000000000
        0.03200000000000000000
        0.04800000000000000000
       -0.32200000000000001000
        0.09400000000000000000
       -0.10000000000000001000
       -0.24800000000000000000
        0.34399999999999997000
        0.19200000000000000000
       -0.04000000000000000000
       -0.15200000000000000000
        0.08000000000000000000
        0.23599999999999999000
       -0.21199999999999999000
       -0.07400000000000000000
        0.23999999999999999000
       -0.30800000000000000000
       -0.34399999999999997000
       -0.21400000000000000000
        0.10199999999999999000
        0.36199999999999999000
       -0.04000000000000000000
       -0.37800000000000000000
       -0.16400000000000001000
        0.17000000000000001000
        0.10800000000000000000
        0.07400000000000000000
       -0.17599999999999999000
       -0.14999999999999999000
       -0.12800000000000000000
       -0.19800000000000001000
       -0.09400000000000000000
        0.01800000000000000000
       -0.05600000000000000000
       -0.02200000000000000000
       -0.23400000000000001000
        0.13400000000000001000
        0.25600000000000001000
        0.34000000000000002000
        0.34999999999999998000
       -0.22600000000000001000
        0.09400000000000000000
        0.32400000000000001000
        0.25400000000000000000
       -0.37400000000000000000
        0.14199999999999999000
        0.12600000000000000000
       -0.15600000000000000000
       -0.40000000000000002000
        0.31800000000000000000
       -0.16800000000000001000
        0.01600000000000000000
       -0.24399999999999999000
        0.26600000000000001000
       -0.38600000000000001000
       -0.17799999999999999000
       -0.25000000000000000000
        0.12400000000000000000
       -0.34999999999999998000
       -0.07800000000000000000
       -0.20200000000000001000
        0.00800000000000000000
       -0.38600000000000001000
        0.04800000000000000000
       -0.01800000000000000000
       -0.39200000000000002000
        0.24399999999999999000
       -0.23400000000000001000
       -0.34399999999999997000
        0.06000000000000000000
        0.48999999999999999000
       -0.00600000000000000000
        0.33800000000000002000
       -0.11000000000000000000
       -0.19600000000000001000
        0.36399999999999999000
        0.10000000000000001000
       -0.28000000000000003000
       -0.04600000000000000000
       -0.13200000000000001000
        0.31200000000000000000
        0.07600000000000000000
        0.20599999999999999000
        0.30800000000000000000
        0.25000000000000000000
        0.21400000000000000000
       -0.39200000000000002000
       -0.31000000000000000000
       -0.34200000000000003000
       -0.04600000000000000000
       -0.48799999999999999000
       -0.07800000000000000000
       -0.28199999999999997000
        0.22600000000000001000
       -0.04400000000000000000
       -0.05000000000000000000
       -0.23599999999999999000
       -0.09000000000000000000
        0.29399999999999998000
        0.01000000000000000000
       -0.21600000000000000000
        0.06400000000000000000
        0.14000000000000001000
        0.31400000000000000000
        0.24600000000000000000
       -0.32400000000000001000
       -0.28000000000000003000
        0.34599999999999997000
       -0.34999999999999998000
       -0.38800000000000001000
       -4.11953238680295808000       -0.63298553544884051000        0.90827852676049792000       -1.36144597326597494000        1.41530600759467617000        0.13203682051699428000       -3.29205488553018055000       -0.49920562053739864000       -0.77503101407410169000       -0.64734194587031901000       -7.64966870845991753000        3.91562928353235229000        3.95742180170443891000        2.00558868454880512000       -0.75105881980145239000       -1.25259372383646839000       -3.11606578670351908000        0.22369005783491347000       -0.95114585226599824000        2.61947757475602438000       -0.98466868457318213000        4.55322700296525618000       -0.91813131447942209000       -2.02795085798079766000       -4.44678653416917680000        0.74247024601642353000       -0.97400252552736444000       -1.19492167232753177000        1.54250510196925195000        0.00058998730092497000       -2.08838582296729847000       -0.38295334399258535000       -0.63024615689015373000       -0.92236101530150549000       -6.01640710654787814000        5.01390214275560986000        2.20315782434144891000        1.14030757399304794000       -0.00169296353305758000       -1.06834312522332509000       -3.21247564218772297000        0.00852870447122001000       -0.84715063682934955000        3.23067059292603842000       -0.98082113313227093000        6.01748866752448564000       -1.22854195982069703000       -2.76963534934528965000       -4.32477694341282781000        2.38302092717393288000       -2.35705048037977427000       -0.84347269771620581000        1.32502375947131523000       -0.03190321283454160000       -1.00045920642448238000       -0.17970365324264770000       -0.54631621731268964000       -1.03559759078791780000       -4.18547402848001493000        5.65542399958284747000        0.40847219457255263000        0.00599210768647755000        0.73749350646237044000       -0.95796149306583545000       -3.25465082939009864000        0.05461459904770348000       -0.87168404244009257000        3.23497515059911844000       -1.04845708596781995000        6.91496525954467156000       -1.60681943071244593000       -2.96362612763020383000       -4.10926955737561439000        3.84859169096412268000       -3.52930193953580318000       -0.48660793169788902000        0.95135260134282762000        0.06100419758121541000       -0.03053041387042557000        0.02245784510353773000       -0.42384900520284213000       -0.81826231633666924000       -2.36325976029458484000        5.91027136553650312000       -1.63895002047954330000       -1.07459494627010166000        1.46434157346033422000       -0.65943154623955225000       -3.08605190107564953000        0.14975411980450160000       -0.91801862177964710000        2.46650360832493742000       -1.14291083517997660000        7.23149414761097820000       -1.90177697813338265000       -2.86278447519222556000       -3.84731860680610582000        5.31769076223083292000       -4.51277759224722441000       -0.24888761285332583000        0.40981041302722920000        0.05043716567013790000        0.70290154055419252000        0.33405838299274715000       -0.24862010395764744000       -0.38849106863954463000       -0.48564668345291478000        5.80064851312380991000       -3.63059963274529274000       -2.37427167386789417000        2.53144196014259526000       -0.20447151770844338000       -2.56551569822253533000        0.39330220341379657000       -1.18478477528237969000        1.11944333658728556000       -0.99672987805159741000        7.01472731698129692000       -2.31132757805013034000       -2.68401646409979744000       -3.08084051880437704000        6.80958199708826761000       -6.16568906605997835000        1.02147482106315990000       -0.16588439985032857000       -0.03965313838693842000        2.22901773436803241000       -0.17650961218376909000       -0.26103773434368505000        0.28504992860567135000        2.90489362058782685000        4.80565642893006384000       -6.05081107895723935000       -3.62506985363680290000        2.99881459016078011000        1.00615077176932299000       -1.84146419819107732000        0.19328406538331072000       -0.64673552771879250000       -0.61285486118910459000       -0.28597520673506865000        5.88056989102268801000       -2.37690222358365144000       -2.22156001529870029000       -1.48142607855600539000        7.72508288645800612000       -7.46036604477545762000        2.33945896026532507000       -0.38412599108516471000       -0.33028379593964335000        3.77902097930321812000       -0.40653604220262579000       -0.34084146024741119000        0.54372888108223782000        6.77042758032780512000        3.67828499256704111000       -8.32808422491544320000       -4.25762774268286392000        3.08212562546934166000        1.55085832394476819000       -1.20091959897924294000       -0.27527822285830655000        0.07837999160489714000       -1.28313295890631029000        0.07824529142942402000        5.20374954592980554000       -2.22183924197500504000       -1.45503356373949377000       -0.23934304299940876000        9.52200592866032203000       -7.96642886902789460000        2.99785459335236792000       -0.86895529545621297000       -0.39496331625396980000        4.25126335813100198000       -0.27386615591429958000        0.04008772984420077000        0.89139941189940242000        8.11686528585822309000        2.79180039680129566000       -9.92520253809037101000       -6.03189149049180440000        2.44952297871775793000        1.34324430102672232000       -1.34740917410613847000       -0.48081171910401183000        0.54783341303123223000       -1.96093359584365268000       -0.04250797056882582000        4.37664082354256934000       -2.10620650024781719000       -0.86215951692935711000       -0.12835879828421817000       10.49988253629494039000       -7.82879733127897381000        3.20780980992987130000       -1.11545919155065754000       -0.51278921460735560000        4.15838626833605129000       -0.19911323944479264000        0.83436958425299268000        1.45236691810163876000        8.85673717563559926000        1.36818707325210087000      -11.07745743219239998000       -7.45933994979911663000        2.36302790673217533000        1.31344444036811492000       -1.48217759862599996000       -0.51155265634528624000        0.72500580673619397000       -3.38434431491920273000       -0.25557158337885783000        2.43047049338333343000       -1.87542877391065344000       -0.84410246537999389000        0.51343449839618804000       11.11729853024315773000       -7.27875152786573665000        2.89080164009507312000       -1.30681594152383784000       -0.56965757826576180000        3.42938815713254064000        0.10723781853296772000        1.48800203326450897000        1.81216060312168437000        9.21826597048043794000        0.04754691949821661000      -11.85047076117920284000       -8.45769929117918196000        2.27534966456843657000        0.85869606613405347000       -1.34841808493870197000       -0.39738790144205516000        0.64783564760707701000       -4.38079746513721169000       -0.42389844846249553000        0.85686489818272393000       -1.86317265645971308000       -0.55728651984084232000        1.60332062937095388000       10.72520714788450213000       -6.28431374695203715000        2.91654207347140382000       -1.39394784268772121000       -0.47877411759669913000        2.89783063418815123000        0.14041808318668680000        1.61643154447162063000        1.80303233711793265000        9.43712614502110547000       -1.51456247596466076000      -11.23210875313150403000       -8.45860329302165326000        1.73561406429605780000        0.16510915901017714000       -0.72922934527327188000       -0.66284921072932401000        1.12639370754670320000       -4.94854018976073373000       -0.57262739215721992000       -0.60239524899919028000       -1.58659598020381321000        0.47603408396288205000        2.49286205977811814000        9.78704424411218987000       -5.17541499278810324000        3.17277550479565251000       -1.13141870654105814000       -0.29990214787545727000        2.85742869885475415000        0.29834077113974289000        1.24662011506333936000        1.70011338797566114000        9.34578336280677036000       -3.51609487346978167000      -10.19959050983165838000       -8.00027756444035987000        1.28763237661158803000       -0.19666004425405278000       -0.30083753172625288000       -0.95888665606840295000        1.75092891982669374000       -5.53394788554406780000       -0.56415938774660690000       -3.16913436326258324000       -1.12565437950834446000        1.26905429493354993000        3.97704740278598567000        8.18379851397551938000       -3.78708618322146595000        2.82166828130298297000       -0.76670424219790356000       -0.13180410790018718000        2.66004335365075706000        0.24189472763948058000        1.03800332945088924000        1.24794125801499134000        9.31837971245828989000       -5.07173527401712398000       -9.24541736185616436000       -6.88109374754266323000        0.75577387703784848000       -0.53003530678048516000        0.32235255482015146000       -1.13163807454923759000        1.94168696761418547000       -5.44701137815825920000       -0.27352859194968049000       -5.10166632557544819000       -0.64548566175607069000        1.89160780552274099000        6.03604736492568072000        6.48178560656904068000       -2.44345091405062087000        2.48632679380877653000       -0.37714839680163981000       -0.00085653687119816000        2.71812581947633181000        0.43086801742962988000        0.67279116281470575000        0.51043679416181920000        9.87839381277096606000       -6.39889669141723694000       -8.35215315073224751000       -5.55552953283133100000        0.53459845951705476000       -0.80570688154298464000        1.25520292286889901000       -1.43341409940216868000        2.28383372960688336000       -4.39892903087081244000        0.04901078145026559000       -6.17465606427205849000       -0.15368567581830056000        2.73525632170806032000        7.28689416699335357000        5.08575968014584934000       -0.92511024998676816000        1.78448538043137495000       -0.71873406131830386000        0.11235375296270574000        2.41413841841353705000        1.09989119262110591000        0.33812865811696519000       -0.08369724933726526000        8.00246499588552496000       -6.64178968071913278000       -6.75697894390906395000       -4.75055856256289921000       -0.24495611451876756000       -1.21649903758707811000        1.40741280269807256000       -1.27909627356599742000        1.96966631196441511000       -3.55591871402520843000        0.18208836101681122000       -6.60461802725958513000        0.16434821448736953000        3.35183611475711762000        7.65202574444752948000        2.17163366058098939000        1.15096782590827895000        0.29980047292885464000       -0.12239472263860017000        0.61419011852975047000        1.52485256890061227000        1.08933224305530496000        0.38899349479598083000       -0.77817151147648067000        4.91159757382917395000       -6.09471298914770987000       -3.93021416896908171000       -2.64091515181355829000       -0.98949189662526060000       -1.85123797050826289000        1.75650602248970911000       -1.32478520107189546000        1.69180120288166735000       -2.37140671839387318000        0.08825302561393920000       -6.43352065263209028000        0.77576387699196192000        3.30712627615795407000        7.44236317934320546000       -1.14006811023437815000        3.18456881398033520000       -0.52136220612575146000        0.22601647253790783000        0.48857392084757728000        0.62248254456656926000        1.17766880950042885000        0.27367371381779321000       -1.40072873508049245000        3.03047671374204297000       -6.35207420814283452000       -0.75059142236432419000       -0.21918694288685087000       -0.85931173880349987000       -2.13049752365690415000        2.45348199082929641000       -1.15521435050003740000        1.30956862744092195000       -1.40239103593553427000        0.10625857469084352000       -6.72487637622206247000        1.20305214441972064000        3.34873535520262555000        6.30204476768060484000       -2.88909172865849184000        4.27610701784071257000       -1.06214108919330563000        0.39556750934262852000        0.22914252754769654000       -0.07421447440825096000        1.32070980138779936000       -0.05655830174852527000       -1.46266557360605054000        0.33457594781176858000       -6.00565037244030453000        1.65587063867862150000        1.01932610571286197000       -0.83646696204320437000       -1.80798342445482985000        1.96706948141720184000       -0.95287179757424667000        0.84348588763727228000       -0.57862333032640423000        0.20048541151770588000       -6.97904157201146269000        1.45272537106250144000        2.54834579420460239000        4.18884611888635217000       -4.16725051333197527000        5.11416574292976733000       -1.80234754467719505000        0.73450569443307745000        0.22524903479331515000       -1.20949604810725497000        1.02290615987162181000       -0.02830283363264543000       -1.31370506768807016000       -3.39425318769199480000       -4.59403395548382498000        4.31386858694675546000        1.99103126289323851000       -0.87970548938458382000       -1.67888160768265871000        1.05633783933751024000       -0.51319939036565876000        0.14842706297123251000        0.19589110459490638000       -0.04474279358102023000       -6.36397385142305350000        1.53180013121102343000        1.15778811267498161000        2.63502142464740130000       -5.10247395712025931000        6.48716178604640437000       -2.75304831034832942000        0.71048368174953291000        0.24149466166477582000       -2.75031110325099393000        0.87671922542478820000       -0.30404878963279802000       -1.12890414463944411000       -6.38777391757581814000       -3.43487583481165615000        6.99651838517312008000        2.96537993192324700000       -0.18424671634222856000       -1.38079116744346897000        0.89209184796352314000       -0.06825501417392953000       -0.50630928449108925000        0.61549673324273702000       -0.10911310587097753000       -5.53867510488556380000        1.29126681854428571000        0.65606925356260892000        0.99198335975224206000       -5.87790209421456034000        6.40226187989234141000       -2.72277885844903533000        0.55503886935022195000       -0.18325989306108664000       -3.12887905838808011000        0.82408553664000594000       -0.81498818826998798000       -0.94534357764348353000       -7.00103521469895274000       -3.09713581958661877000        8.48530817985005648000        3.89238372034212654000        0.91490208998954481000       -0.38705844882241780000        0.97694781889313687000        0.17903004132702516000       -0.89217768029944011000        0.96040869933018314000        0.18065599589896958000       -5.01952155251753229000        1.16369091668242386000        0.20260399699561635000       -0.80024287271685235000       -6.52664369195429916000        6.14334509904992565000       -2.68661888575865015000        0.52748178843757909000       -0.34830086105533653000       -3.09134971000318304000        0.70391256994976592000       -1.05366509221422766000       -0.89765491849379875000       -7.77470450014643344000       -2.26481989312951004000        9.57383836313230496000        4.68145784394016395000        1.52003167147802754000        0.23431083985513729000        0.78380872085315489000        0.41720997322686143000       -1.20066186892801063000        1.23470821276037079000        0.18510437842064290000       -4.27153252054240085000        0.96650314365333168000       -0.45318274880336534000       -3.09962621186079490000       -6.25779253243392919000        5.23497262460454404000       -2.44206444746509410000        0.46657342622145959000       -0.46586380113068709000       -3.04642732064408195000        0.46312537468055348000       -1.07421395607905534000       -0.66557139701299572000       -8.27929310973264698000       -1.20882985831710887000       10.03780187006108093000        4.89025651118812199000        1.98231334697095751000        0.67913684856612444000        0.41685257434832151000        0.41272653561627798000       -1.17655855967112144000        0.87365198954062273000        0.02908577416220720000       -3.36953340845876115000        0.61190273392181771000       -1.15885906370945890000       -4.53901088489710602000       -6.74191675158863468000        3.90585812616955952000       -1.64096307913686101000        0.53444731883358287000       -0.97973099946222608000       -2.42319161913213188000        0.23840455858901846000       -0.93324578756479215000       -0.74382288736332480000       -6.04317049054427269000       -0.58122682062305742000        9.93597251299332385000        5.70922635667727807000        2.75673185476644500000        0.91116908195735835000        0.81522504363489168000        0.30827545559157982000       -0.90787418923741037000        1.01224273500013728000       -0.01330239696424567000       -1.90902605439162620000        0.25340286485904517000       -1.38612361761416469000       -5.35853943938315069000       -6.19547201754677701000        1.85322685790733988000       -0.75436116893658833000        0.89705926683204118000       -1.23278548992230208000       -1.10807116780796910000       -0.14263439524835567000       -0.66827086638237398000       -1.03396053340770600000       -3.18791708871718038000        0.56194086340246541000        8.32590054137238056000        6.01744329245172693000        3.19780736348177408000        1.02467282717801611000        0.80626852802890558000       -0.00360810482985530000       -0.47270799464797703000        1.66600185827476399000       -0.18740187024694263000       -0.11035267551869786000       -0.09654873053702606000       -1.99125182289692848000       -5.68148272580121638000       -4.14798471505751110000       -0.18172323545919541000       -0.15637067282860945000        0.57978221382950135000       -1.07127644532193678000        0.28323383064391977000       -0.10719651204439526000       -0.64596619633662056000       -0.95729574026176689000       -1.41784122960285153000        1.93037671258109178000        6.12484169028477954000        4.80272567944177986000        3.73399532357451358000        1.68740710266428051000        0.67463758790144956000       -0.04384102707269313000       -0.29659950635860377000        1.68542683799110438000       -0.06013536419057783000        1.29268281753338687000       -0.52555203065801348000       -2.38272447651981434000       -5.98953258565942992000       -1.51158528205667841000       -1.97845708996799075000        0.13197901213150873000        0.08727021600303528000       -0.74042586463758220000        1.23353549248951344000       -0.00625021085304228000       -0.40026391339517103000       -0.98994975590928402000        0.06072229339901162000        3.21033969741769853000        4.25946674162883987000        2.80814531942714130000        4.26059783918315560000        1.60450380209601029000        0.86962987695253036000       -0.21527567965151886000       -0.05857038044700992000        1.72839884834150559000       -0.11993345539966049000        3.10886824969815700000       -1.16376739806760998000       -2.46806630156918683000       -6.02215791993400185000        0.55469724700783218000       -4.21015708247700982000        0.28745440006864964000       -0.04727759364166727000       -0.46987436124673959000        2.35888997890551266000        0.24509654536151187000       -0.30176190491820915000       -0.90375571010018063000        3.06013281490278288000        3.87865145262378252000        0.88166999128801027000        1.55936438826950519000        4.89990012638002614000        1.79573904907672155000        0.99553641755188815000       -0.40505674088175619000        0.12219446321405293000        1.62278386126004515000       -0.12312726280204758000        4.45369122499528469000       -1.73490525987217747000       -2.54376204383669746000       -5.93626537124418974000        2.40268237541583840000       -5.91191972308438096000        0.81119379114017287000       -0.31518534437269585000       -0.38304632261251004000        3.37652926142299625000        0.44998388769722270000       -0.16766429032989885000       -0.58559779416948843000        5.77642953943072790000        3.84401815085785703000       -1.97559727121235595000        0.14707603631227742000        5.15552456156073191000        1.95251749115760598000        1.02112139508654742000       -0.54881801717854617000        0.37644221692363367000        0.76846430449230463000       -0.11517692248200796000        4.62467734364135463000       -2.06320756337485189000       -2.38757354078345463000       -5.51395219663105962000        3.68734697530890010000       -6.86439174788392581000        1.06736131989348526000       -0.62485994816370938000       -0.08621876088501679000        4.33589234096546772000        0.67288626781858629000        0.02306619106464739000       -0.44057197235115841000        7.43211145269142470000        3.53102561825320294000       -4.09676644220621089000       -1.14464849741561037000        4.97846677935706339000        1.90594134986536590000        1.14680363953638298000       -0.60570151833100905000        0.45950481313365166000       -0.31007355001032805000        0.02047563988009917000        4.11871942474591712000       -2.20029085758819054000       -2.11053180662280004000       -4.26624657108884975000        5.69608994144624159000       -7.73974127399509193000        0.92190700340103893000       -1.14590957931532444000        0.30677491387555816000        5.02242944038395045000        1.22144020126196517000        0.35164917694023390000       -0.15491536566595218000        8.69033237267253611000        3.52229679509848115000       -7.21573372362437748000       -3.02334264268875064000        4.58224508930561036000        1.96695701074763729000        1.03192395419421312000       -0.46454807162336920000        0.26709082631974035000       -1.02015433707570224000        0.07303007035004913000        3.95142397050010175000       -2.38709326188013504000       -1.79608066788006493000       -3.19551812392295975000        7.21897343830891636000       -8.36083364297285314000        0.46011911724918370000       -1.59713432596555971000        0.74618694999165658000        5.33558996198986613000        2.02910060301045192000        0.76792380212608713000        0.07968588772816376000        9.15720052636535797000        3.06227743313933942000       -9.89563742017095116000       -4.74187923765804342000        4.01172584787137154000        1.81678679875641835000        0.87725154944211625000       -0.30379603558033469000       -0.07679942690630633000       -1.82539568434386190000        0.05498916452975892000        3.37116260938074097000       -2.33099315825057074000       -1.43183169570884439000       -2.90410202805157702000        7.24816985833780958000       -8.57967933390489357000        0.27719888364900258000       -1.69380607440531938000        0.92854294785256164000        5.26919952920296364000        2.56798359720972424000        1.50517228405101333000        0.33919458575778222000        9.61053603075543705000        2.23675287760421648000      -11.67677388407398276000       -5.35759463890805865000        3.12305466240420992000        1.38957846796590423000        0.53221215906528407000       -0.11844411706017061000       -0.20792165852504599000       -2.67688230564070784000       -0.27808905765090014000        2.51827988600093322000       -2.04113530853922454000       -1.22423077849169482000       -2.79001845313819308000        6.38094432114149157000       -8.13644284642746918000       -0.01764233249384862000       -1.30146867115150155000        1.12423674819060793000        5.00595432384947880000        2.67830855104436205000        2.42343097244428352000        0.41390708144766530000        9.52473518423403931000        1.34014799225026682000      -12.33582170345451345000       -5.33674731563441185000        2.33413424229999578000        0.80199704280501150000        0.53929184389309270000       -0.19777355381826991000       -0.15995043849381757000       -3.21320182406973442000       -0.78678006185204297000        1.51127902139898396000       -1.42830035448044934000       -1.22530692692541532000       -2.88688950386009591000        4.90370388132313639000       -6.90813568266071076000        0.05164762190117467000       -1.21911044654594192000        1.10165191116734440000        4.70444765097853690000        2.76909127586067649000        2.78570058091007233000        0.67457234506091956000        8.74305535541517997000       -0.66353652683837172000      -12.15816934285141926000       -4.95466422096694892000        1.46726792417390328000        0.83774810563744095000        0.25158420481809546000        0.09771063451183562000       -0.32008910545910152000       -4.68167344320523782000       -0.77552316973072555000       -1.56855407114003698000       -0.80990231957541114000       -1.18051495670354001000       -2.45253765116456046000        3.01119600834969736000       -5.06303346818775690000        0.22721625259141456000       -1.53280030320067739000        1.00796320048317711000        4.14438025051840775000        3.16056545444735404000        2.65138905074096742000        0.84886338120724025000        7.23010888965936172000       -2.53662978539879269000      -10.95983201572839505000       -4.17793290982764365000        0.18455671960465048000        0.55400190808134508000        0.05909068075226331000        0.37067738113142812000       -0.38511121440886131000       -5.94191147525287988000       -0.86027554185093913000       -4.26267548281696751000       -0.25149223835781426000       -0.34487617946865462000       -1.97553721161809204000        1.31732669538995895000       -3.60088891453215165000        0.85659938276395042000       -1.78220161800513011000        1.00805160535179028000        3.96989988055939458000        3.46346443417784844000        2.03695962918979845000        0.75318273306857964000        5.20255517946350743000       -4.12952583242624183000       -9.06718744163065793000       -3.21178583256429695000       -1.50317527352086122000        0.07765850753051082000       -0.36954357747165756000        0.37632367095028596000       -0.15288318688990724000       -6.56470367788268216000       -0.96611951806053009000       -6.35413712557581434000        0.34635167817025297000        0.66510748137260878000        0.02007765322936102000       -0.72492321736598275000       -1.19202218355222000000        0.59616640545063326000       -2.14146776604912104000        1.05929717741829177000        3.03352217342883446000        3.89067089468251792000        1.37739232466720973000        0.30700648124840857000        3.32041380302149136000       -5.07434275725249329000       -7.04433524198003358000       -1.72479305848702547000       -2.75894532534235903000       -0.55596325613250031000       -0.21444182993943575000        0.64549071993772988000       -0.40364559163846886000       -5.91046894012202984000       -0.94195497807939066000       -6.95567930772682264000        0.77103752101292744000        2.16554584171026709000        1.65548837675275196000       -2.02440323286122092000        0.67264897528854184000        0.64700482852506125000       -2.25584564448770397000        0.95629479467356071000        2.23957760368285763000        3.72265667768342823000        1.12567649206199549000        0.03270794329357529000        2.25415070779689630000       -5.48007016479908771000       -5.43383550867817711000       -0.76488549325693433000       -3.36782425950703246000       -0.72554850259690473000        0.01032321156991943000        0.88132285099597385000       -0.48243297234993709000       -5.04199740592730628000       -0.88394234002828198000       -7.10480701339444742000        1.18243157733669468000        2.98676237315194282000        1.99925072323966258000       -4.49496637208867167000        2.74666455417897781000        0.70055681621597454000       -1.59033346424997313000        0.83743299192833021000        1.40298912643127105000        3.04761787326669076000        0.84642575295560252000       -0.10929459429657959000        1.16621926684598276000       -5.69791880568651532000       -3.14536988107002724000        1.29909299058926364000       -3.53560300627310919000       -0.89062665232795524000        0.13453313879176104000        1.21123165680919009000       -0.61360135227581070000       -4.83328299727001909000       -0.84506257346845259000       -7.90463341130914721000        1.38716933420164334000        3.00721562906188300000        2.10554027764741924000       -6.47157170471812382000        4.09891352128535402000        0.73331403601058998000       -0.88790549229648941000        0.76941138433295575000        0.69550034091954382000        2.15765960074494023000        0.79773395808027647000       -0.52796436183678019000        0.10932354399499419000       -5.25581363818262393000       -0.91129335006894574000        3.08336634005329380000       -3.92173839849353945000       -1.41992380028227938000        0.22547045993544401000        1.25400907992826438000       -0.54478974141147662000       -3.82919862244308273000       -1.01012258034996338000       -7.38988823126381877000        1.55582905539041105000        2.84547118547661571000        2.31899024716294289000       -7.94441563912707771000        5.12080346613216975000        0.80654086128833991000       -0.20863910763249094000        0.43800000334587652000       -0.36848433494084842000        1.25661639806284775000        0.79852205626068828000       -0.85310746907566382000       -0.31762812244138178000       -4.19036105730969322000        0.96806450782468811000        4.84732170374783600000       -4.13990910197188988000       -1.95036717119945968000        0.06733517036576862000        1.33592090977710387000       -0.43452900737992417000       -2.34881994537026895000       -1.21988330348491814000       -5.78766885968083500000        1.49596163267740789000        2.67957355167313338000        1.02999518762716069000       -8.22875383630279167000        5.77710748054532974000        0.54104449426949952000        0.20932838884673230000        0.40437325546410779000       -1.49740097284067941000        0.52168549466713054000        0.72293463705006189000       -0.56724092256103209000       -2.97106866999979813000       -2.92991250279385484000        2.95170240871237777000        5.27033179142416675000       -4.09566545814591354000       -1.93284178718066402000       -0.67757098842001873000        1.60925213671968903000       -0.82747566789226989000       -1.87462163919752434000       -1.33868352517953282000       -4.84214538896727653000        1.29391459354302496000        1.73496157087518044000       -1.57494149716751530000       -7.04102478845922786000        5.80288596100405130000       -0.06174721207722135000        0.54482046265482909000        0.37146342033757279000       -2.93195103069553609000        0.20643717981944282000        0.82141654260748242000       -0.38377550026628260000       -6.76272581496847547000       -1.11974372958587609000        4.88680024885567121000        4.53672930360846749000       -4.08494161294926261000       -2.45989142779110415000       -2.14500004739576866000        1.62218494130075386000       -1.00256298053281578000       -1.09724453684539847000       -2.03805237400623618000       -3.29688870345978824000        0.84862034319742308000        0.30550260248196565000       -2.26252757508371571000       -5.24671113798773536000        5.72095816038698413000       -0.22678257150024633000        0.51008300069369883000       -0.06537334386228175000       -4.43906242816469820000       -0.27946688998148339000        0.65384692760330376000       -0.14907327877638415000       -7.80707505771212329000        0.02224637695885886000        5.99172256434096973000        3.64776531365024681000       -3.31893099282507942000       -2.48808124424022825000       -2.67170960151405446000        1.70956599655213704000       -1.17593139023735760000        0.00219344278556794000       -2.04862202588649422000       -1.38019461100642959000        0.26351109595267858000       -0.16898794156207531000       -3.24760104205483824000       -4.62788456816949889000        5.16308630817051029000       -0.33183200064072965000        0.86191012551248958000       -0.43599721941525449000       -5.18717271995637397000       -1.07996756130965421000        0.72891553997318759000       -0.15263126317365558000       -7.58519645756676741000        0.96576280967415751000        6.68458228611666705000        3.66352709061822823000       -2.42178505516886622000       -2.24674664677370073000       -2.59652761755911632000        1.50801762315901100000       -1.00372103524703737000        0.93196574196533555000       -1.89558343565790999000        0.36016051654149500000       -0.12621159892411971000       -0.83968568168454216000       -4.49018816760182382000       -3.35747101452986962000        4.22672704212712613000       -0.30290282301161991000        1.34154501588808950000       -0.84012484656356434000       -5.03019998394006240000       -1.41108190911937181000        0.56980676057115920000       -0.00136109625728994000       -7.18245738793014787000        1.88783989053704349000        6.50596565635003721000        2.95461794410854361000       -1.12251006202120807000       -1.57324529677113323000       -2.96001446893628062000        1.37185039478856163000       -0.94025395987479421000        1.39951843513237750000       -1.48569492309136963000        1.12261387626879228000       -0.67820832039109447000       -2.15892351579257813000       -5.70134220923739932000       -1.15249307251191202000        2.67137614460860462000       -0.27663130002735914000        1.23200335338961553000       -0.63130198958604211000       -3.90968336667132732000       -1.28444048454900095000        0.17902275016336250000       -0.15517090613469600000       -8.62924442840561134000        3.35995382770944140000        6.33999101647618080000        1.20063576701322239000       -0.92722259575131394000       -1.21961325171087243000       -3.71898135704484334000        0.99332450595659816000       -0.72974037175189288000        1.70262718636547894000       -1.19203074696878253000        2.01742402489205697000       -1.06164451701779350000       -3.22966992757579563000