12         8        30        48        56
        0.00    0
       1.000000       1.000000      58.604000      58.604000      58.604000      58.604000      58.604000      58.604000      58.604000      58.604000      58.604000      58.604000      58.604000      58.604000      58.604000      58.604000      58.604000      58.604000      58.604000      58.604000      58.604000      58.604000      58.604000      58.604000      58.604000      58.604000      58.604000      58.604000      58.604000      58.604000      59.102000      59.102000      59.102000      59.102000      59.102000      59.102000      59.102000      59.102000      59.102000      59.102000      59.102000      59.102000      59.102000      59.102000      59.102000      59.102000      59.102000      59.102000      59.102000      59.102000      59.102000      59.102000      59.102000      59.102000      59.102000      59.102000
      -1.000000      -1.000000       0.153000       0.153000       0.153000       0.153000       0.153000       0.153000       0.153000       0.153000       0.153000       0.153000       0.153000       0.153000       0.153000       0.153000       0.153000       0.153000       0.153000       0.153000       0.153000       0.153000       0.153000       0.153000       0.153000       0.153000       0.153000       0.153000       0.153000       0.153000       0.153000       0.153000       0.134000       0.134000       0.134000       0.134000       0.134000       0.153000       0.153000       0.153000       0.153000       0.153000       0.153000       0.153000       0.153000       0.153000       0.153000       0.153000       0.153000       0.153000       0.153000       0.153000       0.153000       0.153000       0.153000       0.153000
       -0.07400000000000000000
       -0.09400000000000000000
        0.38000000000000000000
       -0.09800000000000000000
       -0.03600000000000000000
       -0.24800000000000000000
        0.39400000000000002000
        0.21199999999999999000
       -0.19000000000000000000
       -0.11600000000000001000
       -0.38600000000000001000
       -0.05800000000000000000
       -0.10000000000000001000
        0.12000000000000000000
       -0.29799999999999999000
       -0.13400000000000001000
        0.37600000000000000000
       -0.09600000000000000000
       -0.10400000000000000000
        0.09800000000000000000
       -0.09400000000000000000
       -0.03000000000000000000
        0.22200000000000000000
        0.33600000000000002000
       -0.10800000000000000000
       -0.13800000000000001000
       -0.01000000000000000000
        0.07199999999999999000
        0.24399999999999999000
       -0.08599999999999999000
       -0.20399999999999999000
        0.09600000000000000000
       -0.31000000000000000000
       -0.02800000000000000000
       -0.00400000000000000000
        0.27800000000000002000
       -0.28199999999999997000
       -0.23400000000000001000
        0.33600000000000002000
        0.17000000000000001000
       -0.39800000000000002000
       -0.10000000000000001000
       -0.21600000000000000000
       -0.02000000000000000000
       -0.12400000000000000000
        0.24199999999999999000
        0.16600000000000001000
        0.13000000000000000000
        0.11799999999999999000
       -0.35199999999999998000
       -0.32800000000000001000
       -0.08200000000000000000
        0.01000000000000000000
        0.37600000000000000000
        0.20399999999999999000
        0.37600000000000000000
       -0.01200000000000000000
        0.17799999999999999000
        0.07600000000000000000
        0.05800000000000000000
        0.12600000000000000000
        0.02200000000000000000
        0.22000000000000000000
       -0.32000000000000001000
        0.08000000000000000000
       -0.32600000000000001000
       -0.38600000000000001000
       -0.12800000000000000000
        0.39400000000000002000
       -0.30199999999999999000
        0.44600000000000001000
       -0.06400000000000000000
        0.28000000000000003000
       -0.01800000000000000000
        0.37800000000000000000
       -0.21199999999999999000
        0.03000000000000000000
        0.23999999999999999000
       -0.32800000000000001000
        0.33200000000000002000
       -0.08599999999999999000
        0.01600000000000000000
       -0.31200000000000000000
        0.34399999999999997000
        0.33200000000000002000
       -0.11000000000000000000
       -0.26000000000000001000
        0.37400000000000000000
       -0.36399999999999999000
        0.24600000000000000000
        0.06800000000000000000
        0.08000000000000000000
       -0.08000000000000000000
        0.00200000000000000000
       -0.31600000000000000000
       -0.36399999999999999000
       -0.28599999999999998000
        0.06400000000000000000
        0.15800000000000000000
       -0.38800000000000001000
        0.13400000000000001000
        0.00200000000000000000
        0.27200000000000002000
       -0.04400000000000000000
        0.09800000000000000000
        0.20599999999999999000
       -0.33200000000000002000
        0.04600000000000000000
       -0.28000000000000003000
        0.38200000000000001000
        0.32400000000000001000
       -0.06400000000000000000
        0.10199999999999999000
       -0.31600000000000000000
        0.30199999999999999000
        0.38600000000000001000
        0.18200000000000000000
       -0.00200000000000000000
        0.18200000000000000000
        0.18800000000000000000
       -0.47999999999999998000
        0.06200000000000000000
       -0.05600000000000000000
       -0.31400000000000000000
        0.03600000000000000000
        0.02000000000000000000
       -0.00600000000000000000
       -0.21199999999999999000
        0.16000000000000000000
       -0.32600000000000001000
       -0.22600000000000001000
        0.08200000000000000000
       -0.26600000000000001000
       -0.21600000000000000000
        0.16600000000000001000
       -0.10600000000000000000
        0.19800000000000001000
        0.26600000000000001000
       -0.09600000000000000000
        0.31200000000000000000
       -0.17399999999999999000
       -0.01400000000000000000
       -0.17599999999999999000
        0.17199999999999999000
       -0.11799999999999999000
       -0.14999999999999999000
        0.19600000000000001000
        0.39000000000000001000
        0.01800000000000000000
        0.08000000000000000000
       -0.07400000000000000000
        0.04400000000000000000
        0.06400000000000000000
        0.39000000000000001000
       -0.17000000000000001000
       -0.34399999999999997000
       -0.05600000000000000000
        0.33000000000000002000
        0.37800000000000000000
       -0.21800000000000000000
        0.43800000000000000000
       -0.03600000000000000000
       -0.35599999999999998000
        0.37200000000000000000
       -0.28999999999999998000
       -0.09600000000000000000
        0.38400000000000001000
       -0.00800000000000000000
        0.19800000000000001000
        0.16200000000000001000
        0.25200000000000000000
       -0.08400000000000001000
       -0.27000000000000002000
       -0.37400000000000000000
        0.12600000000000000000
        0.30399999999999999000
       -0.12000000000000000000
       -0.08200000000000000000
        0.05400000000000000000
        0.06200000000000000000
       -0.17799999999999999000
       -0.06600000000000000000
        0.09400000000000000000
       -0.35799999999999998000
       -0.31400000000000000000
        0.07199999999999999000
       -0.14199999999999999000
       -0.33400000000000002000
       -0.09200000000000000000
        0.13000000000000000000
       -0.08599999999999999000
        0.04400000000000000000
       -0.22600000000000001000
       -0.02200000000000000000
        0.34599999999999997000
       -0.40000000000000002000
        0.03400000000000000000
       -0.12800000000000000000
       -0.06800000000000000000
        0.38400000000000001000
       -0.14999999999999999000
       -0.02200000000000000000
       -0.26200000000000001000
       -0.10400000000000000000
        0.16800000000000001000
       -0.07400000000000000000
        0.39000000000000001000
       -0.24399999999999999000
       -0.33000000000000002000
       -0.34200000000000003000
        0.27200000000000002000
       -0.04600000000000000000
        0.08400000000000001000
        0.37000000000000000000
        0.38000000000000000000
       -0.04400000000000000000
       -0.25800000000000001000
        0.32000000000000001000
        0.23799999999999999000
        0.26400000000000001000
        0.18200000000000000000
        0.00800000000000000000
        0.00200000000000000000
        0.04400000000000000000
        0.08799999999999999000
       -0.19400000000000001000
       -0.10199999999999999000
        0.18800000000000000000
        0.27400000000000002000
        0.20200000000000001000
       -0.39800000000000002000
        0.03000000000000000000
       -0.00800000000000000000
        0.34200000000000003000
        0.15600000000000000000
       -0.10000000000000001000
        0.37800000000000000000
        0.36199999999999999000
       -0.29799999999999999000
       -0.14399999999999999000
        0.23400000000000001000
        0.01200000000000000000
       -0.10600000000000000000
       -0.01600000000000000000
       -0.15800000000000000000
       -0.39800000000000002000
        0.00000000000000000000
       -0.16800000000000001000
        0.06200000000000000000
       -0.23200000000000001000
       -0.44800000000000001000
       -0.02400000000000000000
        0.04600000000000000000
       -0.34000000000000002000
        0.21400000000000000000
        0.16400000000000001000
        0.31000000000000000000
        0.33400000000000002000
       -0.06200000000000000000
        0.22000000000000000000
        0.43800000000000000000
        0.00400000000000000000
       -0.03600000000000000000
        0.36599999999999999000
       -0.15800000000000000000
       -0.10600000000000000000
       -0.04600000000000000000
       -0.30599999999999999000
        0.32800000000000001000
        0.26400000000000001000
        0.25800000000000001000
       -0.09000000000000000000
       -0.26600000000000001000
        0.08599999999999999000
        0.34799999999999998000
        0.00600000000000000000
        0.23599999999999999000
        0.06600000000000000000
        0.01800000000000000000
        0.08599999999999999000
       -0.20799999999999999000
        0.06400000000000000000
        0.00200000000000000000
       -0.24399999999999999000
       -0.24800000000000000000
        0.04800000000000000000
        0.04000000000000000000
       -0.16200000000000001000
        0.02000000000000000000
       -0.24199999999999999000
        0.20799999999999999000
        0.02200000000000000000
       -0.24600000000000000000
        0.26600000000000001000
       -0.22600000000000001000
        0.39000000000000001000
       -0.30199999999999999000
        0.21800000000000000000
        0.09800000000000000000
       -0.39800000000000002000
       -0.66495657909787254000        3.63481646040155137000        1.93452315539641595000        1.75393054126095338000        1.62689816421912270000       -0.59056195903772379000       -0.62269299135340661000        1.97620906157294551000        0.36733276280603638000        1.07087953918117229000        3.51520792231349777000        0.23662750482957209000        0.72608319110195307000       -0.17612077231987008000        0.33577614479462220000        0.89920368842796461000        0.64659272057056194000        2.72186682759889820000       -2.00995523966425305000        1.06015233334936587000       -0.48784275718355286000       -1.65065157819264918000       -0.41817872031675229000       -0.33117620854778684000       -1.29018232611395045000       -0.20281374591129031000       -0.54615736577975571000       -1.72258852943628460000       -1.36049833060791547000       -1.88331210681998140000        1.41573277021440780000        0.50326608266396711000        3.00860436450133140000        4.13793419527590256000        3.24216797812320312000        2.39449864946675017000       -1.29375628093615269000       -1.75264307776633532000        2.60104716307279249000        0.84460687862482609000       -0.47821133379497255000        4.54371450350791317000       -0.06270155203288626000        0.88160925346717567000       -1.32232983777936219000        0.91896111202069553000        1.19218457144362455000        0.38557394445715820000        4.12481228189935667000       -2.74326008880565997000        2.07180798759616369000        0.34611440722482312000       -1.33664700133683323000        0.51411557514415840000       -0.48354708085006626000        0.50783137237524001000        0.02702373775915597000       -0.74278202041432406000       -2.24350608680550012000        1.79641251950442116000       -1.46365761330322108000        1.73109020151141202000        0.37085697002860513000        2.41808071810682534000        5.08518516944320265000        3.85252442053400257000        3.39393519673073607000       -2.42230941059696869000       -2.57321548829062419000        3.10059034481651263000        1.01248673859439076000       -1.68198858798945050000        4.65835268312807216000       -0.50424062743873632000        0.46025953537258796000       -2.26766250663526536000        1.36508505140145986000        0.70220348027289092000       -0.25743086445885766000        4.50165852039738823000       -3.96507351391029328000        2.33623903781232345000        0.72745678444138406000       -1.89595288120368766000        2.62341061577130708000       -0.45862146224384753000        1.04544545931302246000       -0.10535382392339405000       -0.92803728938936569000       -3.13047326466587572000        3.31931798445259174000       -1.22964226010639455000        1.67713748284598618000        0.90320031944818269000        1.76500369047382866000        4.76923567618302524000        5.39945054407920733000        4.00269243323622259000       -3.37502203177171545000       -2.40995879851718620000        4.05152270120562186000        1.00154235282766391000       -3.05872971319529396000        5.42188687324068042000       -1.06230017498907392000       -0.27861509812623564000       -2.91482094257037838000        2.33655848868376337000        1.34986859287874128000       -0.72138062981628903000        5.03965862322578673000       -5.41419647536146620000        2.61086548900279070000        0.73266842204061200000       -1.63033318686157136000        2.31238916598717958000        0.17871534200131806000        1.73322956786594240000       -0.26004222098437280000       -0.17623947854773028000       -2.91546692416900832000        7.16811113796473176000       -1.18603427909985526000        1.45106216311742142000        1.94300945487612120000        2.00348156524165555000        4.69120561680800385000        6.33836151570198147000        4.24401218555517534000       -3.39052858343446228000       -2.11997820589073882000        4.21302067566175786000        0.97698931103185060000       -3.58323359497424754000        6.10202103769405202000       -1.08633678265678979000       -1.77970164950579579000       -3.56011094352681878000        2.81081231895607297000        0.93075844963758680000       -1.49175019020020128000        4.92456645993670072000       -6.25672539154591778000        3.40465745398406128000        1.38533361826359958000       -1.24588665643195062000        3.45196978225314011000        0.07978630067595169000        2.36532819608595091000        0.03279776583048609000        0.51235351260010586000       -2.40218040504397745000       10.65113590061520021000       -0.06002477627757247000        1.04335066436659130000        1.62199122599985679000        1.43319134926324909000        5.49713920711183679000        6.36974286152955571000        3.91430821764626424000       -3.25838184240138462000       -1.39928357769551970000        4.11888672858358973000        0.55390415394196257000       -3.75060003967321487000        6.36636496387016848000       -0.97006389704841312000       -5.40821911051927806000       -3.55130597127691949000        3.96987369319699246000       -0.10555483256943578000       -2.28581610731867491000        4.54119714620968740000       -7.03832574554435819000        4.27221848520487146000        2.45079724822088973000       -0.21603966464660998000        4.28124162254389518000        0.10887525661258975000        2.11200602869287879000        0.01422153720237420000        0.95619047129373103000       -1.40219230742698997000       16.94320465907366470000        0.58951402008615716000        0.09204487584385712000        2.27186001212307254000        1.00705008622232728000        5.87325950554200116000        6.88497403457392476000        5.12206173452745261000       -3.64447748203391075000       -0.97557361114424757000        3.68320617912331416000        0.10716016916951503000       -4.01821896107520171000        8.18761051706835019000       -1.09092483008578389000       -7.01251817856315540000       -3.32260801436103748000        4.18947467687424790000        0.44024275600997032000       -2.28146194221828580000        4.83491816110834804000       -8.07920912005446823000        5.80303917942682013000        3.46612311873184886000        0.63317318447932980000        4.26300065295189334000        0.33644687822228708000        1.46554345178535028000       -0.43077689915089684000        1.30874308291716512000       -1.37697311975147141000       20.93232800700246800000        0.66816095069171977000        0.31624067974896691000        3.10290316891211981000        0.63648668791063467000        5.43282321954591385000        6.03879519949286525000        5.95070788963109809000       -3.56542617932804040000       -0.91757613912886971000        2.52752269594375933000       -0.80786365008112049000       -3.41176670469312215000        8.65785487277610954000       -0.98534782521699527000       -7.99896812792727907000       -2.37467737205242324000        3.22034557862131532000        0.78026592390345695000       -2.39166443577558718000        4.82433103119821460000       -8.54574969084521463000        8.03283528899648225000        3.19157094070648473000        1.03548658642560376000        3.17429673730563477000        0.16567521892105053000        0.46615677981166415000       -0.86563962034492992000        1.58928479336308159000       -1.48009564298225249000       21.27560861058520910000        1.48664526869866487000        0.30106651281279040000        4.51741032706041956000        0.74263818033891260000        2.50129611478881486000        5.57807604635359144000        6.67183349546358340000       -3.14705259423955530000       -0.28409658801548632000        1.37844495495982522000       -1.52338651663079738000       -2.74138174987941641000        9.27222986314103181000       -0.78099118266304879000       -7.72726177946215831000       -1.67423717873669098000        2.59882764818528988000        1.34104659215670718000       -2.66170522045694158000        3.35950325401792638000       -8.54183375013251300000        9.36871819874710710000        2.18505809378965221000        0.88085371677973334000        1.55817565617777309000       -0.00815091282889272000       -0.03203931399790273000       -0.96187169146944285000        2.78393405530303806000       -0.51085232542511749000       19.59144993240554560000        2.56464556664685484000        0.33702528015692307000        5.04119423673922462000        0.40323486608473524000       -0.62509807750834834000        4.67008529232631986000        6.44934025853230075000       -2.32146597763379869000        0.05769070845087691000       -0.08618756263373419000       -2.10752394056224279000       -1.40731958603800122000        8.41531366217090770000       -0.02558141207526216000       -7.66833692757476904000       -0.67522108687694138000        1.42093552100862008000        1.69963668639676846000       -2.70002914607345756000        1.46659543595826336000       -8.17764455953183500000        9.87687861345260032000        0.82141100315552673000        0.11943949776014798000       -0.27749309043040682000       -0.21912168621958181000       -0.32067620096969035000       -0.82495725202531189000        3.29991421690330800000       -0.12174723476676577000       15.70649799618383469000        3.06015395646973953000        0.09761406082181948000        5.03798263503611299000       -0.55749822899651635000       -4.07668614684107045000        2.91112658889732678000        6.50949709651528430000       -1.15472441691023797000        0.28646414376863011000       -1.59819830778208116000       -3.77252793209377613000       -0.27048129150133504000        8.05509122385214837000        0.60981080158231238000       -7.66332914245418006000        0.36312608557725334000        0.71081587905852439000        2.28975867988422666000       -2.64321541283363270000       -0.78824732279172138000       -7.78488846604590456000       11.13575920564070643000       -0.41514521006310318000       -1.04545924907335785000       -1.86647309178938103000       -0.90929723861316836000       -0.31923629100541751000       -0.82827022665267080000        3.44186138595862534000        0.30521461808552347000       10.86632424176195677000        4.08408163828931681000       -0.64985922651413008000        5.41970576783066438000       -1.07443811470485051000       -6.25726346889431095000        2.25942520844341299000        6.08618017556279600000       -0.43025855433854165000        0.29920366561960615000       -2.74310858965594528000       -4.27253690338239256000        0.22010919470123366000        7.24633213134221688000        0.80002973159643709000       -7.36070816051584842000        1.36799617425440379000       -0.63711344485430588000        2.15486724645720829000       -2.63005493134456492000       -2.41663553210203030000       -7.67668521822794592000       10.65968053157969919000       -1.06784909565540276000       -2.30308294535960512000       -1.30841164560572554000       -1.26798974444311097000       -0.05754777362212347000       -0.99439753502157524000        3.54404684670448455000        0.56145941367883356000        7.20659359893311002000        4.51208061744060362000       -1.22549087369937459000        4.99763962470451162000       -1.11849842412141731000      -10.99746071813786230000        1.83539883689356564000        5.80592362155712394000        0.29527200612730614000        0.03777648156659862000       -3.16194495979058177000       -5.31783183453054686000        2.05608289935583377000        6.64931596252204926000        1.38775079372058952000       -6.81055537512844022000        1.75489388923396805000       -2.21611566375539137000        3.45631426712857337000       -2.68561466838573226000       -5.51166908343607531000       -7.20352191348086102000       10.48617197164402093000       -1.50772275640427256000       -2.88320123394331551000       -1.17144455194427710000       -1.39325089237827693000       -1.63187998153659120000       -0.94895194340726330000        3.87445897483891821000        1.34265540017904139000        4.53216778288586397000        4.61492825400049256000       -1.30434555100993954000        4.81354163899550347000       -1.48813856386524179000      -16.18325060623246260000        0.98440309626687494000        4.92506128813619970000        0.83482874081550862000       -0.06010577285993024000       -3.74384121833728489000       -6.64862003260180057000        2.51102080318097176000        7.26360340858848996000        1.80720222717142454000       -5.17407926410774266000        2.05163465413262536000       -2.92335598191846335000        5.07275666863654351000       -2.60293924597604809000       -7.94653214521133933000       -6.86549725873427619000       10.21027354719804414000       -2.24697397306093327000       -3.68309385041603887000       -1.22812193078557907000       -1.03623993433074357000       -1.06333073902791075000       -0.53634253342112947000        4.76698722419530618000        2.19110615386468144000        1.16098865317609445000        5.62512540172925135000       -2.16131456731209237000        4.03416293998094044000       -2.98502432351860847000      -18.97724265502059990000        0.29596042659766275000        4.69796471764096513000        1.48552352548835653000       -0.11016210474243120000       -3.96617860454563731000       -7.76275176101711750000        2.40372208005444454000        8.46289094511529782000        1.92557957334108520000       -4.34670278544835220000        1.88791464608205839000       -2.19140644168437593000        6.24429923970503431000       -2.07377870538393472000       -9.60833095488579225000       -5.67296287372181762000        9.72306636970372118000       -2.14634564065668210000       -3.66549992766428190000       -1.40131815105849733000       -0.84864849552898003000        0.33165091877341807000       -0.11468159490128255000        5.01596357096084944000        3.48811701294137544000        0.02609673022787298000        5.69706585466009408000       -3.01798767584452232000        2.22657402490111034000       -4.30481657460794498000      -19.03708020807441060000        0.06395334937522655000        4.08995064838738465000        2.18530440941165827000        0.15483443796295240000       -3.68318393525060461000       -7.79045360594172287000        2.49653384463173555000        9.01297130160842919000        2.24726001569962985000       -5.17463422083878832000        1.57290652929257324000       -0.96566432067501218000        5.88348796981623234000       -1.36707686200989542000      -11.51111218312757956000       -4.35076341656069854000        8.63492989965859437000       -0.96802410194239197000       -2.53524902881438008000       -0.22653402484897603000       -0.63342772042748907000        0.86106874916667453000        0.23850441039655085000        4.24239908425809542000        4.89501174161936969000        3.80674356634663758000        4.87496768021116367000       -3.29276888788832478000        0.07125631536055030000       -5.68256782019195406000      -18.65318362497652060000       -0.00666976620573438000        2.19081281911645043000        2.18095162700543366000       -0.16659202133511147000       -2.19835505940505760000       -7.98650982877928239000        3.42415111059768984000        7.30346206691794286000        2.42020285928857071000       -6.07149023449731295000        1.02418808596105415000        0.03561031172793308000        5.26593881534341790000       -0.70459561702279405000      -12.68977196404851249000       -2.84349713819196026000        7.43602360012635888000       -0.10453429853942893000       -1.02634813828899052000        0.32319885593928638000       -0.11452694200218225000       -0.52919352781601037000        0.46927199598749403000        3.36934544609173470000        5.95726966939267300000        7.75586577240101072000        4.05900682493824849000       -4.03135045441531759000       -1.95999531372161528000       -6.20842070533261836000      -17.58246198859417580000       -0.00571232502307341000        0.72537487038598403000        2.30239444947870231000        0.04383706624332577000       -0.74157774801783893000       -7.48733195403360163000        3.45934368775765932000        5.64003438725252337000        2.32012160632878262000       -6.39829613930336016000        0.41643311686146256000        1.27370787456459622000        4.07400094676336888000       -0.21933036414327944000      -13.08543966346542575000       -1.01762687036721533000        4.89678568955014537000        0.87051369364229958000       -0.05141633121224589000        1.70280259805366985000        0.37150012181526748000       -0.47439482173283992000        0.83717792422432991000        2.53623716687038980000        6.53342347850060179000        9.31256033707371778000        3.06974727366062305000       -4.60160564140280481000       -4.29671136632266748000       -5.65895686701850131000      -15.99715710447244099000       -0.26055290444841944000       -0.12245000582967244000        2.37833341773625540000        0.25534128963916353000        0.49422429271592933000       -6.70411724718802571000        3.23463291010410225000        3.91024766915756095000        1.99574237895030948000       -6.57779322982994152000        0.23794534906809006000        1.31008732317087651000        2.76096940797546075000       -0.11359858438476303000      -13.10893514144706096000        0.20101106164871932000        1.82545053639632959000        1.83677833267506196000        0.05346174886304636000        4.58184185369778518000        0.88022754035316053000       -0.31950457410275079000        0.90242731409746846000        1.45538618856299773000        6.62730450945047611000        9.56111195195243191000        1.67675281493715844000       -4.69572079531169972000       -6.87368867190058364000       -4.26354912645290263000      -14.56835598035459434000       -0.64495551579180732000       -0.84796753649846046000        1.74263216452229419000        0.48394742091856469000        2.19701610661793234000       -5.82195403210355167000        2.59459611665960432000        2.94873019009785375000        1.34942086891609692000       -5.90985280317173522000        0.06186703673850986000        1.24784200174436544000        1.90473043607128711000       -0.21776377310052347000      -12.39089104279642584000       -0.05426168770256661000       -0.92297215682550626000        1.66065463346569064000        0.21595718706981271000        6.42751580130224198000        1.86596614052862808000       -0.42192842760505100000        0.80809670037781633000        0.94072841317112388000        7.02509357969111203000       11.80358435447878840000        0.21589919604633265000       -4.50379460663038333000       -8.78037337394749784000       -3.55869031528794855000      -10.98606584637102834000       -0.40572266982608740000       -1.43058368076537756000        1.63930453820629007000        0.86794257865766322000        2.55341801209974095000       -3.91659838040450259000        2.13351854657275064000        1.65611624772179766000        0.97895722616072800000       -5.71511815787781785000        0.66246072435785042000        1.11855455299327433000        1.08768101886138080000        0.02528772348319546000      -10.92871658971271565000        0.38047330031980653000       -3.34849358742569914000        0.63277123499005428000        1.19562857128914612000        5.27465259705989720000        2.88369634393713303000       -0.01038058269044960000        0.49380121111218450000       -0.55632729114391788000        7.55467822464775107000       14.73963960598447542000       -2.72004810869855262000       -2.85132657449063265000       -9.86813610312330525000       -2.56240440105705058000       -8.46941058173509909000       -0.18154119226514023000       -1.39672435900031733000        1.92758122790611064000        1.17923524046593853000        3.65612090369024312000       -2.35876585288409135000        2.27030912265943297000        0.30527166341005701000        0.85092020981638539000       -5.73138894526485299000        0.22548504563422128000        1.03209201831168063000        0.89334372612296165000        0.23201350274553365000       -9.28439727835717576000        1.12708899053345868000       -4.59313813989269804000       -0.53607658584411588000        1.86519267418313817000        3.27255388684665860000        3.15172929339500740000        0.37179388560268190000        0.77711557323160951000       -1.65854463961331922000        8.09999664944354691000       16.23977631199845460000       -4.80763088174214914000       -1.78097483554589275000      -10.77609188477949331000       -1.88601683265336284000       -5.10071219441601720000       -0.60247910131331051000       -1.64841860920609018000        1.98976183695839959000        1.04714489978747527000        4.49965325138520633000       -1.86258191534319950000        2.09703421639800514000       -0.26486219052238147000        0.66686456843587827000       -6.69845146934985714000       -0.31856047352321354000        1.36198551294238457000        0.66082775852774045000        0.15199851976730000000       -6.88623024912950132000        1.70964796219450554000       -4.40491139261110209000       -0.56186125404140053000        2.60833873249017723000        2.46802393826196154000        3.17637590612393250000        0.63782591706264924000        1.08765006409379850000       -2.81762407610258192000        8.03360335844181428000       18.20414724227719460000       -5.38753567370306108000       -1.54308107263920569000      -10.57255040651754463000       -1.71526447439412855000       -3.65612424384624957000       -0.15685958623048937000       -1.74899958655584187000        2.00548554448471839000        0.32331014061771807000        4.91150112491120261000       -1.54287200302681038000        1.52288371544943146000       -0.76464942842802852000        0.41289081824073776000       -6.94399413649063657000       -0.97732279401097200000        0.89893101380319351000        1.75727879688460242000        0.00369917632120491000       -4.51745703311555946000        2.25232859280776054000       -4.38214540281585574000       -1.01528754271609900000        2.79859938038218692000        1.16028515172591495000        3.35535409178136224000        1.94981475744021804000        1.55223846039876268000       -3.58176857439209106000        7.52491238660497874000       17.62766909000458430000       -6.07332567591125816000       -1.31459334026287200000      -10.26466820484167997000       -1.48784345568004084000       -1.59841283884168339000        0.28281303977567490000       -1.56349257365421535000        2.08975369166223190000        0.05504783639553033000        5.28787551631063213000       -0.85088152296392683000        0.77292691214509324000       -1.44271609022953551000        0.10577331899292874000       -8.31444970640996139000       -1.65067470608718891000        0.62956098265581917000        2.18987590831780299000       -0.28427617045214398000       -2.03208495125363875000        2.01386414953019521000       -4.08305324576943995000       -1.46743395432825197000        2.82666835065518240000        0.11208390009427258000        3.25491569422590432000        2.95353266557078387000        1.85430946621317250000       -4.31031629050284781000        6.80434512376226763000       18.56803889319340680000       -6.81655772971285412000       -1.16622434367200301000       -8.68642080490746871000       -0.04230872520332770000       -0.07965055577968443000        1.38404281047350652000       -1.33149628658830999000        1.91220141017493428000       -0.13961943284445866000        5.74858190836534799000        0.49856590265500200000        0.18906254008352011000       -1.90155299041547776000       -0.23069960894515601000       -8.18375126866160230000       -2.50928406699520012000       -0.12278380570070865000        2.04155338476075388000       -1.00309189720757908000        0.43192611956740296000        1.50633999139810837000       -5.01104207119741751000       -0.94963250187220827000        2.20206774646218983000        1.49278927731905520000        2.95230553746661073000        3.90316957028549139000        2.23749167374585944000       -3.93618528389767830000        5.60454553712375869000       16.97794271934767350000       -6.94286627864299444000       -1.08218223000880909000       -6.94480887833239802000        1.44018724113542995000       -0.78143537840355548000        2.85749152918502380000       -1.01814866971945861000        1.77147152805649011000       -0.38306173327877202000        5.61412873749221397000        1.96651752631080856000        0.70337028233574361000       -2.33645588523620207000       -0.30446609851561929000       -6.96067346498240713000       -2.79172972332671199000       -1.12080635025211883000        2.49055381951758426000       -1.80292673568697559000        1.22923052083930129000        0.73942766684894412000       -6.50934761826484376000       -0.80345643312342441000        1.87454567717017029000        1.75464901783817551000        2.55071813226209754000        3.52153089192966418000        2.37704478812749098000       -2.94464028506475639000        4.63934288034668452000       14.67806588260840961000       -7.84999879784860877000       -0.08574395133716325000       -4.86086946335450598000        2.94465721863927721000        1.09705652641359430000        3.44664461610412154000        0.60084988521110561000        1.44466726970113069000       -0.41025329329745724000        5.22046972559309896000        3.40492724898494270000        0.40365874258039297000       -1.20250965963432943000       -0.43293085030948880000       -6.59498447548057598000       -3.47083718459907331000       -1.46569299741595982000        2.53080910072385201000       -2.52525847894417454000        3.07367509035538911000        0.19824873693058875000       -6.16602444942091665000        0.40008269426009357000        2.06947784919082078000        2.83463697135463066000        1.57355679818626437000        3.22303017156899951000        2.46660309220868079000       -2.05079832829353093000        3.85116439129600030000       14.86959908460206314000       -7.82161577935953822000        0.86366189236440460000       -3.16352604078139743000        2.82286778596076804000        3.11433384454185846000        3.68062739730424404000        1.61851549710965803000        1.00726057070382513000       -0.84432680186753784000        4.26058455233029143000        4.28098179204313034000        0.18313606836489937000       -0.39581946330589757000       -0.44143972175161617000       -7.61892326143514786000       -3.98417544210804309000       -1.33627222202934592000        2.72216116766279725000       -3.04869090887978711000        4.74455265422098282000       -0.48273147119984844000       -5.20396497604641617000        1.59107946623408125000        2.19193986463119828000        3.26203393807679731000        0.50275414923564421000        2.64447902854196393000        2.34245728357145477000       -1.68507328465372330000        3.07196030151754629000       15.93308196287643774000       -8.00032853954257739000        1.13874649413409035000        0.02545164089624867000        2.68489673938112849000        4.68167496376010295000        3.86323126439355535000        3.21792306091852209000        0.36780303314603802000       -1.14877041362306920000        2.99030564849853508000        4.52077064749678836000       -0.91183273157963951000        1.87496225142292383000       -0.65230761013725092000       -7.12816500018177113000       -4.73187934523540754000       -1.13690479719991289000        3.15402769310204834000       -3.49251751011959666000        6.82774001606574199000       -1.34285995180269491000       -2.57354655328507098000        1.62743711763192156000        1.81547842925876490000        2.76964554981506428000       -0.22495352215065448000        3.63935347282937904000        2.59259853092087544000       -0.54606922571342886000        2.70830500916782313000       15.51689219649598250000       -6.36688530890123872000        1.20844389632838833000        3.54101212214362082000        2.40083355116517128000        5.41518117500517882000        4.06642345526286153000        4.10760146242545066000       -0.37139141089034733000       -1.47386685444921461000        2.19825726469484550000        4.50991698925878382000       -1.43834074963298342000        2.92009398209837068000       -0.83888038413447152000       -6.31033997709290873000       -5.44123502291638950000       -0.89754523303482980000        2.97385200071586864000       -3.81631186139430234000        8.26490503512066432000       -1.87708771215446757000        0.07881273674754259000        1.42299184423695291000        1.65592976597653596000        2.11136017310018076000       -0.87582382349254062000        3.65979938475458066000        2.79762253237317138000        0.99104058803297779000        2.25637784887966264000       14.48064283396583996000       -4.08956402942284125000        0.85163256958099265000        6.31170046140762775000        1.66979826273811871000        5.85601715900577613000        4.45310935081433623000        4.37726486591133135000       -0.82095240080096421000       -0.91609404360411284000        1.70079843616039783000        4.34937551925962040000       -1.84012368738777776000        3.34196766264602596000       -0.98183555409317269000       -6.11237230923806685000       -6.02855399697784655000        0.44521547626257257000        1.68788154645982646000       -3.84685749800748100000        8.76644709539291966000       -2.24151426949570887000        1.78294005769971564000        1.65007139848492090000        1.56419013968686804000        1.71804056749448697000       -1.27837457951882860000        3.38967532143839634000        2.84327073184603485000        2.60939753345375047000        1.84346994199501579000       13.68017416068869352000       -2.11310465115002666000        0.05083137570988717000        9.19342751832457417000        0.70430145369005037000        6.08307994299147303000        4.72918627924338164000        5.45950470198748139000       -1.11685961728197203000       -0.26370827095954424000        0.37160306128169940000        3.97232354775844021000       -1.62196320901573698000        4.16052825968494044000       -1.05008450565529832000       -5.46792869692060091000       -6.09602480839501482000        1.75224182617522617000        0.29632523936357014000       -3.68829834605429641000        8.22163230220954056000       -2.23034833776623032000        4.02300015617509299000        1.47866985749210356000        1.44754972126265535000        0.60735019434968618000       -1.70117030966987404000        2.40962393893517568000        2.46787032091457936000        3.83755309303597336000        1.78951546947577689000       11.84610016219810191000       -0.49371771036799589000        0.23334388287897240000       11.65929204536750596000        0.20276817376146375000        7.22988856000300828000        4.61119253107647165000        5.95564466087463895000       -0.86608820438171563000        0.63235480571356073000       -1.55289413106397678000        4.13225417757826641000       -1.77119425044005974000        5.01266583514635045000       -0.83277311571270030000       -4.73179956891396181000       -5.68749873072015433000        2.78152449491277798000       -1.56341668511803800000       -3.49981444775014872000        7.88593479610125669000       -1.92547938018074771000        5.33171603069081357000        1.56017443673350154000        1.14942252144636314000        0.30936931614139901000       -2.11686760189527901000        2.69865853331480832000        2.17687684158013139000        4.64093560258378623000        1.68268868886605127000        9.39631664668756095000        0.92582520527643841000        0.45695491787789616000       12.43679520762889190000        0.44909581373815177000        8.07020057478065134000        4.26467125058596341000        6.73283475659990938000       -0.72654482040858626000        1.31514553992691785000       -3.12648790007981425000        4.01406486461856815000       -0.63876673583788424000        5.83841511951268988000       -0.50938830779251598000       -4.84481799999405105000       -4.50252939515909745000        2.61658064122838230000       -2.77416151001412370000       -3.40295125000436682000        6.54502152538926385000       -2.06166686231490681000        6.55065556704198393000        2.05354070443347236000        1.42029857286107597000        0.49495183561071632000       -2.39522644141775976000        0.30518013020714124000        1.23163210147238167000        4.80078501410860881000        1.80393268814490537000        9.65277533909386420000        1.42998892540430034000        1.54322422785652402000       11.79469033773066755000       -0.40552196315325612000        8.65119293379726706000        2.61982138692271960000        7.71516755052836611000       -1.02923908397028452000        0.89196547054340103000       -4.39864460811132574000        2.25911250491741633000        1.39031015006659375000        6.26081738772643526000       -0.08695101246057112000       -4.80965894003969474000       -3.10096049042228028000        2.17187596910814795000       -2.72664857344193123000       -3.03482632263949137000        5.15283798190238596000       -1.71728033387636869000        9.28645711032510057000        2.46219470636953819000        1.52375562494572558000       -0.38854392059811804000       -2.74170448897077534000       -3.69317748333728524000       -0.03180152792654375000        4.25997707807979342000        1.56711945696023069000        8.30335533929012826000        1.96571067800971688000        2.37084736083182346000       11.02140309273427476000       -1.64240161682522468000        7.90485166878801415000        1.66083134460261039000        7.50388797539979180000       -1.89302490341056018000        0.32131571073029352000       -6.19805141958587758000        0.28178947912430213000        1.72988162649126864000        6.75168195235650526000       -0.01402867354590407000       -3.68085469099570917000       -1.82891717139775412000        1.73260562694185749000       -2.48705782949013665000       -2.71713540456800295000        3.65085897269190030000       -1.24152061555929838000       10.50997304022849121000        2.61005061685879136000        0.90499832279951109000        0.06077394525199517000       -1.73769806031489904000       -5.41576882176819741000       -1.04954217115900073000        3.65133108541077567000        0.82168256192969735000        4.31105158323651683000        2.70883115834954369000        2.83841691541223717000        9.70116954307705726000       -3.26958589425582469000        7.49156515127923672000        0.17342351808979600000        6.75817500060471943000       -2.25764813786948659000        0.12450294574401183000       -7.03207990808570926000       -1.67721470465900713000        2.63292650874696932000        5.77885562572182288000        0.16571136506481310000       -3.14492991448723780000       -1.13161930818801726000        2.33797657247719171000       -3.33449229966524285000       -2.38579824167072152000        1.71633399283786736000       -0.70067157533622448000       12.50325503195857024000        1.28836127558638802000        0.62644859366644323000       -1.61269221658007167000       -1.13022262827929221000       -7.05039700433320426000       -1.48250105112506492000        2.96416870905710628000        1.21615604278557399000        2.06221414742823494000        3.72245380008017612000        2.78091135310476423000        8.56599013147061683000       -3.62039348497467106000        6.74167039160408521000       -0.61662984479923955000        5.45984444196778629000       -1.77176282915410210000       -0.04053702978824054000       -7.20184111997616139000       -3.13623322063270171000        3.79721098080102593000        5.70950034969347087000        0.63136614592986773000       -2.34530071189465961000       -0.40713532601490432000        2.47232834604876528000       -2.92598482780572011000       -1.74459955424863034000        0.45145762534347383000        0.65074872663615513000       12.98621230284070016000        1.48747472231504507000        0.77434691348664231000       -2.58915668997100568000       -0.89229660128099841000       -7.75152719071055962000       -1.49238432824545075000        2.03580348620444118000        1.56927556454751893000       -0.58833540063616863000        4.50366733485088311000        2.64805296850111560000        7.87362752744594463000       -3.22430027725130497000        5.73860737730241599000       -0.59595002119258589000        3.65430592455005510000       -1.32296906257904556000       -0.07852610589254384000       -7.08314790528468485000       -3.81064801619004756000        3.90712275471825166000        5.62951267113006804000        0.78922018706639474000       -0.56001105972380782000        0.40159499530472637000        2.18673546174353506000       -2.15233136559749516000       -1.22321495162138350000       -0.37271533425004222000        2.03025331489096583000       11.62288503932160388000        1.92413730827809748000        0.49221961956643862000       -2.52478370416597109000       -0.63441476671779362000       -7.13302309685675962000       -1.39074770385207191000        1.33307097410867703000        1.96008408194775718000       -4.28393619728854347000        5.12909086875845865000        2.47077963489262187000        6.77967944485087415000       -3.23449215946722024000        4.91080573781424068000       -0.72169142297509359000        1.18332273788822517000       -1.36987786381206345000       -0.79558384451661390000       -5.94168304308055717000       -4.62230104959400201000        3.43671990023285856000        4.85898940490401010000        0.90091172557715904000        0.43651838329463871000        0.53963450424568193000        1.58978512530920213000       -1.50632419455440680000       -0.77999929563969672000       -0.64227407278523219000        2.76396067508354060000       10.29908603688923563000        2.60516842034392093000       -0.21193569021692343000       -0.81240863909947769000       -0.20291995308341762000       -5.98179062936598882000       -0.92870296757715476000        0.84857693392364786000        1.86509561964675052000       -6.44117307590048771000        6.31197619918998676000        0.92898728317063306000        5.36648579088090560000       -2.50871608847143168000        5.84365917322255601000       -0.84871405991481264000       -0.74953382499680299000       -1.15012356418355433000       -1.08466748732066698000       -4.89531240811713975000       -4.83822532160987340000        3.41935123693628462000        4.29929015479077314000        1.35132048274021188000        0.92725770321504708000        0.12471563274984722000        1.56871821069437090000       -2.49969133069754657000       -0.44405563610001630000       -0.28204107023394703000        2.19376245954137961000        9.62154181489690608000        2.41260918359641607000       -0.73436900902042812000        0.32491794658575607000        0.49478750665476878000       -4.28960409177132629000       -0.02082408793448530000        0.24273022369740863000        1.36824552582587144000       -6.29433435821746734000        7.16299642720488894000        0.06661104102592810000        3.80168666020602997000       -1.81151512189014219000        6.89044544955706062000       -0.29771090104130926000       -1.75947735617383438000       -0.58886054597072168000       -0.70379068582759841000       -3.14485249296528790000       -4.07912270844147074000        2.44121086268327980000        3.74754695659572512000        1.30669000062652252000        0.65978982116331908000       -0.40256765717619686000        1.95791368065687310000       -3.36929332865813036000        0.14369964703349869000        0.02601694039820366000        1.70508891533191753000        7.60335247531460290000        3.05786284861996460000       -0.89705733287390532000        2.21967846462734686000        0.70438335794982776000       -2.27248298623127809000        0.54126778606912207000       -0.46433594894268365000        0.95414483970580810000       -4.20802560026466921000        6.59558021536355366000       -0.55910537874132960000        3.75486761555891224000        0.52664051104768628000        7.63641437116003097000        0.74802847054692378000       -1.98732496894991462000        0.25249669497069110000        0.09022176630381380000       -1.65412562103376359000       -1.62659230012529465000        1.53516221408171072000        3.70959512966896598000        1.30824669616279299000        2.39969282012323459000       -0.55955245237949114000        1.41447450337936442000       -3.87211294005888940000        0.90936237231702910000        1.06559115529414439000        1.55638045011339621000        4.75043425306575973000        2.75336404065165841000       -0.69302804221032754000        2.80799569081052125000        0.78670306274535728000        0.45559678947220467000        1.30856160170774594000       -0.66583153438230447000        0.38340468690283741000       -3.70786210655909221000        5.68072683638934617000        0.10576948734929681000        3.95249072275792024000        2.26564812026284246000        6.66129986489590120000        1.15745884769238816000       -1.94540764005004152000        0.55598955201050870000       -0.24414782681530764000       -0.16681001318295413000       -0.11777730161483910000        1.62621784645921386000        3.07691243791225855000        1.59090462804862831000        4.45821603573914693000       -1.07771383365183371000        0.10181467633917372000       -2.84176061844364414000        1.34044193489959929000        1.92003583933076771000        1.21254096950509571000        3.81220177475534605000        1.19083019885167363000       -0.52819894647060661000        1.38772152108333358000        0.66916931833133442000        1.48412115382715304000        2.01307546966614392000       -0.20915072350030786000        0.18370830162092061000       -3.42503142671137883000        5.16510582235358573000        0.55614866317760014000        2.42645193558136629000        3.21185073391682074000        4.72299358372873446000        0.96311483545308851000       -1.90792468615770661000        0.39048918853140602000       -0.54015708735460777000        1.36414715675124842000        0.75063354734302323000        1.74969836679627910000        1.83725833406416528000        1.64286429991751892000        5.62751201273233637000       -1.38308944676144474000       -0.56683837138691140000       -1.36641674005494496000        1.74261154609127344000        2.63424023909169902000       -0.07672686970124801000        2.79144821098570572000       -1.20547892709380156000       -0.87333094976709125000       -1.57053295427789719000        0.84904783301722164000        1.49437982464795716000        2.14250785873419369000       -0.19242281036539019000       -0.57570899439465084000       -3.53749786599547322000        3.31990036061284055000        0.89142096008941785000        1.03364807676362136000        3.81096851941734815000        2.98207599330553297000        0.96563015973913513000       -1.67587390214095344000        0.80460907768294365000       -1.16900929778171192000        2.90406010934329117000        1.19345004000056365000        2.43577213192437680000        1.37840150798550987000        1.79063098563220668000        4.83637826823102479000       -1.56974782209948427000       -1.40988421432944344000        0.89153332683522390000        1.76261208092168520000        3.02701358499931450000       -0.63064326686917649000        2.15565346677315572000       -1.73491127687962332000       -0.26720971095821028000       -3.16234358360978263000        0.47745082748487983000        0.65643346070899689000        2.02674115467012017000       -0.11515742485106373000       -0.27844265498896115000       -0.22830191143229350000        1.55942578717048286000        0.87692814100432315000        0.90807498263602460000        4.06761553955807997000        2.33961048338944977000        1.96127033278660967000       -1.25694139646946135000        0.65279752751993125000       -1.97137398302729272000        4.08796759456330605000        2.21853925236835403000        2.73109063309654321000        0.90641476082102035000        1.76759247047584411000        4.19951502526443843000       -1.87944121711654355000       -2.26265468216363219000        2.73484615214121574000        1.63718599718315860000        3.49587455780517864000       -0.57522458503834950000        1.93318026027103707000       -2.04386908670458523000        0.98416353590589689000       -4.42446245598725696000        0.43383984420647315000       -0.06813605866017840000        1.93704450759350122000       -0.14231358074941000000        0.21588563618594583000        3.96493973932720722000        0.08272336953303369000        1.51686334385592780000