 7         8        30        48        56
        0.00    0
       1.000000       1.000000      59.102000      59.102000      59.102000      59.102000      59.102000      59.102000      58.604000      58.604000      58.604000      58.604000      58.604000      58.604000      58.604000      58.604000      58.604000      58.604000      58.604000      58.604000      58.604000      58.604000      58.604000      58.604000      58.604000      58.604000      58.604000      58.604000      58.604000      58.604000      59.102000      59.102000      59.102000      59.102000      59.102000      59.102000      59.102000      59.102000      59.102000      59.102000      59.102000      59.102000      59.102000      59.102000      59.102000      59.102000      59.102000      59.102000      59.102000      59.102000      59.102000      59.102000      59.102000      59.102000      59.102000      59.102000
      -1.000000      -1.000000       0.134000       0.134000       0.134000       0.134000       0.134000       0.134000       0.152000       0.153000       0.153000       0.153000       0.153000       0.153000       0.153000       0.153000       0.153000       0.153000       0.153000       0.153000       0.153000       0.153000       0.153000       0.153000       0.153000       0.153000       0.153000       0.153000       0.153000       0.153000       0.153000       0.153000       0.134000       0.134000       0.134000       0.134000       0.134000       0.134000       0.134000       0.134000       0.134000       0.134000       0.134000       0.153000       0.153000       0.153000       0.153000       0.153000       0.153000       0.153000       0.153000       0.153000       0.153000       0.153000       0.153000       0.153000
       -0.00600000000000000000
       -0.05200000000000000000
        0.07199999999999999000
       -0.13200000000000001000
        0.04000000000000000000
       -0.26600000000000001000
        0.33600000000000002000
       -0.38000000000000000000
        0.09600000000000000000
       -0.36399999999999999000
        0.35199999999999998000
        0.07000000000000001000
        0.32800000000000001000
       -0.16200000000000001000
       -0.26200000000000001000
        0.34999999999999998000
       -0.01200000000000000000
        0.24399999999999999000
        0.22400000000000000000
        0.34399999999999997000
       -0.26600000000000001000
        0.02800000000000000000
       -0.37400000000000000000
       -0.21800000000000000000
        0.35199999999999998000
       -0.06800000000000000000
       -0.35999999999999999000
        0.33800000000000002000
       -0.23200000000000001000
        0.25000000000000000000
       -0.16800000000000001000
       -0.04200000000000000000
       -0.20200000000000001000
       -0.07600000000000000000
       -0.17000000000000001000
        0.38000000000000000000
        0.14799999999999999000
        0.20999999999999999000
        0.05600000000000000000
        0.35799999999999998000
        0.47799999999999998000
       -0.02800000000000000000
       -0.17999999999999999000
       -0.33400000000000002000
       -0.33000000000000002000
        0.34799999999999998000
       -0.07199999999999999000
        0.29599999999999999000
       -0.04400000000000000000
       -0.23599999999999999000
       -0.27400000000000002000
       -0.00400000000000000000
       -0.07199999999999999000
       -0.27800000000000002000
       -0.20599999999999999000
       -0.04200000000000000000
        0.18800000000000000000
       -0.20200000000000001000
       -0.28999999999999998000
       -0.08200000000000000000
        0.25400000000000000000
       -0.03400000000000000000
        0.24199999999999999000
        0.29199999999999998000
       -0.17999999999999999000
       -0.34200000000000003000
       -0.24399999999999999000
        0.39400000000000002000
       -0.05000000000000000000
       -0.34599999999999997000
        0.36399999999999999000
        0.00800000000000000000
        0.38000000000000000000
       -0.21600000000000000000
       -0.21800000000000000000
        0.21800000000000000000
        0.13200000000000001000
        0.32400000000000001000
        0.38400000000000001000
        0.30599999999999999000
        0.41999999999999998000
        0.05000000000000000000
       -0.20399999999999999000
       -0.24199999999999999000
        0.20599999999999999000
        0.05800000000000000000
       -0.16000000000000000000
       -0.16200000000000001000
        0.11799999999999999000
       -0.04000000000000000000
       -0.46800000000000003000
        0.03000000000000000000
        0.36399999999999999000
        0.33800000000000002000
       -0.05200000000000000000
        0.08400000000000001000
        0.37400000000000000000
       -0.34399999999999997000
        0.23799999999999999000
        0.16200000000000001000
        0.26200000000000001000
        0.04400000000000000000
       -0.08000000000000000000
        0.14999999999999999000
       -0.12200000000000000000
       -0.22800000000000001000
        0.31200000000000000000
        0.16200000000000001000
        0.30199999999999999000
       -0.18200000000000000000
        0.11200000000000000000
       -0.00200000000000000000
        0.29399999999999998000
       -0.30800000000000000000
        0.06800000000000000000
        0.13400000000000001000
        0.14199999999999999000
        0.22200000000000000000
        0.35199999999999998000
       -0.14799999999999999000
        0.23400000000000001000
       -0.06400000000000000000
        0.33600000000000002000
        0.00000000000000000000
       -0.20200000000000001000
        0.09000000000000000000
        0.27400000000000002000
       -0.04000000000000000000
       -0.11600000000000001000
       -0.06000000000000000000
        0.09800000000000000000
        0.00000000000000000000
       -0.39800000000000002000
       -0.12800000000000000000
        0.03800000000000000000
       -0.33600000000000002000
        0.38200000000000001000
        0.06200000000000000000
        0.36599999999999999000
       -0.22400000000000000000
        0.35999999999999999000
        0.01200000000000000000
       -0.16400000000000001000
        0.03200000000000000000
        0.31400000000000000000
       -0.26200000000000001000
       -0.39400000000000002000
        0.06000000000000000000
        0.36599999999999999000
        0.07400000000000000000
        0.15600000000000000000
        0.07199999999999999000
       -0.24600000000000000000
       -0.14000000000000001000
        0.00200000000000000000
       -0.13600000000000001000
        0.36399999999999999000
        0.32600000000000001000
        0.32000000000000001000
        0.12400000000000000000
       -0.39200000000000002000
       -0.02800000000000000000
       -0.30800000000000000000
        0.29199999999999998000
        0.31800000000000000000
       -0.03200000000000000000
       -0.05400000000000000000
       -0.20399999999999999000
        0.30399999999999999000
       -0.17199999999999999000
        0.14199999999999999000
       -0.04800000000000000000
        0.10400000000000000000
        0.20799999999999999000
       -0.16600000000000001000
       -0.23400000000000001000
       -0.21400000000000000000
       -0.39400000000000002000
       -0.17000000000000001000
        0.14599999999999999000
        0.27800000000000002000
        0.05800000000000000000
        0.17199999999999999000
       -0.28399999999999997000
       -0.11000000000000000000
       -0.05800000000000000000
       -0.40000000000000002000
       -0.31200000000000000000
       -0.16400000000000001000
        0.20999999999999999000
        0.25000000000000000000
        0.06200000000000000000
        0.02800000000000000000
       -0.14599999999999999000
        0.31000000000000000000
       -0.13000000000000000000
        0.05600000000000000000
        0.07000000000000001000
        0.36199999999999999000
        0.03600000000000000000
       -0.28399999999999997000
       -0.09800000000000000000
        0.13600000000000001000
       -0.14000000000000001000
       -0.32200000000000001000
       -0.17399999999999999000
       -0.29799999999999999000
        0.39200000000000002000
        0.21400000000000000000
        0.32000000000000001000
       -0.28000000000000003000
        0.06600000000000000000
        0.17000000000000001000
       -0.30599999999999999000
       -0.28399999999999997000
       -0.26600000000000001000
        0.17599999999999999000
        0.21800000000000000000
       -0.28199999999999997000
       -0.09000000000000000000
       -0.12600000000000000000
        0.01600000000000000000
        0.23999999999999999000
        0.26800000000000002000
        0.07400000000000000000
        0.34000000000000002000
       -0.03000000000000000000
        0.04000000000000000000
        0.03000000000000000000
       -0.25600000000000001000
        0.27200000000000002000
       -0.06800000000000000000
       -0.17199999999999999000
       -0.30199999999999999000
       -0.17599999999999999000
        0.00000000000000000000
       -0.34599999999999997000
       -0.38400000000000001000
        0.07600000000000000000
        0.17399999999999999000
       -0.47399999999999998000
       -0.03400000000000000000
        0.08799999999999999000
        0.34999999999999998000
        0.17599999999999999000
       -0.20599999999999999000
        0.19200000000000000000
        0.22800000000000001000
        0.31200000000000000000
       -0.13600000000000001000
       -0.30599999999999999000
       -0.04400000000000000000
       -0.25000000000000000000
       -0.21600000000000000000
        0.18200000000000000000
        0.37200000000000000000
        0.29799999999999999000
       -0.38000000000000000000
       -0.07400000000000000000
       -0.23599999999999999000
        0.20599999999999999000
        0.03000000000000000000
       -0.14799999999999999000
       -0.31400000000000000000
        0.02000000000000000000
        0.16200000000000001000
       -0.21199999999999999000
       -0.03800000000000000000
       -0.21800000000000000000
       -0.15200000000000000000
        0.24600000000000000000
        0.01000000000000000000
       -0.26800000000000002000
       -0.39000000000000001000
       -0.17000000000000001000
        0.39800000000000002000
       -0.27600000000000002000
        0.24600000000000000000
       -0.35199999999999998000
        0.14199999999999999000
        0.12800000000000000000
        0.05600000000000000000
        0.32400000000000001000
        0.00400000000000000000
        0.09800000000000000000
       -0.38800000000000001000
       -0.02600000000000000000
        0.22200000000000000000
        0.08400000000000001000
        0.12400000000000000000
       -0.19400000000000001000
       -0.08200000000000000000
       -0.10000000000000001000
       -0.11000000000000000000
        0.22200000000000000000
       -0.22000000000000000000
        0.01600000000000000000
        0.02200000000000000000
        0.24399999999999999000
       -0.06400000000000000000
        1.50782782995925180000        0.64149138741626088000        0.45604155369233124000        0.44595155662757052000       -4.31301880651092695000       -1.05093529893780113000       -0.34325017516021256000       -0.38025373089257253000       -2.85786025961377943000        0.88424901542272383000       -0.77300276197604967000        1.26018079165968211000        1.10884791160409724000        6.72794844527989166000       -1.89938469027504420000       -1.69420002606320064000        3.68100630922145822000        0.66366230663183534000        0.68397766785236280000       -0.95784903922078157000        0.46616830616139399000       -3.09917873401139499000        0.64648981431078734000        2.97738904411134575000        6.60522589874951205000        0.92360354715562487000        4.48563344801888686000        7.01670412559994094000        7.68661369177237308000       -8.90820301191697084000        1.09192737090311720000        1.24631065928130469000        2.07344173413048294000        0.01510799776889076000       -0.04667462344812977000       -3.66376723210161881000        0.26003638858845141000        0.01034918030419216000       -1.30249334542988060000       -1.85068700699236088000        0.10978189766008481000       -1.19526559663763066000        1.70548634813898548000       -0.23957718542834994000        6.82848903245986794000       -1.63151616972978686000       -1.39947359241537028000        4.14891487487775201000        0.50129456365531899000        0.02499846352307688000       -1.84793284018706339000       -0.19905729585795912000       -3.38787633325962823000        1.06621643496460305000        2.95868691945377948000        4.42292640599430875000        1.47263664914280068000        1.17251810404589540000        7.14938992304267895000        9.45533842375399480000       -9.25529962622373681000        0.17723614570484367000       -0.50941359902795769000        2.19370587302416897000       -0.58758383617998633000       -0.39304796099606432000       -2.35741324704587418000        1.56393980981586567000       -0.04425532781633573000       -1.38571927689833840000       -0.96995651130655125000       -0.19320278546732977000       -1.42806117609937155000        1.40269110420625909000       -1.45477254697327441000        7.07393384188709273000       -1.85626563949758516000       -1.63781107115604896000        4.27838273181196183000        0.44528198968436344000       -0.82153948634684459000       -1.43823639717336693000       -0.77283936852178059000       -3.02572116945911596000        1.70057500084787350000        3.04379874063860312000        1.94395000670303020000        1.76600460053961594000       -0.71171495420621900000        5.96335034197776892000       10.90694042364111560000       -8.88946309545775293000       -0.53963270432482102000       -1.19032374842906963000        2.93859615693440679000       -1.64720140400535464000       -0.70303779636246355000       -1.18059083177564461000        2.12761005966466987000       -0.34453279857581720000       -2.18645683464811968000       -0.09708027571546290000       -0.67928046026300803000       -1.78983898994659318000        2.24783090672519359000       -5.24039432561310647000        7.20454179235646741000       -1.54655238401899653000       -1.32234293099077704000        4.00004784107003886000        0.60783026466602252000       -1.56363859579999565000       -1.70999727800908286000       -1.68010678048553630000       -2.19235453865422558000        1.92156681514891314000        2.54370813745684154000       -0.71175477599164916000        2.33223723293526497000       -2.98505371417416265000        4.69504155707195725000       12.76955687386208105000      -10.94702077915541416000       -1.56789213893888646000        0.45435146588038194000        2.85480421011081154000       -1.36874419483526388000       -0.06190719439161783000       -0.17325344032943871000        1.33541663391937693000       -0.38631112185663946000       -2.29815958430231371000        2.32710020669250728000       -0.78001715962641360000       -1.34605753201636102000        2.94028211457207034000       -7.59145465456788049000        7.38692869209705094000       -0.53126425622484130000       -0.99375571861944589000        3.78417967936401123000        0.91518720317085400000       -1.51453258919989531000       -2.40674723660600254000       -2.19507924351516026000       -1.75194213284660094000        2.18564254648913758000        1.88770269817118219000       -2.00906310851454561000        2.86655982426652312000       -4.81998211229563278000        4.47853151383253589000       14.86324961796873723000      -16.03047051874551340000       -3.99039633919937353000        1.87265436208847391000        4.68288733504789612000       -0.51845407103804297000        1.05185520141477884000        1.65711029612905802000        2.08144086430871944000        0.48629185790433416000       -3.46852004665113967000        4.91313535498338538000       -0.82562465514252281000       -0.75847166784509079000        2.70765708482487000000       -9.23827397632902247000        7.06524472233550416000        0.64411332716635938000       -1.15637233344529444000        3.89079259284899281000        0.62774516671502401000       -1.26695260083852279000       -2.43062986788376900000       -2.68344517178363651000       -1.61422871701126014000        2.19383551469446658000        0.42025649382892905000       -5.07806756014174976000        3.65304165651823309000       -7.81186974586250660000        2.81218758599083785000       16.46687922879042180000      -19.03634184134545390000       -6.30282974127195850000        3.65710203516988708000        6.37907113507189205000        0.11423039804633825000        1.65841960959785850000        2.74736733624833285000        2.20716930185438542000        0.92612741782348862000       -4.96969643528955984000        5.84394299052084598000       -1.08871219287175380000       -0.64659684380834359000        3.23979600151990743000      -11.01445469283730994000        6.13454584156146776000        1.03932045863440470000       -0.78767422172112578000        3.70353164167269711000        0.76537170287112022000       -1.21363341370514899000       -2.60341550530337340000       -2.72669483458977657000       -1.61006574669650360000        1.88679776618583661000       -1.07260553294229344000       -7.30199024467250624000        3.70502155204504335000      -10.14159905299421105000        1.95208974910344191000       16.34112618071086940000      -20.03136861179946140000       -7.07645279492928125000        4.49880150963238457000        6.59575847098917301000        0.55015757374416996000        1.57794990663673596000        3.69118604715357579000        1.47424675814915895000        0.57391218408587075000       -5.34171947365429745000        7.05069009367456268000       -1.18600675671633526000        0.59803132038415951000        3.32872318068238027000      -12.58405888782870896000        4.57261624470443895000        0.81778363748780114000       -0.69031851318201709000        2.64114608855861910000        0.62431474908269557000       -1.02487803112220366000       -2.10976351892455360000       -2.77312191638453864000       -1.11567360065031984000        1.04916947649834835000       -1.71523842081503686000       -7.39632570860619687000        3.45693834623351615000      -10.60104348177369360000        0.63518597910080654000       15.14147326344602007000      -21.13252908127947190000       -7.83137020914780546000        5.41890837867849040000        6.59142077791129744000        1.51749035519197606000        2.14033032568814585000        4.34152624084611283000        0.99022504863396932000        0.91572666711702277000       -5.42560386518156790000        8.09582162132580407000       -1.19540940214613478000        2.15495551551305198000        2.90185635774573658000      -12.34844935712538749000        2.84091906048758469000        0.29222016511168691000       -0.89999390731477591000        1.71417246582563254000        0.41587168433318761000       -0.48548403428264203000       -1.14770023205547145000       -2.68208320609038031000       -1.35865284671139031000       -0.07879832608009518000       -2.06525125128393050000       -6.73354444739625357000        3.24320365290596291000      -10.37983918357159396000       -0.39642475461425719000       13.60596845629280871000      -20.99792324653857990000       -8.50805466591398307000        6.05942543352506835000        6.65986985010302313000        1.77237078866122699000        2.43768368741804808000        4.29256355887927832000       -0.80811968952153934000        0.90218107965548655000       -5.76162573290053270000        8.03970061223846955000       -0.75425387951981171000        3.40268981826179440000        2.96354305014987718000      -13.11636712604523147000        1.00376621697489865000       -0.65793383797220717000       -1.01065174708365690000        0.12575870759832830000        0.47846296855219278000       -0.27969194353874205000       -0.37374307382646904000       -2.81416308046153585000       -0.80503286200921809000       -1.58222470359947565000       -1.99556378227478937000       -5.15618251686258322000        2.66496304727604949000       -8.66749920986061895000       -1.03761729595234375000       10.97071542588425608000      -19.45657490908353180000       -8.14672461998950048000        6.52805825515275195000        5.24615856413312542000        2.67499607900166270000        2.39918073614094185000        3.89639981236455180000       -1.55173274652475524000        0.52616198276115822000       -5.14009387797631323000        7.60806462770157399000       -0.49441971835028586000        5.09397143063667013000        2.80772179110798303000      -11.90293360508204756000       -1.18028862982522664000       -1.57555554029661793000       -0.91767198126147764000       -1.08690179195723746000        0.70435047631174152000       -0.21887172667850219000        1.10443773262421874000       -2.31025320601758510000       -0.76145828786622116000       -2.24250406123704948000       -1.60279598295553694000       -3.47039017752537537000        1.41661716635868151000       -6.86163690744504962000       -1.25013646944286805000        7.47514479025942258000      -17.22010495176512630000       -7.46063558691648776000        7.18502123082344024000        3.47369615682801180000        3.44872394028510465000        2.36661981813950684000        3.12263189214144576000       -2.84430638454857831000        0.20131462004551040000       -3.86141847770814950000        6.78381407211737208000        0.20335796790476146000        5.97223873553113815000        2.94723715627487737000      -10.87064197207429572000       -2.73095520225192212000       -2.01660171269000799000       -0.33705687100992965000       -2.33408265104363011000        1.30097099405499761000       -0.55811130143994159000        0.97207008810310369000       -1.92925865744431335000       -0.58587333146717213000       -2.46638821410209097000       -0.77670987814216852000       -1.57919946104268050000        0.56621965910315519000       -4.39596528040839285000       -0.92737081885326800000        4.69293066889251875000      -14.80809310022943848000       -6.37468886212533104000        7.19031039391078419000        2.71287218130365826000        4.01972505690562176000        2.47615223544265595000        2.40630197072252550000       -2.68355183003792552000        0.16189401909504181000       -2.88183232571719516000        6.09978564324226369000        0.52594323996882109000        6.91909527408055869000        3.45385415463798306000       -9.43092633907482814000       -4.58311215676350070000       -1.19868112274813310000        0.80644357396902189000       -3.28385144748299895000        2.58010213503355867000       -0.99344637582612372000       -1.30210560807788656000       -1.58723138913290862000       -0.95119333037161846000       -2.54463117636936920000       -0.94418400646024681000       -0.74818526066150026000        0.93051313107393352000       -2.43856323017250221000       -0.98540488242959090000        3.00297635044267031000      -10.21930232537673788000       -5.07149225536553328000        6.35135958267391310000        1.86105880708293325000        4.31892393262066498000        1.54242148828634451000        1.41392690083528461000       -2.72663543596403857000       -0.29500543047923777000       -2.19407571646278976000        5.60203159561466091000        0.84869539576028719000        7.20283449219334138000        3.83891456020942456000       -8.77515799486866932000       -5.45412458132971700000       -1.00764218885570189000        1.79656286112993002000       -4.43540105640162974000        3.11034523395621454000       -1.89246389736010734000       -2.33843941870511118000       -0.99117062412395274000       -0.75244217966721916000       -2.21800262441175944000       -0.37444368690050561000       -0.00811998373362504000        0.94615988329551104000       -0.41372319291189630000       -1.48388774154943182000        1.31898451267712913000       -7.98602082778416733000       -3.86857364480423538000        5.20584088568062420000        1.91387943505369917000        4.17147953793592485000        0.80423892463515845000        0.46107993303594508000       -2.21786965892210297000       -0.37760425797062941000       -1.83622714642714335000        3.64838513703506973000        1.40447552794804453000        7.15488961852935912000        3.33384055871160889000       -7.22321859692856094000       -5.95424982958584081000       -0.60195821268591199000        2.05937760644882051000       -4.74130071083869620000        2.75610530433148782000       -2.21330231204207584000       -2.60914824029834946000       -0.72638902125202931000       -0.67053764436855712000       -2.20453648198044760000        0.12296046669524756000        0.50977473558524034000        0.75918878319676830000        1.80148176364786661000       -1.52842718153099799000       -0.48048429957593169000       -4.02306135055408731000       -2.26215012567539064000        4.32234974745610234000        2.25225017745786493000        4.33260462955376724000        0.47853556618219178000       -0.53169708886609268000       -1.38433644323011285000       -0.22476533004318058000       -1.61593472497593127000        2.07242839180852068000        1.52376454443185261000        6.66952364213603577000        3.03563106825681039000       -5.19560718115813991000       -6.17971383229260685000       -0.23863274224862713000        2.24923612618629809000       -4.73135990012149055000        2.40658080638078298000       -2.13093325039765125000       -3.06361285208481160000       -0.46603844430922592000       -0.83471363387397401000       -2.38978890083151496000        0.14904608240448328000        1.16651743609158154000        0.36776625549766939000        3.51778831484651855000       -1.74319796199709764000       -2.38732656524057374000       -0.49267563165560513000       -0.71385615669072200000        1.02230772482712151000        1.25813061557865824000        2.95971536489637455000       -0.46433183646037085000       -1.07821177497571807000       -1.03084400025733158000       -0.91131322339405729000       -0.52835484315630421000       -0.03626317698481667000        1.88680010338359860000        4.87771192719541880000        2.41982858087879960000       -3.41596513299990256000       -4.95483896357739528000       -0.44378627238151869000        2.19030312075012468000       -4.99298529091247811000        2.47644582459560647000       -2.39365245741018251000       -3.13477129005930122000       -0.43029751617209427000       -0.32550724523385516000       -2.11691284755312426000        0.66188052857725632000        2.17855940641918266000       -0.20324573717504618000        6.73599362252948453000       -2.47794257184306543000       -3.90477851386324293000        4.16384773748101544000        1.18157950327117334000       -0.73284792042681168000        1.79808426775587393000        1.67021961833244714000       -0.19807209376836293000       -1.90637835752079288000       -0.30769505471678732000       -0.73786179882086300000       -0.33229071745340127000       -1.55853772926390199000        1.62487670935488104000        3.73128415207702480000        1.50273867296048391000       -1.35451304772209524000       -4.00950702384905799000       -0.01301608114436204000        1.89586233674581806000       -4.67250125175824582000        2.32958524417512614000       -1.58925429812532704000       -3.14358572762830724000       -0.56958918472500164000       -0.16101993176603502000       -1.98377084817697136000        0.24086388601044637000        2.94656475186229061000       -0.33437372574874930000        8.53044895755868815000       -2.41107252719676035000       -5.02801836574681094000        8.35057247152163562000        2.28647784980363733000       -2.03581299976818109000        1.20823249158031465000        0.85061994845582234000        0.29023705939857403000       -2.49691724475476917000        0.14251098851583005000       -0.52979599560847523000        0.49319944388662390000       -3.08404886973347958000        1.55867087485305134000        1.80026263004069165000        1.05842839848123083000        1.28815100723125697000       -2.16018475823437406000        1.06095361540820510000        1.63142203246493533000       -3.81791139167444449000        2.28546689751859189000       -0.98122901244293625000       -3.70301109061049472000       -0.38272888583587711000       -0.24021725465060495000       -1.72121207316756042000       -0.26830971945350379000        3.06745960313851640000       -0.20831565959885207000        9.96523572379895128000       -2.10815791710807199000       -5.04676631150376132000       10.26789960593664119000        2.98842734814642075000       -3.53098802714629567000        0.09762435308212901000       -0.36477031943389226000        0.33027114759032827000       -2.96546183454554590000       -0.25111153451992058000       -0.43604917356914719000        1.58724868035916655000       -4.71797750715045705000        1.50690061186898205000       -0.68918087278593465000        0.07219949303256834000        3.80720191219893955000       -0.48709747504126488000        0.91020843140478158000        1.10931376476895815000       -2.86865638464541073000        1.73335400806570927000       -0.20055869482537819000       -3.68607581289378361000        0.20049708620759754000        0.02657477500090382000       -1.78910829186830034000       -0.53945449193408446000        3.74996417292101381000       -0.33525421641251191000       11.14813525494091806000       -1.64699976772815004000       -5.81162589811522690000       13.50588581602942817000        4.64047877903595296000       -6.12484421074175156000       -0.04581708992721429000       -1.83684921379665611000       -0.13404197309620500000       -2.43115306870030112000        0.30057599879304053000       -0.53560781686313097000        1.98319649227745032000       -5.05910701208876912000        1.15525236445471435000       -3.37826050770357922000       -0.27158689682599430000        4.90400725284264194000        1.19351756887422100000        0.80131135710725798000        0.68985011322738865000       -1.71524478716108764000        1.07283101064597419000        0.49635639915751772000       -4.09729153772465082000        0.44678857795589860000        0.49084298889514238000       -2.35315008899988509000       -1.57311472344833025000        3.12229797845040968000       -0.32622263522551281000       11.31146032170312132000       -3.13562550174109766000       -5.98190062469844097000       15.53290854285787681000        5.67790848098263368000       -7.15348603914559611000       -0.63712767745798493000       -2.66907436887076788000       -0.37732059280870484000       -2.28662120129557644000       -0.05817893749073435000       -0.64993898701374797000        2.34896085970674839000       -3.43899432530849092000        0.30921663259434679000       -4.79688628120618254000       -0.32671990244189419000        5.26144927358030667000        1.89550040784404361000        0.35407069464008961000        0.63615606645874756000       -1.28952130253784691000        0.65311157034010037000        1.15435564982900929000       -4.37497651710796553000        0.75830319972385052000        1.09373869039945881000       -2.55728679713145635000       -1.99660010706191637000        3.41989707065820525000       -0.16318704044395610000       10.07103943301809501000       -3.73798392303857296000       -5.93796305766295784000       14.92361241132483940000        5.63463629867526095000       -7.61284532072798381000       -1.15613805602382436000       -3.29428214269265807000       -0.95484660291594803000       -2.71649611945673541000       -0.17853334258656478000       -0.55997280728654031000        2.52753699328942982000       -1.93366791916852576000       -0.41723952758093558000       -6.31824044123015316000       -0.36728736078470692000        6.04261342687677772000        3.00155655035508184000       -0.07564290361590280000        0.51549864648038879000       -0.81221376870580864000        0.00409685732364601000        1.16928986560406423000       -4.17619681474300730000        1.05732330206964242000        1.34764872346706377000       -2.02819251454734317000       -1.81788092610508478000        2.89474734786541221000       -0.57057376342566157000        7.83134684435765127000       -3.17887896598580788000       -5.90366489158545793000       14.09071784007400119000        5.18532972606387599000       -7.61798178309576279000       -2.23170157705335903000       -3.34061384051720989000       -1.48052504741605095000       -2.24288517185140357000       -0.12401125072323160000       -0.52881336381471156000        3.02819154491634457000       -0.43746516329929608000       -0.74302413244631904000       -8.04614895576361633000       -0.21765418635532910000        7.02523824462290314000        4.07739636083318402000       -0.42145401157496931000        0.53416933696245839000       -0.08312092305928932000       -0.24151298523247355000        0.58279209687883937000       -4.21758306462023391000        1.30500029669172846000        1.20819190815315491000       -1.46399264830940257000       -1.48990825544393801000        1.57009184658416867000       -0.91353344588396468000        5.04075086401650729000       -2.78480084681074969000       -4.98219969132733986000       12.85248349754940023000        4.49525810914390878000       -7.05977425301510930000       -2.49269236750103262000       -3.75798889055818952000       -1.74225597612847372000       -2.00066279259361846000       -0.68318661020189353000       -0.54037998408204735000        2.91182383084061502000        0.88656028281604038000       -1.26457498010956892000       -9.12722861854888734000        0.33733888547045687000        6.49319508514484323000        4.55540948211275154000       -0.95624147736508924000        0.70181320617757281000        0.13316509602453716000       -0.15372155254749059000        0.14520114320195648000       -4.50925561857613122000        1.05942056629441028000        1.17812696559482877000       -1.33350851226016975000       -1.35779356020954789000        0.86983119816719368000       -1.14561639949567584000        2.69111240558829623000       -2.04740425771747470000       -3.92730613032601772000       11.48170235872524714000        3.64597181977380824000       -6.37992442249573077000       -2.63310055373370888000       -4.26322569819439678000       -2.27502882661645023000       -1.09463041566638153000       -1.72084536054569814000       -1.02029120181000077000        2.42273293051158145000        2.35082713263812115000       -1.72124978955431196000      -10.43470009213918281000        1.52466943299982605000        4.71247912556556603000        5.31314927530947756000       -1.94747655412639120000        1.22835118231904339000        0.68912461075893650000        0.10780330369673630000       -0.25572384838033024000       -5.18052678157945845000        0.72558502226511368000        1.02351290854604216000       -1.74751700110039043000       -1.20055328046420051000        0.76830810826507734000       -1.22077677528522699000        1.13149518528362059000       -1.94804720458303682000       -1.49590641222899179000        7.82154573173490064000        2.57265024622687033000       -5.42871786413365154000       -1.88649765456889496000       -3.49711742800702785000       -1.96761790386309054000        0.54678632733535160000       -2.56406543120101116000       -1.03520507488868541000        1.39326445169934554000        5.63384455858085964000       -2.07897774192336238000      -10.47764473012532172000        2.78794721022845726000        3.40486236582686752000        5.92244576819139823000       -2.14017775549835054000        1.57799138743210055000        1.67440884715314109000        0.51947013619370985000       -0.24758367373798237000       -6.33387878192170195000        0.26858411036332008000        0.98156926574048586000       -2.36013434433224401000       -1.41995484129735350000        0.21180670273714505000       -0.25174419124905928000       -0.81180146832850786000       -3.00486839316323007000        2.25031480687494811000        1.37421235828143762000        0.10406495631208494000       -3.41647984824975870000       -1.38643258225456467000       -3.13086013481615444000       -1.13411459771937029000        1.51335484617810789000       -3.09613141510616030000       -0.91198965587724867000        0.40162438199920375000        7.38985167653725572000       -2.29421265866253155000       -9.27725726063839673000        3.98606745205771240000        1.13715092541727869000        5.42198710226577685000       -1.80745738105718989000        1.88390359976042876000        2.49218655439327064000        1.09141923559549769000       -0.16713665646530873000       -6.32689493687998539000       -0.17699892423550181000        0.88663405306021392000       -2.41382661977776669000       -1.59375132338866043000       -0.43096002910298220000        0.61259790744236642000       -2.50863637256386429000       -2.45805726296596472000        5.50868795984466608000       -4.44842997148978814000       -2.11429399186312716000       -1.54732941439974758000       -0.17648296112933035000       -2.44015098200644598000       -0.61100865613391908000        2.78063991729664473000       -2.30962089087331579000       -0.41413748522513671000       -0.83168104850649771000        9.20655789180945305000       -2.29757642918384919000       -7.96007561980406475000        5.22461567738591892000       -1.29554188394700587000        4.57395206015661149000       -0.72864525794073998000        2.31709151868598040000        3.03302529584780345000        1.45179845276350905000       -0.87936544788778448000       -7.10552924837633970000       -0.68400524428243081000        0.16924027344728854000       -2.40418179236775043000       -2.02594110248150194000       -2.72633904174888908000        1.84293015556328199000       -5.12412407693052518000       -2.44678548789301376000        9.12906567254379020000       -9.52395725387510694000       -4.49179700026109252000        1.73377594302157600000        1.56035947943461295000       -1.94754139939998483000        0.56097020319077728000        2.80902562926043009000       -2.10918098863437287000        0.14729188831319284000       -2.22946521414786236000        9.68189214135808385000       -1.98492568442810247000       -5.81796429761383216000        6.08470085846269804000       -3.74773779243035055000        3.40722882582567443000        0.05291190312881893000        2.73758682945552678000        3.69036527462308239000        1.81880497554963183000       -0.89646238207398687000       -7.73518121033324668000       -1.12586149839416261000       -0.96909299355351120000       -2.71751684975334484000       -2.57149643235946979000       -3.24122237414602310000        2.72839504715451220000       -5.42346299266096210000       -0.90262347719104252000       12.45311774266133753000      -13.72849589106305679000       -6.16645385169977534000        3.74435829832992528000        1.76419117450947982000       -1.31294366569061993000        1.42764081310715318000        3.23107273279107998000       -2.19501143670319854000        0.68697540511130584000       -2.52502001893876882000        9.81345782354041596000       -1.12381637877901341000       -4.36281339514498256000        6.27144165673228660000       -5.31778599640880145000        2.09330390465959182000        0.05007496484931664000        2.89433464548079744000        3.98634823889924217000        1.80880478544154788000       -1.08612775764606284000       -7.64670291291952875000       -1.24056742349905647000       -1.43760003569901906000       -2.66281395282869227000       -2.62783774936568193000       -4.01781148818961142000        2.76606534929132142000       -5.39947770720494358000       -0.21869220722483659000       13.68652270328871801000      -15.19514138288715799000       -6.70121157889123786000        5.09813796565441546000        1.70639759882949282000       -0.69918568684051408000        2.66351251945337619000        3.69039574629350664000       -2.94563995157223957000        1.26623534897436474000       -2.71195475593147073000        9.89647779489031798000        0.00068703861906270000       -2.64922988473914911000        6.02646160970169653000       -6.44226031267816435000        0.91106984383942147000       -0.90648775915674762000        2.53838010157904659000        3.94207063530395008000        2.06122460709924749000       -0.72949552704668319000       -6.89645266176014360000       -1.39683891265461035000       -1.75055055633270062000       -3.11574096207455087000       -2.56257903072053139000       -3.38981272572685066000        2.79482525849064034000       -4.05229640433880345000        0.18845609093699472000       14.41441800928669714000      -15.46670549623646629000       -6.77974084738854721000        6.40057071610121042000        1.02512795853038696000       -0.24982858681131748000        4.23369286918376719000        4.15783550381412148000       -3.66261865465147807000        1.54529403823254485000       -2.32435633790116514000        9.61809111741634482000        0.86690001357410673000       -0.41566990805585458000        5.19206632936877721000       -7.44633836619120082000       -0.72547253518507748000       -1.32461295794694345000        2.02198121007508380000        3.53587661043843449000        2.33960845082650026000       -0.00621425125683397000       -5.55054489789043615000       -1.34529567191467425000       -1.84158543698225952000       -3.62398537419542066000       -2.75366229314951605000       -2.10063810388921324000        3.18452063334334357000       -1.96929509633834821000        0.25800699370190150000       14.76095259900226786000      -15.94018441182441137000       -6.80636716995979452000        5.81878980775629984000        0.91538098283453395000       -0.13149125649702764000        5.45656538424189375000        5.02891387539486523000       -3.86415334692946066000        2.04489387902698283000       -2.53484373263624230000        9.08470488378735652000        1.73786050938518422000        1.31496876023632758000        4.43993240299836067000       -8.01336926783977255000       -2.22140123246436971000       -1.82630714606048961000        1.48018218827961601000        3.45442369062083854000        2.47236530031366852000        0.88903065212222832000       -3.53946641010612373000       -1.36519238322601977000       -1.40060281640936979000       -4.54489612767060880000       -3.12357129725579430000       -1.41284549434136042000        3.68684692727304464000        0.32214880306649069000       -1.12864584153067238000       14.15903186461046381000      -15.37491297140684843000       -6.49910641443725545000        5.80282652843898461000        1.21612195963437841000        0.14169398168013717000        6.87032784143724573000        5.24186670176062819000       -3.75174819082440170000        2.81157041409571162000       -2.79236049638368700000        7.73400402824224908000        2.45909207474425751000        3.39597807629883475000        3.19297369758901528000       -8.10168154567257481000       -3.92614206487895201000       -1.81018081164880540000        0.55638316373804120000        2.82569336125405490000        2.34983134682253958000        1.83000129856501781000       -0.88741530758449827000       -1.30219592479180379000       -1.12690144709111872000       -5.31773650356033034000       -3.30756590018276153000       -0.33096382692229359000        4.23471657635281940000        2.42382395381812632000       -1.89655864629586723000       12.49046719749952317000      -14.12266663126534816000       -5.96499045277264806000        5.76674527762326505000        0.94598867638754014000        0.68639580908914688000        6.87873209139832564000        4.53113683797690037000       -4.23546264868199440000        2.97997706370919557000       -2.70013035332160989000        6.41392202973385128000        3.45056364378566061000        4.30137915541460547000        2.22654369776083660000       -8.57006019165883970000       -4.42567123628772840000       -2.29421001985208983000        0.25195783627353047000        1.85616409642291336000        2.13268267489228514000        1.76368596411884182000        1.02012119710653182000       -0.72441944188894181000       -0.30415589816998073000       -4.69987277017552252000       -2.46046652388984466000        0.64674184135651902000        4.26970689179580898000        4.14701097493015425000       -1.99506587763804433000       10.69701482793940528000      -13.58332811667522577000       -4.59573761530934366000        6.70149188735481793000        1.81045972885685291000        1.37677882146915942000        6.86361979776467912000        3.58728534480654604000       -4.09642345882381687000        3.17172610006802991000       -3.28673040882431700000        4.93138304685636797000        3.57092807937345036000        4.81820476604511150000        2.36646216240862906000       -9.76212880040153053000       -4.89496865416483296000       -2.19408314927971615000        0.52344793116342025000        0.97118256515153090000        2.11905972700595147000        1.72780638969149369000        1.36308818196117043000       -0.35638458146203328000       -0.16884988948847132000       -4.16162964925114931000       -2.11995348095115288000        1.18135094666581120000        4.46186753138184145000        4.61443694350167100000       -2.19937539814449812000        9.25878908672066103000      -13.49503574920165683000       -3.25872066201948396000        6.50221266982450441000        2.17472211846965102000        1.30242829340171307000        6.23908292434022638000        2.46888425162897507000       -3.18034846084871559000        2.96893470331668663000       -3.17816100818484681000        2.73235718140251871000        3.53291702182775591000        4.76587502056914403000        2.06442268411245644000      -11.26700524690121874000       -5.61012426795722963000       -2.15760527024262982000        0.86168208149479575000       -0.26989544693262024000        1.97404761258057038000        1.14217745338427723000        1.54564983521913835000       -0.06069536193197162000        0.22972574926473266000       -3.03414914827602722000       -1.81615598774572629000        0.96389488253650490000        4.14770896266411970000        4.96379290520200378000       -2.52521283416217424000        7.01694376909723072000      -10.37944068134097364000       -0.94466508382772285000        5.06450593655493186000        1.88255973392299158000        0.85886632940891827000        5.54489447036658323000        1.44105384905239453000       -2.52863221476422995000        2.57486001454944446000       -2.56783456850053282000        0.70697283212548523000        3.41126889676592837000        3.84957481598236440000        1.56757474220270998000      -11.54243284357857213000       -4.99893839176017973000       -1.71364984265055775000        0.97689454376565166000       -1.63741592757587173000        1.84367754953584018000        0.72410070872594379000        1.78103914369776528000        0.11570483754327984000        0.82481216242099054000       -1.75664465434408257000       -1.31273279649139241000        1.19018322580013880000        3.83345230830591266000        6.05462282450772182000       -3.30541756822324428000        4.73508540295246227000       -7.83454067405197740000        0.81945896724805434000        4.14668341890850289000        2.14061514649437878000        1.17189593941683690000        4.50739968519158740000        0.23579209581322019000       -2.68396703144243443000        2.06444188880497226000       -2.48037974767899172000       -1.00274535175373991000        3.45230966907338299000        2.56925631491876549000        1.45935994772707134000      -10.21289856472215973000       -2.95795706199395170000       -0.76502407312273135000        0.78076865254584737000       -2.55187049382039532000        1.89587663834870690000        0.06381621191033236000        1.42033115273280242000        0.28172062202336573000        1.23229446986292035000       -0.59098168528117601000       -0.52532495818956926000        1.44388223442249086000        3.68405791913899261000        6.49432036092345122000       -3.10363724553141340000        3.38344765731695807000       -7.20332599408055341000        1.68507631464521368000        3.11168274502262498000        3.29295340262592306000        1.06310588591642952000        3.34761741613418895000       -1.17098444792584488000       -2.58665042067248185000        1.55172738984427050000       -2.93036700957626195000       -2.22352946368829008000        3.00346816277188511000        1.58568651805969774000        1.40794997712552994000       -8.55098113998313458000       -1.07767645058952555000       -0.20222315519028020000        0.45465969025548686000       -3.15022737145023468000        1.82617022719346012000       -0.31643567714278503000        0.75631971140417997000        0.26019772732675617000        1.10353307250618893000       -0.03195560503829650000       -0.22316041336247289000        1.93036798260674458000        3.18239120951691090000        6.89481735182635980000       -2.57228713704189982000        2.07022685085953029000       -5.65527255725312017000        2.17864080751604261000        2.01964271955893526000        3.17226969857911456000        0.43595579774457915000        2.55965304386515236000       -2.85597946786517110000       -2.90018622852305352000        1.01032924745528829000       -2.45582544410035730000       -3.51379508281221087000        2.50026272472327271000        0.54199262605772347000        0.81370467185051198000       -6.54828138880662447000        1.04877809688436763000        0.03780297486594809000       -0.07472641282058884000       -3.79377387649121900000        1.69855446825618861000       -0.26324008729869119000        0.56510592492557765000        0.31888813286172996000        1.04031368980041328000        0.85420030259015578000        0.33516439579442775000        3.28396915536415968000        2.55530450311798463000        7.76997687496183342000       -1.24544253860095711000        0.78976823983476585000       -3.71892556474879488000        2.76369656804084318000        1.55560304923403114000        3.68495079523925106000        1.25619436715860666000        2.58950682668132170000       -3.69819575524954969000       -3.40897876934959898000        1.09702866481752448000       -2.76059958052651577000       -3.29448496926569012000        2.16420815161506130000        0.19343023612411461000        0.39866370820468927000       -3.00347428001606209000        3.20322409243527195000       -0.06934612829924415000       -0.97788329820456132000       -3.23173695313697840000        1.52018056525145284000        0.50504016716938294000        0.99486634841116350000        0.50221337982358150000        0.69138689435336209000        0.86029090381744966000        0.89009074973293767000        5.02530374987272221000        2.20148403130181469000        8.32134355144589755000       -0.55585717478711039000        0.27403378094419600000       -4.55517544733262625000        2.22915858249179788000        2.86799871302785814000        4.54641882414829723000        1.92864203769644194000        2.52250968714814361000       -4.54207824763627865000       -3.52503185048371348000        0.84813016148927345000       -3.24681638198797984000       -3.87244655500651058000        1.30657446718606995000        0.66618365313439687000       -0.17486385066149454000        0.47322899841688865000        3.87199630285863794000        0.45063216590205940000       -1.32017309328675170000       -1.89065407991622969000        1.35695649454145273000        1.67659378391578429000        1.24318922922297070000        1.12443468221910448000       -0.14888669655157619000        0.81796886034573202000        0.87520581589976842000        7.04178150580536233000        2.07878216000713545000        7.97379609271184808000        1.59236511687564564000       -0.09476134244288111000       -5.07337915347014334000        1.95079572678497026000        1.96851474981970931000        3.88405631443277688000        2.85642439115194779000        1.89363560726552915000       -4.53656419632268371000       -3.25025789459107362000        0.80158061585774143000       -2.70276810086093144000       -3.04974022465869821000        1.11585843823880326000        0.77934634585434315000       -0.36573740749758044000        4.19013976166110158000        4.22198864978183330000        0.03018434190835730000       -1.46541805611515130000        0.04116873385128193000        1.08727666925190047000        2.33675488377832696000        0.82855480711429275000        1.95789471026431583000       -0.61934171930922655000        0.34761572037026067000        1.02188557112067002000        7.80751319659986986000        2.04082419843660645000        7.63950760849648081000        1.94492485891490730000       -0.44107896879073016000       -4.71293070327616626000        2.16651839356842890000        1.25756410564487187000        4.18986001990366308000        2.57927307105120196000        1.40205617971370144000       -4.55114214345952117000       -3.52929962693515886000        0.68889810839182697000       -2.79334897099524948000       -2.58248202286211459000        0.85086977618819171000        0.08507698308476758000       -0.56241649846466180000        6.07548344950305896000        4.52595991907986495000       -0.12237168449053946000       -1.15711020447170476000        1.55854737385049047000        0.82769846427226790000        2.84379466106443823000       -0.02667577809958757000        2.10428984042767198000       -0.32477911924579927000       -0.28430740737478599000        0.69052425004657414000        8.06038186015163127000        1.85461293881785250000        7.34584234176317796000        2.20754718854862109000       -0.72097513110474298000       -3.50383887473903322000        2.46150856024579845000       -0.32709135465448330000        3.33267117961013160000        1.83985368762185852000        0.93254900684111930000       -4.32156537671727481000       -3.07809355920321570000        0.43902991547960424000       -2.27603991043108866000       -2.25328076322618243000        0.70684836767181247000       -0.19432274686523004000       -0.90740739208268717000        7.08018378317720742000        5.34836128710415348000       -0.51211472613306275000       -1.77172818107291752000        2.41734597338107582000        0.80107884103684757000        2.50233737056604122000        0.68995882252803697000        1.96865620200776514000       -0.53099374223115692000       -0.59062584466716084000        1.02630894377090409000        7.80435352070844779000        1.87015227401860140000        7.04790714825432207000        2.76838158558377945000        0.48454440066244964000       -3.48313683113948391000        1.92189293385836812000        1.97902271922338957000        4.34678683856919879000        1.39344797590851499000        0.34598431821603737000       -5.83752525763296504000       -3.99461262061476940000        0.31607921132425237000       -3.14815978368763405000       -3.02121594281540196000        0.39207639115767312000       -0.48223657341842358000       -0.59367081495211926000        6.42191513693272231000        5.24458663326885688000       -0.99967618608343922000       -1.15969260378067895000        3.21614654673470035000        0.62788236645727258000        2.00910829311103800000        0.50929291181161085000        1.98529067872702547000       -0.81366753137049364000       -0.50846695312297074000        1.84601385592961509000        8.54029361657649844000        1.37453585197942951000        6.00406985861149956000        6.06791658013762003000        0.95365743220378452000       -4.26337143302273436000        2.20161874611139208000