 5         8        29        48        56
        0.00    0
       1.000000       1.000000      58.719000      58.719000      58.719000      58.719000      58.719000      58.719000      58.604000      58.604000      58.604000      58.604000      58.604000      58.604000      58.604000      58.604000      58.604000      58.604000      58.604000      58.604000      58.604000      58.604000      58.604000      58.604000      58.604000      58.604000      58.604000      58.604000      58.604000      58.604000      59.102000      59.102000      59.102000      59.102000      59.102000      59.102000      59.102000      59.102000      59.102000      59.102000      59.102000      59.102000      59.102000      59.102000      59.102000      59.102000      59.102000      59.102000      58.719000      58.719000      58.719000      58.719000      58.604000      58.604000      59.102000      59.102000
      -1.000000      -1.000000       0.152000       0.203000       0.207000       0.233000       0.233000       0.153000       0.152000       0.153000       0.153000       0.153000       0.153000       0.153000       0.153000       0.153000       0.153000       0.153000       0.153000       0.153000       0.153000       0.153000       0.153000       0.153000       0.153000       0.153000       0.153000       0.153000       0.153000       0.153000       0.153000       0.153000       0.134000       0.134000       0.134000       0.134000       0.134000       0.134000       0.134000       0.134000       0.134000       0.134000       0.134000       0.153000       0.153000       0.153000       0.153000       0.207000       0.207000       0.207000       0.207000       0.207000       0.207000       0.207000       0.207000       0.207000
        0.18800000000000000000
        0.08000000000000000000
        0.11600000000000001000
        0.35199999999999998000
       -0.29399999999999998000
       -0.13000000000000000000
       -0.32600000000000001000
       -0.06600000000000000000
       -0.01400000000000000000
        0.17999999999999999000
       -0.27600000000000002000
       -0.07000000000000001000
        0.39400000000000002000
        0.27200000000000002000
       -0.20200000000000001000
       -0.00400000000000000000
        0.21199999999999999000
       -0.00800000000000000000
       -0.11000000000000000000
        0.39600000000000002000
        0.48799999999999999000
        0.06800000000000000000
       -0.12200000000000000000
       -0.39200000000000002000
        0.09000000000000000000
       -0.36199999999999999000
        0.08200000000000000000
        0.11000000000000000000
       -0.16000000000000000000
       -0.30199999999999999000
        0.06600000000000000000
       -0.00800000000000000000
        0.13000000000000000000
       -0.10400000000000000000
        0.13800000000000001000
       -0.37600000000000000000
       -0.31000000000000000000
        0.21600000000000000000
       -0.17599999999999999000
       -0.25400000000000000000
        0.33400000000000002000
       -0.08000000000000000000
       -0.21800000000000000000
        0.02400000000000000000
        0.18200000000000000000
        0.23200000000000001000
        0.36599999999999999000
        0.20999999999999999000
       -0.14000000000000001000
        0.13800000000000001000
       -0.12600000000000000000
        0.01800000000000000000
        0.39600000000000002000
       -0.21600000000000000000
        0.27600000000000002000
        0.00000000000000000000
        0.38000000000000000000
        0.36399999999999999000
       -0.37600000000000000000
        0.02600000000000000000
       -0.45000000000000001000
        0.07600000000000000000
       -0.02200000000000000000
        0.34799999999999998000
        0.31200000000000000000
        0.00200000000000000000
       -0.33600000000000002000
       -0.16400000000000001000
       -0.10600000000000000000
        0.03600000000000000000
        0.47599999999999998000
       -0.01200000000000000000
       -0.07600000000000000000
       -0.12000000000000000000
       -0.12200000000000000000
       -0.10400000000000000000
       -0.29999999999999999000
        0.28000000000000003000
       -0.21600000000000000000
        0.30399999999999999000
       -0.13200000000000001000
       -0.02800000000000000000
       -0.08400000000000001000
        0.16800000000000001000
        0.30599999999999999000
        0.12800000000000000000
        0.22400000000000000000
       -0.14000000000000001000
        0.16800000000000001000
       -0.28000000000000003000
       -0.39400000000000002000
        0.04400000000000000000
        0.06000000000000000000
       -0.39800000000000002000
        0.09200000000000000000
        0.25800000000000001000
       -0.12400000000000000000
        0.06200000000000000000
       -0.31000000000000000000
       -0.12400000000000000000
        0.31200000000000000000
        0.01800000000000000000
        0.17599999999999999000
       -0.19600000000000001000
       -0.09000000000000000000
        0.22000000000000000000
       -0.39200000000000002000
       -0.27400000000000002000
       -0.00800000000000000000
        0.34200000000000003000
       -0.03600000000000000000
       -0.05400000000000000000
        0.12800000000000000000
        0.21400000000000000000
       -0.08200000000000000000
        0.05800000000000000000
        0.17999999999999999000
        0.30599999999999999000
        0.23799999999999999000
       -0.35599999999999998000
        0.03800000000000000000
        0.02600000000000000000
        0.18200000000000000000
       -0.33800000000000002000
       -0.32400000000000001000
        0.36399999999999999000
       -0.20200000000000001000
        0.21199999999999999000
       -0.32800000000000001000
       -0.19600000000000001000
        0.47199999999999998000
        0.01000000000000000000
       -0.25200000000000000000
        0.39800000000000002000
        0.20000000000000001000
       -0.23599999999999999000
        0.03600000000000000000
        0.06200000000000000000
       -0.33000000000000002000
        0.11600000000000001000
       -0.04400000000000000000
        0.01200000000000000000
       -0.18800000000000000000
       -0.23400000000000001000
       -0.36199999999999999000
        0.00800000000000000000
       -0.15400000000000000000
       -0.24800000000000000000
       -0.05800000000000000000
        0.23799999999999999000
       -0.26600000000000001000
        0.05600000000000000000
        0.21199999999999999000
       -0.15200000000000000000
       -0.20200000000000001000
        0.18400000000000000000
       -0.27600000000000002000
        0.28399999999999997000
        0.26000000000000001000
       -0.07400000000000000000
       -0.23999999999999999000
        0.01800000000000000000
        0.24800000000000000000
       -0.35399999999999998000
       -0.35799999999999998000
        0.37000000000000000000
       -0.39200000000000002000
       -0.09200000000000000000
       -0.22600000000000001000
        0.28000000000000003000
        0.40799999999999997000
        0.06800000000000000000
        0.39000000000000001000
        0.36199999999999999000
       -0.05000000000000000000
       -0.22600000000000001000
       -0.03200000000000000000
        0.06800000000000000000
       -0.39600000000000002000
       -0.13000000000000000000
        0.21800000000000000000
       -0.01400000000000000000
       -0.29199999999999998000
       -0.32200000000000001000
       -0.18200000000000000000
        0.36599999999999999000
       -0.02400000000000000000
       -0.33400000000000002000
        0.10800000000000000000
       -0.02800000000000000000
       -0.49600000000000000000
       -0.01600000000000000000
       -0.34399999999999997000
       -0.37200000000000000000
        0.18600000000000000000
        0.20799999999999999000
        0.25000000000000000000
        0.27400000000000002000
       -0.28199999999999997000
       -0.08000000000000000000
       -0.16800000000000001000
        0.01400000000000000000
       -0.19800000000000001000
       -0.36399999999999999000
       -0.10199999999999999000
        0.33200000000000002000
        0.39600000000000002000
        0.15200000000000000000
        0.31600000000000000000
       -0.09200000000000000000
       -0.17799999999999999000
        0.00800000000000000000
       -0.27200000000000002000
        0.37200000000000000000
       -0.19800000000000001000
       -0.29999999999999999000
        0.01800000000000000000
       -0.19600000000000001000
        0.12400000000000000000
        0.23999999999999999000
        0.23799999999999999000
       -0.06600000000000000000
        0.11799999999999999000
       -0.00600000000000000000
        0.24800000000000000000
       -0.06400000000000000000
        0.23799999999999999000
       -0.13200000000000001000
        0.15200000000000000000
       -0.28999999999999998000
        0.01400000000000000000
       -0.02400000000000000000
       -0.09200000000000000000
        0.09400000000000000000
       -0.11400000000000000000
        0.23599999999999999000
       -0.21400000000000000000
        0.33400000000000002000
       -0.28000000000000003000
       -0.34799999999999998000
       -0.06200000000000000000
        0.03800000000000000000
       -0.36399999999999999000
       -0.30199999999999999000
       -0.28799999999999998000
        0.16800000000000001000
       -0.37200000000000000000
       -0.00400000000000000000
        0.04200000000000000000
        0.21600000000000000000
        0.01000000000000000000
        0.06200000000000000000
        0.39800000000000002000
       -0.37600000000000000000
        0.25800000000000001000
       -0.14599999999999999000
        0.28000000000000003000
        0.38000000000000000000
       -0.38600000000000001000
       -0.23000000000000001000
        0.23400000000000001000
       -0.00400000000000000000
       -0.27400000000000002000
        0.36799999999999999000
       -0.03800000000000000000
        0.19800000000000001000
        0.33000000000000002000
        0.32400000000000001000
        0.00800000000000000000
       -0.34200000000000003000
       -0.18200000000000000000
        0.05800000000000000000
       -0.20200000000000001000
        0.14599999999999999000
        0.33000000000000002000
       -0.29199999999999998000
        0.29999999999999999000
       -0.29999999999999999000
        0.11200000000000000000
       -0.11400000000000000000
        0.47999999999999998000
        0.09000000000000000000
       -0.23799999999999999000
       -0.14399999999999999000
       -0.18400000000000000000
        0.16400000000000001000
        0.23599999999999999000
        0.08799999999999999000
        0.11400000000000000000
       -0.14599999999999999000
        5.05664292124028858000       -1.59391386941604019000       -1.93512107171582226000        2.47870221699927828000        0.89435392945179382000        2.29962779711974852000        4.03126415045104469000        3.69759883044214766000        4.17251640627803777000        2.50865243884842481000       -1.99026315833755008000        5.81714850076019729000        0.39984029648612923000       -0.81886898294217292000        4.17376167225028638000       -2.85100405882025454000       -0.36515069324905508000       -0.67766870284628555000        1.30488669058204843000        1.39446554747096108000        0.03364949244130812000       -1.13660320646775492000       -3.64840209475665977000       -5.84896605502261213000       -1.79252284443385057000       -0.34230519435664608000       -0.81952665483324838000       -1.13094166581007283000        2.75096446968986852000        1.20258128967436284000        5.45020105885537376000       -2.68681937729782927000       -1.74174244500373732000        1.08141745332593087000        0.55963247117574355000        2.44389590744658447000        3.54556372727094660000        4.70283534346108034000        3.97544077905052484000        2.89140336377251339000       -2.20089857236704756000        5.65604575463719250000        1.16465063080270226000       -1.48582219398974003000        4.05450560115649328000       -2.22313198743070695000       -1.10192114867514923000       -0.53146365526224237000        1.28664378719992278000        1.58654788234578192000       -0.25291274751512349000       -1.80510853148499062000       -6.08074544261704286000       -5.99077463286252332000       -3.41363595660627261000       -0.92498262763351757000       -1.07984205660830890000        0.65065911962394729000        2.28096391869363391000        1.70118836198578660000        4.79795705737671962000       -3.16316553616310747000       -0.98228125895282847000       -0.01555387963492266000        0.36368038644096040000        2.26235904094265639000        2.81344584579500445000        6.24798768917491287000        5.05764574010940571000        3.44710708193233017000       -1.97490360171738755000        5.83683296341129410000        1.36180837964918822000       -0.93942523982656134000        4.83588387954713728000       -0.34470727559692704000       -1.00918848507626779000       -0.57269571251084139000        1.79334441037770231000        1.16876542394329830000       -0.63703503465638078000       -1.97764454588199912000       -8.76167484478726166000       -5.77722961768924392000       -5.80175067489063245000       -1.09099508052024596000       -1.13701153045631376000        2.60741220906418913000        1.78174235205090237000        1.79376379718581536000        3.99259397381071723000       -2.75394605570840989000       -0.43079987744199022000       -0.28384628598788281000        0.26730405597126350000        2.15451973569370603000        1.17502628235301709000        6.84972884838840823000        5.39696737269818438000        3.73028176107749188000       -2.15169252268822531000        4.99775972571349136000        0.72667682334430850000       -1.28059040626716825000        4.47316528075164577000        0.54974843420877861000       -0.95663471616616236000       -0.96254885655929379000        2.84136269389303076000        0.43084896285127788000       -0.88631738432950524000       -1.99952842662444885000      -10.62091565267266269000       -4.28765407214713967000       -7.14465966387758122000       -1.34706415604453955000       -0.95882562637996716000        3.91421871430743762000        0.15547704942639903000        2.27426644306429715000        2.60747370191922068000       -2.21732384451760423000        0.71005587302464535000       -0.67388977065660982000       -0.05147222893671698000        1.56414129553544834000        0.29540588819896729000        7.74684953858683834000        7.03696726187012800000        3.90085993801514785000       -2.00824155738327237000        4.31023953499533707000        0.62464698219884252000       -0.03694712530861190000        4.22138598144761179000        2.08834959590446445000       -1.20463487610056430000       -0.98344428050105515000        4.24291443401681079000       -0.67470631495386557000       -1.00328474979715421000       -1.48885569674383444000      -12.48477642486742845000       -3.90995204991116152000       -8.66062615317446394000       -0.94139360587200160000       -1.11637449256696297000        3.74758199505380052000       -0.14690513530594765000        1.28808364875020986000        1.58377012481143664000       -1.72358985084974647000        1.60746655176135600000       -0.82540017372241070000       -0.05034675007932441000        1.36925070653753189000       -1.39378167789432639000        8.93143465004499504000        8.55889556565708531000        3.77125420341360273000       -1.23671158319761720000        4.72254655284225322000        0.92481762937628564000       -0.25783682411348086000        4.05897703982320301000        2.34376607396216308000       -1.09180864671193278000       -1.25517477037868352000        4.53146246251453544000       -1.53494523591825205000       -1.33282719624074852000       -1.98190962155438721000      -15.04834752847364498000       -3.05220363492547575000       -9.25865680809453728000       -1.32895589366576372000       -0.92404197167650493000        5.58456575165079183000       -1.61727098934240776000        1.12349250648050880000        0.29808441919313533000       -1.42447922063762977000        2.01806566190837922000       -1.28105874756615723000       -0.04695362634191686000        0.83133380739997365000       -2.91354774786628346000        9.36207910769726048000        8.67041031152830399000        3.15631476214766060000       -0.09183413732068779000        4.62102042113686462000        1.67173830648617372000        0.58512336814480703000        3.23441983774664266000        3.77009912705752503000       -0.60975348552380604000       -1.17832329233622080000        4.84360625853438620000       -2.20547936906502651000       -1.34375594179495383000       -1.65488062025245108000      -16.08600040073583060000       -2.24786859130317351000       -9.15706729911709338000       -0.84904984117575300000       -0.43315487287431026000        8.34399604470968548000       -3.17195305493602175000        0.90709831266951690000       -0.57758277158939786000       -0.80267685393054189000        2.20826290762298205000       -1.50220098824843173000        0.04172367230205173000        0.36295504273865370000       -5.01678681771583079000        8.88613808888670142000        8.30126098787400757000        2.26277225182303265000        1.17299889888545650000        3.22034699811819714000        1.76858200444296498000        1.01374808268104211000        1.56587320723858414000        5.07754667390234626000        0.02097362658469148000       -1.05595168310655119000        4.91841174624432931000       -2.58884413124712154000       -1.02260019556036963000       -0.88559505412996853000      -15.88126957382176663000       -0.38296904801395476000       -8.11528954287791571000       -0.25874178248157764000        0.17912309210701532000       10.65450518931379520000       -5.14028172239641457000        0.94678574204998145000       -0.52810936377228257000       -0.71785667186359148000        2.51880804378325429000       -1.16964598831726785000        0.10494897570599414000       -0.01168736390718866000       -6.16002202405147425000        8.36777476018917454000        8.44061388644885824000        1.82208258637698273000        2.44745534421817634000        3.29154566575668639000        1.91023072979471498000        1.76740467078603758000        0.97510502867538584000        5.05946937699781785000       -0.15613197484522348000       -0.82612588563691636000        5.19048005017629777000       -2.64928758718611679000       -0.52300321717141318000       -1.22043404380276055000      -16.40251525573760110000       -0.39237380678163247000       -7.55268455484493373000        0.00599519857922974000        0.61715524971169444000       11.15058071822197938000       -6.41385477768622003000        0.18861805395995693000       -1.47580203159695889000       -0.36557286720351745000        2.65517938014474986000       -1.05481061651944752000        0.10227878137619251000       -0.90321578133433367000       -6.36744813953606847000        7.43839007114600026000        7.82909047482882414000        1.04313636051213998000        3.27230531912023181000        3.53848302647110513000        2.03391930134512489000        3.04896239722428408000        0.47812409353908741000        5.64755629770507994000       -0.39538480694001188000       -0.73514424713893889000        6.10505949408623128000       -2.82055382250107822000       -0.59287189130748108000       -1.63205288700813500000      -17.41590308093478970000       -0.48244036614185093000       -7.27891073153014112000        0.96994276669231816000        0.86835113479136183000       11.23692080386802772000       -6.95381830742103713000       -0.36299192886930914000       -1.20096063562637245000        0.16328620148004866000        3.02989876087277832000       -0.85219927250348393000       -0.27541785178701877000       -1.29507984564262091000       -6.45543173117660096000        6.21185312339679463000        7.22499512086063778000        0.83055680114461483000        3.88306319644027198000        2.58255493939058978000        1.83730586747321589000        4.09913822550649787000        0.03944812007935205000        6.07216280484578075000       -0.52241445684780108000       -0.56793930524048708000        5.98302688646638448000       -2.65299028526647662000       -0.14329191580977593000       -1.94148315972524421000      -16.28137762247839860000       -0.85537941823210595000       -6.31910561679288474000        1.43160812517091984000        1.68995316640162829000       10.78741153549691312000       -6.69337890811206027000       -1.12174469319778880000       -1.03326423414808399000        0.44041183641147791000        3.19022306617415730000       -0.31490317420619401000       -0.16333899512227540000       -1.54787842802758080000       -6.28725612671578293000        5.34454482188204238000        7.41451513075276747000        0.47479875631714930000        4.31026947756032097000        2.63225494939082028000        1.72881096060838391000        4.53532044274817903000       -0.05900099148907121000        5.17577940008784587000        0.22590607353978884000       -0.72086350011355593000        4.83835809803906791000       -2.43351065760388474000       -0.06247090446014014000       -1.70885502599939687000      -13.94435332605464240000       -1.42039654817821193000       -4.19462901763649398000        1.92467767667288348000        2.51550299394557220000        9.40063562520218810000       -6.68355959006871014000       -1.67767811129102262000       -0.23582866746556005000        0.31759694261335342000        2.88990857313139227000        0.35965914290677242000        0.08068922500392071000       -1.35839123656935579000       -5.75526375931241674000        3.99459744804362105000        7.30826907290165018000        0.17249459463957750000        4.42999495879017502000        2.72678913523663358000        1.76158784759676745000        5.12340419961670079000        0.63220900455285434000        4.44422992138811512000       -0.09553086219865291000       -0.47419633203417100000        4.36911794982219526000       -1.59558957739564011000        0.16268070040593541000       -1.70567396281271888000      -11.17940272805468282000       -2.40950628419344026000       -2.66080760773285663000        1.86069014503735564000        2.70212110906671565000        6.89904929874945871000       -6.56690353621126821000       -2.30061371481163990000        1.49819144775873170000        0.61152713945612736000        2.85820421264139934000        1.16768190833411412000        0.07659738510018461000       -0.95493147133021972000       -4.70404784031578860000        2.54283111615478630000        6.86760739262254383000        0.20624445099027475000        3.92073890018014870000        2.00330753246904170000        1.26467812770472454000        4.52356235014167751000        0.72008453879570988000        2.26493955796313173000       -0.45077306854543608000       -0.45469142063420159000        3.05972328264267901000       -0.62710992084724060000        0.59677849450237486000       -2.17680918129325374000       -7.64404676956920426000       -3.27381233635178148000       -0.47694606712153947000        1.42544441285601819000        2.99294538612767447000        3.60206851746205459000       -5.36528590696071905000       -2.92538388331894561000        3.21259904884155123000       -0.01025105627602712000        2.79518835137408050000        1.65759356523532375000        0.30284688416749866000       -0.34761622328236214000       -3.51783591428783904000        1.27060566191390700000        6.65844752461489531000        0.28952259386573886000        3.71488135668363650000        1.97229766814635998000        0.81457394394701321000        4.05011094985546105000        1.64338977314842127000       -0.06305847635705630000       -0.70481199688057405000       -0.31011799491293479000        1.00381236896201331000        0.42386515533107660000        1.06880692796102106000       -2.57223735569710943000       -4.09190314638453856000       -4.20764736111128190000        1.15347983308070434000        0.69437659836289145000        2.80261270883495861000       -0.04898623730763454000       -3.85803338670652130000       -3.83253942537369197000        4.19889259961474970000       -1.18708705391807179000        2.15329820231101543000        2.06128783115539971000        0.64848856626094453000        0.05490464450218329000       -2.12221166318191168000       -1.03470866793368477000        5.02949801509983807000        0.25992568388157034000        2.94680086837299760000        0.95175702014578600000        0.44117613891904001000        4.31825911501549609000        2.63328789458188073000       -0.54578675806944088000       -0.88879670826637547000        0.03281245163627251000       -0.45943606777801421000        1.59135456722851676000        1.25286464762374328000       -2.69391200146446952000       -0.73578687592804248000       -5.33709431759846442000        1.42584523364465765000       -0.07442413250381788000        2.56036475191012425000       -3.45461454099117438000       -1.80500134920630062000       -4.28792650798093700000        5.22370323559272709000       -1.61204446200803253000        1.35814606706255203000        3.01563149224557714000        0.90940792426655392000        0.39793905407927582000       -0.96692326820489993000       -3.28586254748348772000        3.61907355775018980000        0.41463081299640142000        1.39885355071105333000       -0.65704277000410993000        0.25707811798956587000        2.94438002356201833000        3.07243706413030537000       -2.07451549197080487000       -1.63317712744469956000       -0.31102910096522862000       -1.85762012439895896000        2.43448550239463524000        1.14506795532172534000       -3.39046326499152606000        0.98207723885663012000       -6.17540340977466951000        1.65440932422973641000       -1.11216273963096235000        2.41268959719127274000       -6.60488152494380021000       -0.07816624706525245000       -3.58373163103811665000        6.24676745626652608000       -2.14294226849489355000        1.19718670723432097000        3.23256495206748751000        0.96396624317766488000        0.66616491280629264000        0.83019368808923610000       -4.65157784371142480000        2.93552683087826916000        0.60667710798509966000       -0.05928720808992425000       -2.03872675031087880000        0.13900530933405714000        1.95993458859730341000        3.61320417167947472000       -3.74966918986384723000       -2.63761325840172445000       -0.19855192951583339000       -3.41681275979224264000        3.17932940383219620000        1.33075913548105906000       -3.92522933255140050000        2.91024216758421028000       -7.05842400157542027000        1.41577313233510416000       -2.19060122517776845000        1.39945818622926388000      -10.72059326324097839000        2.93929711667635463000       -4.08076451526599904000        6.72504564742230393000       -2.38092314890180123000        1.28546591491532780000        3.10259515044760059000        0.97261340928184170000        0.53649211493661941000        3.09554993223191444000       -4.52127028415476495000        3.16507310204168224000        1.28596442744381956000       -1.36099150998129126000       -1.96893937661424911000        0.58722811211704984000        1.74449650379745780000        4.41920202614657853000       -4.46713293875133122000       -3.67975787338085425000       -0.17468262325728234000       -4.02909571715338544000        3.59766978272181559000        1.14760757347411446000       -4.03576014871054234000        3.60019188694461567000       -8.50291213047366945000        0.52772348488671261000       -2.53487581098933612000        0.05212907928256442000      -13.76354253262937100000        6.03855382579110778000       -4.60179387345602020000        7.03744410760238814000       -2.39627033466968697000        1.35484674193200028000        3.08856329053956635000        0.81468581693080078000        0.38841415208494340000        4.42280121356081324000       -3.95050669403416199000        3.71110319566888514000        2.24175209517766083000       -1.88650120248600062000       -1.21310703365704109000        1.24232693204111055000        0.97700488509900851000        4.79756190649407355000       -5.11754532054089584000       -3.83933409998113806000       -0.07516387006942292000       -4.93612619743911285000        3.66741708425294455000        1.22745238119786748000       -4.31778099477556410000        2.47791631105197885000       -9.72691992799186522000        0.16738085653376944000       -2.73634381401095084000       -0.34362355481768575000      -13.74855038978024879000        7.70723087406099960000       -3.92517719807155974000        6.79366340395944412000       -2.07466550779719405000        1.21259523742417641000        3.53438586906439767000        0.95574355535513156000        0.23572070876104925000        5.38732401221950941000       -2.51180190463857000000        5.04530411636694964000        3.19764834692868138000       -2.15561483123003539000        0.66717550482367893000        1.73797711420718115000       -0.30053513276827043000        5.69619484787584263000       -6.32770291734123802000       -4.13465175243423921000       -0.16695780241296015000       -5.14183506810643731000        3.43352218275785681000        1.11007952904376395000       -4.39348636633975698000        0.88507451186807617000      -10.52484878363045517000       -0.36298222004703773000       -2.90228822353565086000       -1.02698704709523492000      -13.62391950200502322000        8.41519442876221646000       -3.10343281302377871000        6.07985297599624275000       -1.56815269401859170000        1.20465755358493265000        3.11571105423271089000        0.96485712703005655000       -0.19590042394706714000        6.30348492452702391000       -0.32116625346074035000        6.73802611593136636000        4.38826120140801912000       -2.51019209295325796000        2.87964139261961849000        2.73501357167515691000       -1.65370197333628099000        6.83338155029219951000       -7.16432307219362841000       -5.21864108700856466000       -0.38836230462296772000       -4.87365813830310657000        2.71075526830421820000        0.69056409317944623000       -4.38977216238481738000       -2.00121668763610394000      -11.16323454951712257000       -1.24609111649394322000       -2.41953892937333404000       -1.95993801669399215000      -12.77125583170929701000        8.41986684505790883000       -1.91942236217445394000        4.79346956416494763000       -1.80793943290426573000        0.70529502870613991000        2.76924816206800495000        1.21170784682440003000       -0.50692871217590607000        5.83517910406955931000        1.14667271442126428000        7.47484853116946102000        5.06414672584385794000       -2.56285668461762883000        4.50596463239658274000        3.12484302267580283000       -3.11992479751681318000        7.88516524588001833000       -6.80010410642244612000       -5.24495222394779326000       -0.47226941626457414000       -4.67551014999615422000        2.12136596752770235000        0.06209944981115689000       -4.53833895705370605000       -5.96028354599270838000      -10.85115485952278824000       -2.76319824117500801000       -2.13951684756999816000       -2.14848391159011154000       -9.92308873777169964000        6.87639536542848884000        0.29029780237521829000        3.62403024730666168000       -2.43179160671019101000       -0.04843960900634527000        1.77237325908772236000        1.66081171582548670000       -0.26981370632808938000        5.41074019178326360000        3.20491763181336298000        8.46518816677919084000        5.14499948844554034000       -2.65565490299268303000        6.27274406622325742000        4.08033809983765750000       -4.51438817374472823000        9.43076394620333858000       -6.62196598076483411000       -5.97699240354912220000       -0.62388709883202431000       -4.35024894593133027000        1.75789955154724997000       -0.96841903723459832000       -3.94141544622136486000       -7.59969508742307642000      -10.25529595635640767000       -3.84541963080879601000       -1.91734081993897498000       -3.09080189526050697000       -8.20361963377935055000        5.02520562411806004000        1.65693760810843482000        3.35032015369307823000       -2.27298788886279191000       -0.26356290834544222000        1.51884287877809676000        1.65908629680785502000       -0.02582514640078407000        5.04592735177225471000        5.21341935827894432000       10.10433948110873104000        5.48270721082217793000       -2.73442086055077782000        7.39261221713512828000        4.20316699990459330000       -5.72270477202164329000       10.06613361175566190000       -6.52306372706689963000       -6.41293755756775763000       -0.72535896866715888000       -3.11366188199472882000        1.24718538951868996000       -1.20736789967788760000       -3.33229803331232510000       -9.57569468259839596000       -9.74438639167735232000       -4.56241131483480444000       -1.22061520696324477000       -3.38591138084344845000       -6.73706756719552136000        3.20276759003483447000        2.83707693163376451000        3.24362402584355447000       -2.25097751863467588000       -0.05033574725070911000        1.36197859724912762000        1.51747824360153083000        0.26204505107395826000        4.67808480533922033000        6.72862315192779192000       11.11929187470108005000        5.47867300640344546000       -2.61736101295689139000        7.37178946860601325000        3.64287094329073202000       -6.04400066135215575000       10.31369133144997363000       -5.50409684223252871000       -6.06588959038602749000       -0.65630468485263316000       -1.72800870936957662000        0.61612637064455467000       -1.06230904431518836000       -3.10103249690824123000      -11.76993144177390072000       -8.96587716474569518000       -6.17500409663040450000       -0.63071407234006716000       -3.24617401612423473000       -5.09183704063426124000        2.48356680903411986000        3.09714537134283940000        3.02411553540709788000       -2.20279348251285212000        0.52342204086856281000        1.21620050118477763000        1.41338376962430767000        0.72249141117280624000        3.59722238234255220000        8.54551387596429635000       12.36872026910357469000        5.51167574887221168000       -1.82926969257902328000        8.05610809504451098000        2.59820510768911728000       -6.07480520087881004000       10.63408228659207921000       -4.40391101292097353000       -4.70866001830579250000       -0.45765869160686418000       -0.72457868892930932000       -0.08264320130668751000       -0.78571843301858468000       -2.73293228350610518000      -13.04185740197052823000       -7.76640323505154395000       -7.19332516444347192000       -0.33153216893862092000       -2.70196926725527042000       -2.56828786828795019000        1.10334287912484164000        3.04659828307926439000        3.51768619453866860000       -1.66297754110996832000        0.67577614931843366000        1.14812068088633223000        1.40824496792964182000        1.41500320362501575000        1.97013621489280744000        9.79822699033083566000       13.55629160287413981000        5.33506122745588751000       -0.86494214766415567000        8.56785809965692202000        1.87863847262930861000       -6.72089076754289305000       10.33798148876504008000       -3.66202892035641803000       -4.65686602045346110000       -0.30195294786607996000        0.79647472607478875000       -0.37620152118146516000       -0.34507512151244135000       -2.23821895177688113000      -14.35988022692293953000       -5.64795778312548880000       -7.26032954011897225000        0.07804432588523622000       -2.86399751407191339000        0.04481245619070307000       -1.38262456741967066000        3.71336952265498166000        3.16974639652865608000       -1.40942619717070272000        0.66077227488905943000        1.07010368113384313000        1.55080183239058078000        2.08319102290705604000        0.54442284888833004000       11.12697881020682189000       14.90491705008430934000        4.85230488880806554000       -0.20304726319547473000        8.59647818807353303000        1.98578336714767789000       -6.34078773226939507000       10.49164227879607125000       -1.96919422484698958000       -4.25473775226664053000       -0.26770613604792831000        2.29407307694790585000       -1.02639265014161274000       -0.25496351427393676000       -0.95057274982889772000      -14.55067885285530238000       -4.35048536133076880000       -7.54074520086697575000        0.63533045390515752000       -2.54675231796171664000        2.07868295064796005000       -3.77352259504183118000        3.86085529212752965000        2.78285374608116953000       -0.60901049204675861000        1.42159153483052214000        0.46712056803368224000        1.31495034462603000000        2.35866997543972046000       -0.17257312248452297000       12.01131094527808685000       15.63762827018811663000        4.66963539389714022000        0.34317316264134745000        7.97245632071833032000        2.17387897232602967000       -4.41237491270659987000        9.80031670411025679000        0.88699476459039850000       -3.70144463237988219000        0.13584827882214753000        3.76604726058743200000       -1.75696060612446781000        0.16567016518156880000        0.23212109687331878000      -13.77284421498881350000       -3.50866861964016241000       -7.30886300494476693000        1.25442472575408637000       -2.19959588755275348000        3.92995423536197608000       -5.03031058230382921000        3.25360944536272045000        1.40438694888937521000        0.38701253058772378000        2.09549477904861137000       -0.12536638356683519000        1.22459092507526712000        2.44892399162696073000       -0.99075800628609212000       12.19922679038473845000       15.89808196793957862000        4.42974627126862597000        0.99851148677165946000        7.84839669679495078000        2.20255365908465883000       -2.51693560568138919000        9.58696931847203970000        3.25968827750607559000       -3.55825446425206326000       -0.05149692082023893000        5.07623691260700571000       -2.83838508259291178000        0.00293382588087596000        1.11943479240491861000      -13.35500183293224374000       -2.18343350287343663000       -7.18882573254785928000        1.72989671109140120000       -2.24097187918201834000        5.28878865666051912000       -6.38179160610215757000        2.89250904333459902000        0.28309623569937298000        0.84842173648261654000        2.75047715158889661000       -0.47446986820709408000        0.80608848359286012000        2.52598196046423684000       -2.23511403848486756000       12.13408326813168969000       15.96169950104469137000        4.11994773977549311000        1.77155406251387926000        7.04889391354458628000        2.39703768404648843000       -0.62971576634895710000        8.89020693421085895000        4.98083010017937333000       -2.97513948358497871000       -0.01925348062538088000        5.41205007854670317000       -3.77239159417004721000        0.05518430971069938000        1.33018863886668459000      -12.86107021155694419000       -1.70758213270900039000       -6.90755060987981828000        1.55838258598544521000       -1.40143267119046500000        6.42919352804580857000       -7.46437706295486603000        1.95679631971032775000       -0.52832452629214444000        0.78976621711459505000        3.10544235180329986000       -0.79770635392998301000        0.58294767304804873000        2.56114260047202569000       -3.46652551896973726000       10.99860296953188588000       15.15563396886039271000        3.65792247530223591000        2.45444154660727687000        5.71464776754562287000        2.42145051917338083000        1.25643432355681850000        8.21890362154979037000        6.91891780656215261000       -1.94447503566753288000        0.13889867573134659000        5.16724134427897219000       -4.27751796071307488000        0.21509275300910094000        1.24893379056261233000      -12.64835873665829347000       -1.21334493325785187000       -6.81528026016031152000        1.28973699769117101000       -0.28810284581306217000        7.71322433291841492000       -8.31728093439588534000        1.52012629244428288000       -2.05225502318278741000        0.75969473420002775000        2.89077755669167091000       -1.22456064935364584000        0.57529867927958167000        2.14809814771867291000       -3.59327927536249403000        9.51022374585470764000       13.13337362594521451000        2.63608491395266009000        1.95785406608407375000        3.90283244174413735000        2.96602461772119685000        3.58052740919224677000        7.28030814191815168000        9.20684511616874879000       -1.37749833539669564000        0.37163316837108801000        5.74644891194400387000       -4.85036092296263988000        0.12754179816433109000        1.44047515754433020000      -11.55105596309229910000       -1.13520844887219563000       -6.88102542081785540000        1.48825389274155984000        0.20571993998313282000        8.00381681861916405000       -8.47213723758654247000        0.93307828889116295000       -3.24407416337550503000        1.10875729187356931000        2.56110920514673790000       -1.90698243747881713000        0.82553124889167684000        2.03214785330072800000       -4.08106162993853339000        8.35414561059709726000       11.63184526328183921000        2.07017275332621908000        2.03454088697628732000        3.09429385160969472000        3.82849067793733155000        4.79376913235331070000        7.17588768478406802000       10.82130705712000385000       -1.67219418757697480000        0.03903631763301978000        5.49033981369298729000       -5.21214101433515964000       -0.26665926231876186000        1.65977327098339211000      -10.56327965237134592000       -0.04278385959211897000       -6.38590967262918952000        1.47821291691668000000        0.14591292194631553000        9.08507897304336787000       -9.38321057868956032000        1.36766865861410714000       -4.18070865617713228000        2.00618387986658986000        2.60626328233982862000       -2.01423287997693778000        0.82986847274414710000        1.62545045217769202000       -4.89278219250127844000        6.04771905317738145000        9.52909851774137451000        1.99830987681018923000        2.03564837079379268000        1.41041153538221642000        3.75598819552658814000        5.10935020058774114000        6.36595941207089311000       11.57689347958463699000       -2.02808461689045405000       -0.24169547623234044000        4.38957846750811509000       -5.60274657649048802000       -0.25872314229817783000        0.55935515239186662000      -10.64389159216315584000        1.39423561631029536000       -5.77192395866652852000        0.55854841824454027000        0.24681755187475846000       10.24101806103048418000       -9.58159363590478108000        2.25647837320144928000       -4.69533884009341751000        2.28493782692555891000        2.72081838263872733000       -1.82390433665732354000        0.77729832849255076000        0.86370803469815316000       -4.66222703347912937000        3.16895710884720261000        6.21181896874639428000        1.63656550496722697000        2.02544775434638513000        0.16795278547218984000        3.64236574699050930000        6.87898442507695318000        4.73026282497674000000       12.26865963401319526000       -1.06829218601541043000        0.18329373746221300000        3.51527945695231603000       -5.65610199931349467000        0.45611745619664157000       -0.52774763724439488000       -9.60728353241937327000        1.19654208555323760000       -4.86495091246787759000       -0.03497612344895837000        0.83415127419787460000       10.93271553146402830000       -8.56059264464435366000        1.94601070892582184000       -4.66499981128160091000        2.73771173275386603000        2.77572933810303546000       -1.71957372370061634000        0.50816929794095267000        0.18092593997233292000       -3.87187997311254639000        0.96359632573032361000        4.29130375416654886000        1.56941498730929885000        1.82898641915392401000       -0.98711115602092869000        3.41806563960909493000        8.15509031804603701000        3.43691972303916105000       12.19573949301680216000       -0.75326644136451071000        0.59488031257572571000        2.49203295335086583000       -5.29390032911079533000        0.90307061051039372000       -0.98944391572779222000       -7.69298562362962457000        0.65678274825128347000       -3.42106425475592069000       -0.14235541600638418000        1.01597251713473846000        9.82553101784017713000       -6.76706792799302814000        1.36974230312817369000       -4.16666669055082028000        2.71416673615269532000        2.51149376914648981000       -0.92750575191412354000        0.13035304499009442000       -0.52358000702938856000       -2.82699664561341235000       -0.39753112149042702000        3.52368597352260249000        1.64015539274968369000        1.95129195865365057000       -1.18651290334704029000        3.13673067848559528000        9.06299540356461009000        3.19702502796184174000       11.28033090198359822000       -1.25495765237566093000        0.76351123265103848000        2.12702022045368810000       -4.60850998345692542000        1.10455922364624670000       -1.97453063208391977000       -7.44882110474735448000       -0.84743550858879158000       -3.45410983024407647000       -0.15141908137074306000        1.12092605389907995000        7.58806883158323942000       -4.44977295144374452000        0.26744083705493360000       -4.03062887781619761000        2.14274959902766993000        1.57143510012015564000       -0.86144675949294480000       -0.04402800601631793000       -0.75158684703599188000       -1.82256236355821999000       -1.67710877622971055000        2.27933923377315706000        1.36948897514158374000        0.95456307531542561000       -2.30034648238351203000        3.45568363638535114000        8.41228079076740087000        2.82960723202207864000        9.52922126289829841000       -1.87826121201546581000        0.43869394647120036000        0.81750018623242671000       -3.93514933639812270000        0.50002398593906716000       -1.89920843856263399000       -4.91765052466051511000       -1.79309357242136969000       -2.60333976311677207000       -0.40026786045174562000        1.11737638532917183000        4.31951460051699421000       -2.70730030201892813000       -0.12150940555875697000       -2.79890585265372982000        2.14632091146317938000        0.48795876270380450000       -0.66172052900925027000        0.09565540085398709000       -0.42796656816497869000       -1.79096379210075574000       -2.33891315714392078000        2.12071883087968249000        1.38834876416570996000        0.32716016430431477000       -3.58530721367736183000        3.55518196639931450000        5.68705301511251715000        2.20176019333842055000        6.45761467023169899000       -3.04296034530747761000       -0.03969297651960820000       -1.25159355838322939000       -2.73596693125176760000        0.05869032834419338000       -1.17753926726718428000       -1.30951328668753719000       -1.13278064460433581000       -0.52946310470704994000       -1.06443914130147643000        0.55959034370016614000        1.20872230915136170000       -1.97523180656479225000        0.28958554969324696000       -1.74992837484806829000        1.12075456470751078000       -0.61478322299730437000       -0.11411399526981424000        0.39237452878159534000       -0.12011655120126612000       -1.23244770363236777000       -3.30740599211140207000        0.59655200943018505000        0.95106528299675364000        0.19551937422569821000       -3.58538344632567085000        3.23341639827230987000        4.05346439443162954000        1.29208603136598787000        3.15643346971886141000       -3.02429696148267269000        0.22023816022667853000       -2.79893572702158933000       -1.56268387549809118000        0.48798847828211384000       -0.62792290393234540000        2.12180838385736914000       -1.17831317058398177000        1.11945602183054316000       -1.74915572833000077000        0.05789820664554712000       -1.55596027488343847000       -1.00372707069774947000       -0.23634697300378715000       -0.56562154517185292000        1.05732564874201795000       -0.53391198010177299000        0.53647287166047197000        0.13594402402048103000       -0.33798606814003179000        0.77777820552689625000       -3.70309455859091097000       -0.35871553107054127000        1.77872171798427781000        0.07866020118618236000       -2.34228708402519814000        1.93538389691110879000        3.92605979376912684000        1.02497604671999243000        1.51610305563186820000       -2.17305271414877010000        0.69308918839644085000       -3.03824687040702779000       -0.80438128659931973000        1.24718331020495676000       -0.86575038403275373000        3.33118477942697044000       -2.42951000484031976000        1.88639970258629130000       -1.60533441701458957000        0.33541230699292712000       -3.07745377746623738000        1.19638194718640434000       -0.61505625976468314000        1.15416012229115728000        1.41749213320152689000       -0.28357911281511761000        1.91287698496748915000        0.10044754109106589000       -0.64216351542018635000        2.30886940078387992000       -3.19493597936963347000        0.13177098438044052000        2.68595049068730418000        0.87574360903533521000       -0.13764802037597823000        0.00636935115894905000        2.97861559658120845000        1.37372681262485985000       -0.88182878037203405000       -1.95032974498293310000        0.86016012045442514000       -2.43582943030557786000       -0.22211523296171432000        2.22595534202981638000       -1.51411113174051559000        2.03965329372813597000       -2.94364814919001860000        1.41591939874753581000       -1.07597677537528580000        0.03571936852000644000       -4.05301632113916099000        3.44910165504431765000       -1.20165397208552727000        2.70920968484744806000        1.31119221055146817000       -0.52060681935277642000        2.54876229769445528000        0.06219139299343844000       -0.43826980258045228000        3.53088436141666051000       -2.44914030483388112000        0.90149237559211348000        3.21686926837932630000        0.46630535504387299000        0.68826231854284792000       -0.84952832648919063000        1.18105848071086883000        1.97912468570087152000       -2.67689189885890899000       -2.30339141846870232000        0.66108110355847383000       -2.64186696372911500000        0.60790642331637812000        2.14498322322344803000       -1.86451511406477533000        1.23553818125738868000       -3.44952330525326944000        1.04898684868178704000       -0.93123662610250912000       -0.33935061048121729000       -5.19511878974942309000        5.30435192305126968000       -0.89311297937636536000        4.13988509511286651000        0.52159757066778945000       -1.20403119802410319000        3.20470260044944721000        0.44209110745287838000        0.03204005834549849000        3.68349274860811304000       -0.23427731012789033000        3.25674527730709018000        3.20316672390194279000        0.26967134154730837000        2.80867527513155135000       -0.42965028019616402000       -0.77014072482001616000        3.39895752639233395000       -3.92227341677809482000       -2.42147729661728217000        0.38680714452134629000       -2.23111339036290746000        1.44909717467563048000        1.63548677387974739000       -2.05518290450684438000       -1.16755491589915872000       -4.43189711917966367000        0.02834796342176087000       -0.79958742955601847000       -0.69479964721264043000       -4.37462689702962670000        5.02632973961782348000       -0.00624422167294518000        4.53835889911901358000        0.28048247392018161000       -1.89335986869426942000        3.60235634428027085000        1.01615684980630361000        0.43808784028122011000        3.70380240214396217000        1.42913857521734400000        4.50703922444819316000        3.17946662033410643000       -1.03023582552382664000        4.40377743836247593000       -0.33442077239009677000       -2.51071974260805675000        4.60534504122260113000       -4.43335177154278792000       -3.04379673886221802000        0.10413429134929666000       -0.62706713759715704000        2.15375892061758911000        0.50646303112988666000       -2.06384943581884261000       -2.73623720575854668000       -4.88744706102599569000       -0.89658560709000368000       -0.89469699196874997000       -1.37586060505673125000       -4.42637967819311662000        3.65960857887279989000        1.31609263458538739000        3.98197940404411721000       -0.16844084640092125000       -2.49944477241190777000        3.77048654499727487000        1.47612273424965346000        0.46747164028723515000        3.50129943394474008000        3.98375951365752101000        6.80410187203570604000        2.98769646053037130000       -2.08156845757863396000        5.44983285443366583000        0.13084476144580101000       -2.97817324096479386000        6.11857605659934745000       -3.90118029982149483000       -2.43010899706725025000       -0.25639742571684782000        0.70819436733247831000        1.98830297309724791000       -0.52072942509505038000       -1.07405723513184670000       -3.52533119145047813000       -5.71986427465063230000       -1.94054451243380432000       -0.11052364132122788000       -1.06031560195578867000       -4.20803498152631672000        2.01149519412104238000        1.89871674872396090000