 3         6        30         1         7
        0.00    0
       1.000000       1.000000       0.999000       0.999000      24.090300      16.390000      31.344000
      -1.000000      -1.000000      -1.000000      -1.000000       3.207000       0.640000       0.145500
        0.48799999999999999000
       -0.04400000000000000000
        0.01200000000000000000
       -0.36199999999999999000
       -0.23799999999999999000
       -0.00400000000000000000
       -0.19200000000000000000
       -0.31200000000000000000
        0.19000000000000000000
       -0.04800000000000000000
        0.34999999999999998000
        0.06000000000000000000
        0.36399999999999999000
       -0.32200000000000001000
        0.22000000000000000000
        0.27200000000000002000
       -0.40000000000000002000
        0.07199999999999999000
        0.12600000000000000000
        0.17000000000000001000
        0.14799999999999999000
        0.22200000000000000000
       -0.06000000000000000000
        0.39000000000000001000
        0.07000000000000001000
       -0.04800000000000000000
        0.13200000000000001000
        0.16800000000000001000
       -0.28399999999999997000
        0.28199999999999997000
        0.10400000000000000000
        0.28199999999999997000
        0.15600000000000000000
       -0.01000000000000000000
       -0.40000000000000002000
       -0.09200000000000000000
        0.00800000000000000000
        0.06800000000000000000
        0.07800000000000000000
        0.39400000000000002000
        0.26600000000000001000
        0.00200000000000000000
       -0.15400000000000000000
        0.31600000000000000000
       -0.23999999999999999000
       -0.18200000000000000000
        0.22800000000000001000
        0.02000000000000000000
        0.14599999999999999000
       -0.09400000000000000000
        0.16400000000000001000
       -0.35399999999999998000
        0.01000000000000000000
       -0.07800000000000000000
        0.13200000000000001000
        0.38200000000000001000
        0.16200000000000001000
       -0.00200000000000000000
        0.36399999999999999000
       -0.20599999999999999000
       -0.34999999999999998000
        0.29999999999999999000
        0.25600000000000001000
        0.16600000000000001000
        0.39800000000000002000
        0.06000000000000000000
        0.36799999999999999000
        0.26200000000000001000
       -0.36599999999999999000
       -0.18200000000000000000
       -0.13600000000000001000
        0.30800000000000000000
       -0.42399999999999999000
        0.06800000000000000000
        0.04800000000000000000
       -0.24199999999999999000
       -0.17399999999999999000
       -0.23000000000000001000
       -0.01200000000000000000
       -0.36399999999999999000
       -0.23000000000000001000
       -0.08400000000000001000
        0.12400000000000000000
       -0.13200000000000001000
       -0.28199999999999997000
        0.19200000000000000000
        0.24399999999999999000
       -0.25400000000000000000
       -0.04800000000000000000
       -0.04000000000000000000
        0.10199999999999999000
        0.36199999999999999000
       -0.23200000000000001000
        0.24600000000000000000
       -0.10199999999999999000
       -0.05400000000000000000
        0.33400000000000002000
       -0.04000000000000000000
       -0.33600000000000002000
       -0.24399999999999999000
        0.21400000000000000000
        0.23000000000000001000
       -0.01200000000000000000
       -0.16200000000000001000
       -0.46200000000000002000
        0.04000000000000000000
        0.32000000000000001000
        0.32200000000000001000
       -0.26800000000000002000
       -0.33000000000000002000
        0.09000000000000000000
       -0.04400000000000000000
       -0.43400000000000000000
        0.07199999999999999000
        0.08599999999999999000
       -0.05000000000000000000
        0.33000000000000002000
        0.22200000000000000000
        0.12600000000000000000
       -0.35199999999999998000
       -0.41399999999999998000
        0.06000000000000000000
       -0.35999999999999999000
       -0.34200000000000003000
        0.11600000000000001000
       -0.13800000000000001000
        0.04600000000000000000
        0.21600000000000000000
       -0.46800000000000003000
       -0.06600000000000000000
       -0.09600000000000000000
        0.35599999999999998000
        0.28999999999999998000
       -0.09800000000000000000
       -0.26600000000000001000
       -0.29599999999999999000
       -0.47599999999999998000
       -0.03400000000000000000
       -0.10800000000000000000
        0.05200000000000000000
        0.00400000000000000000
        0.06600000000000000000
       -0.02000000000000000000
        0.12600000000000000000
        0.08000000000000000000
       -0.00200000000000000000
        0.39800000000000002000
        0.31400000000000000000
       -0.13000000000000000000
        0.01200000000000000000
       -0.30399999999999999000
       -0.04000000000000000000
        0.16000000000000000000
        0.07000000000000001000
       -0.05600000000000000000
        0.38800000000000001000
       -0.28999999999999998000
        0.10400000000000000000
       -0.21800000000000000000
       -0.12200000000000000000
        0.01800000000000000000
        0.08400000000000001000
       -0.23599999999999999000
       -0.25400000000000000000
        0.16200000000000001000
       -0.15800000000000000000
        0.04600000000000000000
        0.13600000000000001000
       -0.14199999999999999000
        0.04800000000000000000
        0.25600000000000001000
        0.30800000000000000000
        0.13600000000000001000
        0.32400000000000001000
        0.37200000000000000000
        0.00800000000000000000
        0.31400000000000000000
       -0.03400000000000000000
        0.06600000000000000000
        0.29999999999999999000
       -0.28399999999999997000
        0.38000000000000000000
       -0.27200000000000002000
        0.07199999999999999000
       -0.27000000000000002000
       -0.08400000000000001000
        0.23200000000000001000
       -0.23599999999999999000
       -0.28000000000000003000
       -0.05600000000000000000
        0.24800000000000000000
        0.14799999999999999000
        0.26800000000000002000
       -0.04200000000000000000
       -0.21800000000000000000
        0.11600000000000001000
        0.29399999999999998000
        0.27200000000000002000
        0.33600000000000002000
        0.07800000000000000000
       -0.17999999999999999000
        0.03400000000000000000
        0.36599999999999999000
        0.16000000000000000000
        0.18200000000000000000
        0.21600000000000000000
        0.04000000000000000000
        0.17199999999999999000
       -0.28199999999999997000
       -0.09600000000000000000
       -0.04200000000000000000
       -0.24399999999999999000
       -0.18200000000000000000
       -0.24399999999999999000
        0.26600000000000001000
       -0.31600000000000000000
        0.29599999999999999000
        0.07800000000000000000
        0.39200000000000002000
       -0.08599999999999999000
        0.28199999999999997000
        0.36199999999999999000
       -0.14799999999999999000
       -0.24600000000000000000
        0.21400000000000000000
       -0.03600000000000000000
       -0.04200000000000000000
        0.17000000000000001000
       -0.28399999999999997000
       -0.17399999999999999000
        0.07400000000000000000
        0.39000000000000001000
       -0.36399999999999999000
        0.03400000000000000000
       -0.16200000000000001000
        0.39400000000000002000
       -0.03800000000000000000
       -0.07000000000000001000
       -0.17999999999999999000
        0.30599999999999999000
       -0.81831340823713539000        2.80052684948520358000       -2.36716669240127109000        2.89149567989414757000        2.70125657119329032000        5.92170653445219219000       -0.53713946841275662000       -4.77310649157139011000        5.18056618403063673000       -3.12362000074751522000        6.69340119357949614000      -13.55798705029308060000      -19.20865764383503920000       -9.29116498294767013000        0.37816511424219162000        6.60068550402040533000       -5.55990747556429898000      -15.77508164542426883000       -9.61580451705144235000        3.51676749384968668000      -15.31507837716814358000        0.23716957954374554000        4.12536470509383424000       -2.87748165426724345000       -1.10322532888886071000       -1.18251660065657904000       -7.32352663559017714000       -3.80088092112642562000      -16.63938094784793260000       -1.77979567465653421000       -9.27065040727345391000