 3         6        30         1         7
        0.00    0
       1.000000       1.000000       1.000000       0.927000      24.090300      15.600000      31.344000
      -1.000000      -1.000000      -1.000000      -1.000000       3.207000       0.310000       0.144600
        0.03600000000000000000
       -0.07400000000000000000
        0.32200000000000001000
        0.00800000000000000000
       -0.39400000000000002000
        0.14599999999999999000
        0.07199999999999999000
       -0.30199999999999999000
        0.14999999999999999000
       -0.00600000000000000000
        0.19400000000000001000
        0.11000000000000000000
       -0.09200000000000000000
        0.24199999999999999000
       -0.36199999999999999000
       -0.28999999999999998000
        0.03200000000000000000
        0.01600000000000000000
       -0.11200000000000000000
       -0.20200000000000001000
        0.19800000000000001000
        0.00600000000000000000
        0.21199999999999999000
       -0.06600000000000000000
       -0.40000000000000002000
        0.05200000000000000000
       -0.07199999999999999000
        0.38600000000000001000
       -0.33800000000000002000
        0.10199999999999999000
        0.05000000000000000000
       -0.04400000000000000000
        0.20399999999999999000
       -0.01200000000000000000
        0.13800000000000001000
        0.12800000000000000000
       -0.33000000000000002000
        0.20000000000000001000
       -0.10800000000000000000
        0.24199999999999999000
       -0.48999999999999999000
        0.04600000000000000000
        0.12800000000000000000
       -0.13600000000000001000
       -0.06000000000000000000
       -0.28199999999999997000
        0.27800000000000002000
       -0.10800000000000000000
        0.47999999999999998000
       -0.04000000000000000000
        0.23200000000000001000
       -0.31200000000000000000
        0.32400000000000001000
       -0.38400000000000001000
        0.10400000000000000000
       -0.14799999999999999000
        0.39200000000000002000
       -0.01400000000000000000
       -0.31200000000000000000
        0.28399999999999997000
        0.25800000000000001000
       -0.35799999999999998000
       -0.36599999999999999000
        0.35999999999999999000
       -0.06000000000000000000
        0.01400000000000000000
        0.07800000000000000000
        0.09600000000000000000
       -0.13000000000000000000
       -0.18600000000000000000
       -0.03400000000000000000
       -0.14199999999999999000
        0.38000000000000000000
       -0.09600000000000000000
       -0.38600000000000001000
        0.37400000000000000000
        0.31600000000000000000
       -0.22600000000000001000
       -0.26400000000000001000
        0.14399999999999999000
       -0.24199999999999999000
       -0.08000000000000000000
       -0.12400000000000000000
       -0.36199999999999999000
        0.18800000000000000000
       -0.03400000000000000000
        0.28399999999999997000
        0.17000000000000001000
        0.17799999999999999000
       -0.00400000000000000000
        0.18800000000000000000
        0.01600000000000000000
       -0.04600000000000000000
       -0.10199999999999999000
        0.06000000000000000000
        0.10800000000000000000
        0.14599999999999999000
        0.08599999999999999000
       -0.33200000000000002000
       -0.17599999999999999000
        0.06800000000000000000
       -0.18800000000000000000
       -0.10800000000000000000
       -0.35199999999999998000
       -0.01800000000000000000
       -0.03800000000000000000
       -0.29599999999999999000
        0.39000000000000001000
       -0.09800000000000000000
        0.24399999999999999000
       -0.11200000000000000000
        0.15200000000000000000
        0.28000000000000003000
        0.08599999999999999000
       -0.30599999999999999000
       -0.06200000000000000000
       -0.03800000000000000000
        0.20799999999999999000
        0.00800000000000000000
        0.26600000000000001000
        0.43600000000000000000
       -0.06200000000000000000
       -0.36799999999999999000
        0.12000000000000000000
        0.12600000000000000000
       -0.36599999999999999000
        0.26200000000000001000
        0.16600000000000001000
        0.24600000000000000000
        0.00400000000000000000
       -0.06000000000000000000
        0.38800000000000001000
        0.34000000000000002000
       -0.32600000000000001000
       -0.21800000000000000000
        0.06400000000000000000
       -0.44400000000000001000
        0.03600000000000000000
        0.15800000000000000000
        0.23000000000000001000
       -0.22200000000000000000
        0.03000000000000000000
        0.32600000000000001000
        0.16800000000000001000
       -0.02400000000000000000
       -0.03600000000000000000
       -0.31800000000000000000
       -0.35199999999999998000
        0.03000000000000000000
       -0.24800000000000000000
       -0.15600000000000000000
       -0.31800000000000000000
       -0.33400000000000002000
        0.08000000000000000000
       -0.26000000000000001000
        0.28999999999999998000
        0.35599999999999998000
       -0.11600000000000001000
        0.08599999999999999000
       -0.33600000000000002000
        0.17799999999999999000
        0.07800000000000000000
        0.24199999999999999000
        0.02400000000000000000
        0.17799999999999999000
       -0.05400000000000000000
        0.26000000000000001000
        0.12800000000000000000
        0.35199999999999998000
       -0.04800000000000000000
        0.25400000000000000000
        0.17199999999999999000
        0.03800000000000000000
        0.28999999999999998000
       -0.05000000000000000000
        0.19800000000000001000
        0.28799999999999998000
       -0.02800000000000000000
       -0.26000000000000001000
       -0.21199999999999999000
        0.18800000000000000000
       -0.12200000000000000000
        0.07400000000000000000
       -0.28199999999999997000
        0.37800000000000000000
       -0.08799999999999999000
        0.14599999999999999000
        0.18800000000000000000
        0.04400000000000000000
       -0.06600000000000000000
        0.28999999999999998000
       -0.10199999999999999000
        0.39400000000000002000
       -0.06400000000000000000
       -0.16400000000000001000
       -0.26600000000000001000
        0.08000000000000000000
       -0.16600000000000001000
        0.06200000000000000000
       -0.17399999999999999000
       -0.35799999999999998000
       -0.04600000000000000000
        0.38000000000000000000
       -0.34399999999999997000
       -0.21800000000000000000
       -0.35399999999999998000
        0.17599999999999999000
        0.02200000000000000000
        0.17999999999999999000
        0.04800000000000000000
       -0.31200000000000000000
        0.13600000000000001000
       -0.35999999999999999000
       -0.27800000000000002000
       -0.11200000000000000000
        0.23799999999999999000
        0.10000000000000001000
       -0.06600000000000000000
       -0.00800000000000000000
        0.23599999999999999000
        0.00000000000000000000
       -0.25800000000000001000
        0.14399999999999999000
        0.31800000000000000000
       -0.13600000000000001000
       -0.07800000000000000000
        0.29399999999999998000
        0.08200000000000000000
       -0.03600000000000000000
       -0.39200000000000002000
        0.04000000000000000000
        0.10000000000000001000
       -0.28999999999999998000
       -0.09400000000000000000
       -0.36399999999999999000
       -0.31400000000000000000
        0.33200000000000002000
       -0.21600000000000000000
        0.13200000000000001000
       -0.03000000000000000000
        4.32131442853627057000       -8.00220709105914807000      -11.15267266029999860000       -3.63300298094250396000       20.23060245336411710000      -30.52069694519970970000       -5.03131539562363628000       -4.92838729679650633000       26.17877034369686130000        9.32020482271224893000        4.97641670727021701000      -44.86646276054055700000      -28.00345856253850130000       -1.46669200811710931000       -4.00403633293522265000       -2.10192745771112977000       -6.69831592798117370000        4.52146488173821304000        9.10689368681276257000        3.20834640033838259000       15.80809629827136753000       -1.41133267226516734000       22.24963663390449400000        6.26750396366758800000        5.53371581940746182000        6.04323093013753088000       -1.99839264733598276000       -4.60631567269279252000       16.68366139105115660000       15.14791411885702210000       -0.67664141601291405000