 3         6        29         1         7
        0.00    0
       1.000000       1.000000       0.999000       0.985000      24.090300      15.520000      31.344000
      -1.000000      -1.000000      -1.000000      -1.000000       3.207000       1.640000       0.144600
       -0.30599999999999999000
       -0.08000000000000000000
        0.27400000000000002000
       -0.39200000000000002000
       -0.05000000000000000000
       -0.17599999999999999000
       -0.22200000000000000000
        0.14199999999999999000
       -0.05800000000000000000
       -0.09200000000000000000
       -0.05600000000000000000
        0.04400000000000000000
        0.29799999999999999000
        0.00800000000000000000
        0.39800000000000002000
       -0.12200000000000000000
       -0.37000000000000000000
        0.07199999999999999000
       -0.15400000000000000000
       -0.17599999999999999000
        0.17000000000000001000
       -0.18200000000000000000
       -0.18200000000000000000
       -0.20399999999999999000
       -0.08599999999999999000
       -0.08799999999999999000
       -0.19600000000000001000
       -0.36799999999999999000
        0.33400000000000002000
        0.35799999999999998000
        0.28599999999999998000
       -0.37600000000000000000
        0.08799999999999999000
       -0.08200000000000000000
        0.02600000000000000000
        0.30199999999999999000
        0.00200000000000000000
        0.01600000000000000000
       -0.26800000000000002000
       -0.27200000000000002000
       -0.48799999999999999000
       -0.09200000000000000000
       -0.34599999999999997000
       -0.39200000000000002000
       -0.09200000000000000000
        0.20000000000000001000
       -0.36199999999999999000
       -0.28799999999999998000
       -0.15800000000000000000
        0.06000000000000000000
       -0.02600000000000000000
        0.27400000000000002000
        0.00600000000000000000
        0.33000000000000002000
       -0.02200000000000000000
        0.27000000000000002000
       -0.40999999999999998000
        0.07600000000000000000
        0.26400000000000001000
       -0.34000000000000002000
       -0.14199999999999999000
       -0.33600000000000002000
        0.39400000000000002000
        0.28199999999999997000
       -0.01000000000000000000
        0.03400000000000000000
       -0.09200000000000000000
        0.27600000000000002000
        0.03800000000000000000
        0.39600000000000002000
       -0.38200000000000001000
        0.35399999999999998000
        0.17199999999999999000
       -0.02200000000000000000
        0.34000000000000002000
        0.35799999999999998000
       -0.19600000000000001000
       -0.02400000000000000000
        0.36599999999999999000
        0.03400000000000000000
       -0.34399999999999997000
       -0.00200000000000000000
       -0.34200000000000003000
       -0.30599999999999999000
       -0.18800000000000000000
       -0.08400000000000001000
       -0.34599999999999997000
       -0.15600000000000000000
        0.14999999999999999000
        0.04000000000000000000
       -0.12800000000000000000
       -0.10800000000000000000
        0.28999999999999998000
       -0.19400000000000001000
       -0.20999999999999999000
        0.18600000000000000000
       -0.32800000000000001000
        0.01600000000000000000
       -0.38600000000000001000
       -0.09000000000000000000
        0.24399999999999999000
       -0.18600000000000000000
       -0.00800000000000000000
        0.29199999999999998000
       -0.03200000000000000000
        0.03800000000000000000
        0.28599999999999998000
       -0.37200000000000000000
        0.14199999999999999000
       -0.38600000000000001000
       -0.12400000000000000000
       -0.38400000000000001000
        0.26200000000000001000
       -0.05000000000000000000
        0.07400000000000000000
        0.26400000000000001000
        0.00800000000000000000
        0.18200000000000000000
        0.38000000000000000000
        0.08799999999999999000
        0.30399999999999999000
       -0.01200000000000000000
       -0.20599999999999999000
        0.06000000000000000000
        0.21400000000000000000
       -0.38600000000000001000
       -0.24800000000000000000
       -0.38600000000000001000
       -0.26400000000000001000
       -0.05800000000000000000
       -0.19800000000000001000
        0.39400000000000002000
        0.07600000000000000000
       -0.16800000000000001000
       -0.23000000000000001000
        0.01600000000000000000
       -0.23000000000000001000
        0.03400000000000000000
       -0.05600000000000000000
       -0.04200000000000000000
       -0.06200000000000000000
        0.10800000000000000000
       -0.17599999999999999000
       -0.16200000000000001000
        0.17399999999999999000
       -0.09200000000000000000
        0.16600000000000001000
        0.18600000000000000000
        0.27800000000000002000
       -0.15200000000000000000
       -0.34599999999999997000
       -0.00800000000000000000
       -0.41399999999999998000
       -0.06800000000000000000
        0.16400000000000001000
        0.31800000000000000000
        0.28000000000000003000
        0.23999999999999999000
        0.31800000000000000000
       -0.14399999999999999000
        0.11600000000000001000
        0.01800000000000000000
       -0.30599999999999999000
       -0.27000000000000002000
       -0.15200000000000000000
       -0.07000000000000001000
        0.22800000000000001000
       -0.17799999999999999000
        0.28000000000000003000
       -0.05800000000000000000
        0.32200000000000001000
        0.30800000000000000000
        0.27800000000000002000
       -0.04200000000000000000
       -0.17000000000000001000
       -0.10199999999999999000
        0.24199999999999999000
       -0.01000000000000000000
       -0.17000000000000001000
        0.06600000000000000000
        0.37000000000000000000
        0.34799999999999998000
       -0.26600000000000001000
       -0.04800000000000000000
        0.36199999999999999000
       -0.09000000000000000000
        0.07199999999999999000
       -0.37400000000000000000
        0.00000000000000000000
        0.34399999999999997000
        0.28599999999999998000
        0.01000000000000000000
        0.06800000000000000000
       -0.02400000000000000000
        0.27400000000000002000
       -0.06600000000000000000
       -0.06400000000000000000
       -0.10800000000000000000
        0.20999999999999999000
       -0.18600000000000000000
        0.02600000000000000000
       -0.03600000000000000000
       -0.20399999999999999000
        0.04400000000000000000
        0.29999999999999999000
       -0.01800000000000000000
       -0.12400000000000000000
        0.00200000000000000000
       -0.36599999999999999000
        0.04800000000000000000
       -0.06600000000000000000
       -0.27200000000000002000
        0.09000000000000000000
        0.22400000000000000000
       -0.35799999999999998000
        0.17799999999999999000
       -0.17399999999999999000
       -0.00800000000000000000
       -0.02800000000000000000
       -0.23999999999999999000
        0.15200000000000000000
        0.09600000000000000000
       -0.38000000000000000000
        0.19400000000000001000
        0.18200000000000000000
        0.08200000000000000000
        0.28399999999999997000
       -0.16400000000000001000
       -0.01800000000000000000
       -0.17799999999999999000
        0.11600000000000001000
       -0.09400000000000000000
        0.39810125233951266000       -2.69384391811302093000        0.37785592453755518000       -0.33388891514389396000       10.78831554579753593000       -0.38444795907543494000        8.18195382332978305000       17.41631172972813960000      -11.20302436595703988000        1.79739805616960657000       -2.89224531214363711000       -6.98768553163384887000        9.48980407563057682000       -5.40586927582584309000       -6.68809375811801665000        1.73681948704975286000        3.49021442054239372000       12.74625022296264554000       -3.04251720757470157000       -2.17211993285210481000       -7.49283276956823840000       -4.25219346760402939000       18.08277452146106870000        0.18672839305102540000       -7.48209232809913960000       -2.29052737608792745000        4.49472802055312926000      -10.22873400481656603000       11.94981466825725391000        8.64314863275818013000