 9         6        21         1         7
        0.00    0
       1.000000       1.000000       1.000000       0.999000      24.090300      15.220000      31.295000
      -1.000000      -1.000000      -1.000000      -1.000000       3.207000       1.710000       0.144600
        0.08799999999999999000
        0.05600000000000000000
       -0.05800000000000000000
       -0.17999999999999999000
        0.12000000000000000000
       -0.05200000000000000000
       -0.38800000000000001000
        0.38400000000000001000
        0.06800000000000000000
       -0.00400000000000000000
       -0.29599999999999999000
        0.24600000000000000000
       -0.16800000000000001000
        0.11200000000000000000
        0.32400000000000001000
        0.39800000000000002000
        0.20000000000000001000
        0.01400000000000000000
        0.18800000000000000000
        0.10600000000000000000
        0.02600000000000000000
       -0.22200000000000000000
       -0.12600000000000000000
       -0.28599999999999998000
        0.27800000000000002000
       -0.00800000000000000000
       -0.01400000000000000000
       -0.38000000000000000000
       -0.23599999999999999000
       -0.05200000000000000000
       -0.32200000000000001000
        0.20799999999999999000
        0.46000000000000002000
       -0.06000000000000000000
        0.35199999999999998000
       -0.23599999999999999000
       -0.09600000000000000000
        0.02800000000000000000
       -0.38800000000000001000
        0.31200000000000000000
       -0.02800000000000000000
        0.09400000000000000000
       -0.14000000000000001000
        0.39600000000000002000
        0.17000000000000001000
        0.02400000000000000000
        0.20999999999999999000
        0.37800000000000000000
       -0.40200000000000002000
        0.02000000000000000000
       -0.26400000000000001000
       -0.35799999999999998000
        0.08799999999999999000
        0.39400000000000002000
        0.30199999999999999000
       -0.30599999999999999000
        0.01600000000000000000
       -0.07199999999999999000
       -0.19000000000000000000
        0.14000000000000001000
       -0.23799999999999999000
        0.34000000000000002000
       -0.29799999999999999000
        0.34000000000000002000
       -0.08599999999999999000
        0.01400000000000000000
        0.34599999999999997000
       -0.28799999999999998000
       -0.29399999999999998000
        0.16400000000000001000
       -0.23999999999999999000
        0.29399999999999998000
       -0.05400000000000000000
       -0.01200000000000000000
        0.10000000000000001000
        0.11200000000000000000
       -0.27800000000000002000
       -0.34200000000000003000
        0.14799999999999999000
       -0.19600000000000001000
        0.47399999999999998000
        0.04600000000000000000
        0.24199999999999999000
        0.20999999999999999000
        0.03400000000000000000
       -0.23999999999999999000
       -0.10199999999999999000
        0.19200000000000000000
        0.14999999999999999000
        0.02600000000000000000
       -0.27600000000000002000
        0.01800000000000000000
       -0.13800000000000001000
        0.25000000000000000000
        0.30800000000000000000
       -0.08400000000000001000
        0.28799999999999998000
       -0.00800000000000000000
       -0.31000000000000000000
        0.39200000000000002000
       -0.14799999999999999000
       -0.10199999999999999000
        0.06600000000000000000
       -0.11799999999999999000
        0.06400000000000000000
        0.03200000000000000000
        0.15400000000000000000
       -0.04600000000000000000
        0.35999999999999999000
       -0.14199999999999999000
        0.26000000000000001000
       -0.39600000000000002000
       -0.48599999999999999000
        0.06000000000000000000
        0.10600000000000000000
       -0.31400000000000000000
        0.37800000000000000000
       -0.07400000000000000000
        0.00800000000000000000
        0.21400000000000000000
        0.35599999999999998000
        0.03400000000000000000
        0.28999999999999998000
       -0.03800000000000000000
        0.31800000000000000000
       -0.36799999999999999000
        0.35199999999999998000
       -0.07400000000000000000
       -0.37600000000000000000
       -0.01200000000000000000
       -0.18800000000000000000
       -0.36199999999999999000
       -0.16600000000000001000
        0.18600000000000000000
       -0.39600000000000002000
        0.34200000000000003000
        0.10800000000000000000
        0.07800000000000000000
        0.21400000000000000000
        0.38200000000000001000
        0.31200000000000000000
        0.08599999999999999000
        0.14000000000000001000
       -0.37800000000000000000
       -0.38800000000000001000
        0.02800000000000000000
        0.18400000000000000000
        0.26600000000000001000
       -0.01200000000000000000
        0.35399999999999998000
        0.23200000000000001000
       -0.31800000000000000000
        0.01600000000000000000
        0.01200000000000000000
        0.13400000000000001000
       -0.20399999999999999000
        0.14000000000000001000
        0.24600000000000000000
       -0.24600000000000000000
        0.26600000000000001000
        0.16400000000000001000
       -0.07400000000000000000
       -0.19800000000000001000
       -0.39600000000000002000
       -0.09400000000000000000
        0.19600000000000001000
       -0.29199999999999998000
       -0.14799999999999999000
        0.66010046712035975000       -2.30984795952215904000      -11.11532666339143027000       -0.06940509818315317000       -0.39357967810995076000        2.54869173366417279000       -0.08992046171250338000      -17.16264950288276130000       -1.91732441374906060000       -0.71211187557972400000       -1.79136095446327337000       -4.24104576505542763000       -3.22596342627264931000      -20.39957096530787690000        1.39322968208559206000       -2.20937118188256454000       -4.49260644747148863000        3.49787680518371635000        4.20251510996445798000       -2.98062844625054391000        2.58548850360571914000        6.02747194829961330000