 2         6        30         1         7
        0.00    0
       1.000000       1.000000       1.000000       0.999000      24.090300      16.480000      31.344000
      -1.000000      -1.000000      -1.000000      -1.000000       3.207000       0.040000       0.144600
        0.23200000000000001000
       -0.00200000000000000000
        0.23400000000000001000
        0.37800000000000000000
       -0.14000000000000001000
       -0.35399999999999998000
       -0.08799999999999999000
       -0.01000000000000000000
       -0.38600000000000001000
        0.04600000000000000000
        0.14399999999999999000
        0.24399999999999999000
       -0.03600000000000000000
       -0.13000000000000000000
        0.17799999999999999000
        0.19000000000000000000
        0.27400000000000002000
       -0.00400000000000000000
        0.20599999999999999000
       -0.36799999999999999000
       -0.12600000000000000000
        0.30800000000000000000
        0.28199999999999997000
        0.05600000000000000000
        0.34999999999999998000
        0.03600000000000000000
        0.31200000000000000000
       -0.26600000000000001000
       -0.05800000000000000000
        0.34999999999999998000
       -0.30800000000000000000
       -0.10600000000000000000
        0.42599999999999999000
        0.00600000000000000000
        0.20799999999999999000
       -0.08000000000000000000
        0.07600000000000000000
        0.39400000000000002000
       -0.04400000000000000000
       -0.28799999999999998000
        0.03000000000000000000
       -0.08599999999999999000
       -0.12200000000000000000
        0.34399999999999997000
       -0.04600000000000000000
       -0.23599999999999999000
       -0.09000000000000000000
       -0.04800000000000000000
        0.19800000000000001000
        0.08400000000000001000
        0.33600000000000002000
       -0.39800000000000002000
        0.10600000000000000000
       -0.32800000000000001000
        0.09600000000000000000
       -0.33600000000000002000
        0.09800000000000000000
       -0.01800000000000000000
        0.09800000000000000000
        0.23400000000000001000
       -0.17000000000000001000
        0.04400000000000000000
       -0.34599999999999997000
        0.14000000000000001000
       -0.28799999999999998000
       -0.10000000000000001000
        0.08799999999999999000
       -0.32400000000000001000
       -0.02800000000000000000
       -0.21600000000000000000
        0.06000000000000000000
        0.38800000000000001000
       -0.41399999999999998000
       -0.09000000000000000000
        0.20599999999999999000
        0.27000000000000002000
        0.14599999999999999000
       -0.31600000000000000000
       -0.29399999999999998000
       -0.32600000000000001000
       -0.36199999999999999000
        0.06800000000000000000
        0.32600000000000001000
       -0.08400000000000001000
        0.01200000000000000000
        0.00200000000000000000
        0.14799999999999999000
       -0.11600000000000001000
        0.03600000000000000000
        0.09000000000000000000
        0.17199999999999999000
        0.17999999999999999000
       -0.21199999999999999000
       -0.12600000000000000000
       -0.02400000000000000000
       -0.22800000000000001000
        0.13000000000000000000
        0.09000000000000000000
       -0.38600000000000001000
       -0.15800000000000000000
        0.03800000000000000000
        0.17999999999999999000
        0.35999999999999999000
        0.22400000000000000000
        0.45000000000000001000
       -0.03000000000000000000
        0.24399999999999999000
        0.30599999999999999000
       -0.11400000000000000000
        0.26400000000000001000
       -0.16600000000000001000
       -0.20000000000000001000
       -0.23400000000000001000
        0.09000000000000000000
        0.17599999999999999000
       -0.34599999999999997000
        0.09000000000000000000
       -0.29999999999999999000
       -0.06400000000000000000
       -0.29799999999999999000
        0.21400000000000000000
       -0.01600000000000000000
       -0.29199999999999998000
        0.14599999999999999000
       -0.22800000000000001000
        0.30599999999999999000
        0.08000000000000000000
       -0.18200000000000000000
        0.48199999999999998000
       -0.04800000000000000000
        0.23999999999999999000
        0.38400000000000001000
        0.38200000000000001000
       -0.38200000000000001000
        0.11200000000000000000
        0.18800000000000000000
        0.05000000000000000000
       -0.09800000000000000000
       -0.37400000000000000000
        0.10800000000000000000
        0.13200000000000001000
       -0.19800000000000001000
        0.07600000000000000000
       -0.06000000000000000000
       -0.48599999999999999000
        0.06200000000000000000
       -0.00800000000000000000
        0.05400000000000000000
       -0.34399999999999997000
        0.02400000000000000000
       -0.33200000000000002000
        0.07000000000000001000
       -0.05600000000000000000
       -0.04600000000000000000
       -0.00600000000000000000
        0.06200000000000000000
       -0.25400000000000000000
        0.26400000000000001000
       -0.29199999999999998000
       -0.33000000000000002000
        0.33400000000000002000
        0.03400000000000000000
        0.32600000000000001000
        0.22200000000000000000
       -0.07600000000000000000
       -0.21199999999999999000
        0.08200000000000000000
        0.01200000000000000000
        0.08599999999999999000
       -0.02000000000000000000
        0.09000000000000000000
        0.28799999999999998000
        0.25400000000000000000
       -0.14399999999999999000
       -0.27200000000000002000
       -0.33200000000000002000
       -0.41599999999999998000
        0.06000000000000000000
       -0.00600000000000000000
       -0.27400000000000002000
        0.03000000000000000000
        0.30199999999999999000
        0.27000000000000002000
       -0.10000000000000001000
       -0.19200000000000000000
       -0.04400000000000000000
       -0.37400000000000000000
        0.02400000000000000000
       -0.31000000000000000000
        0.34399999999999997000
       -0.29199999999999998000
        0.28199999999999997000
        0.02200000000000000000
        0.04200000000000000000
       -0.04600000000000000000
       -0.35599999999999998000
        0.39200000000000002000
       -0.35399999999999998000
        0.14799999999999999000
       -0.20999999999999999000
       -0.47999999999999998000
       -0.06000000000000000000
       -0.10600000000000000000
        0.02400000000000000000
       -0.35999999999999999000
       -0.35199999999999998000
       -0.00600000000000000000
        0.11799999999999999000
        0.44600000000000001000
       -0.07400000000000000000
       -0.28000000000000003000
        0.23599999999999999000
       -0.24600000000000000000
        0.32200000000000001000
        0.17599999999999999000
        0.06600000000000000000
       -0.34999999999999998000
        0.00600000000000000000
        0.12000000000000000000
        0.29199999999999998000
        0.39200000000000002000
        0.39400000000000002000
       -0.35599999999999998000
        0.17000000000000001000
       -0.35599999999999998000
        0.05000000000000000000
        0.11200000000000000000
        0.29799999999999999000
       -0.06800000000000000000
        0.21199999999999999000
        0.10400000000000000000
       -0.02200000000000000000
       -0.41999999999999998000
       -0.01600000000000000000
        0.20599999999999999000
        0.25400000000000000000
        0.08400000000000001000
        0.06000000000000000000
       -0.00600000000000000000
       -0.01400000000000000000
       -5.67630054500806303000        2.54594765995091388000       -4.02895839778660481000       -8.91686998642177109000       12.48079312210623293000        6.56827805375324658000       -3.05868402201086864000        2.95569182704712396000       23.46601441927142060000       -5.19446003174855875000       23.26714527198527450000        1.34575231820462760000        2.70130743851922084000      -13.94431539866136482000      -14.56273908746028489000       17.95757683161335550000       -3.60215974871901645000        1.08114305435801450000      -10.46950895914108948000       16.34870117561883160000       -4.33340883919743280000        7.34909910229113184000       -5.30510540931067176000       -6.82461019519943513000       -8.14734714390641557000        5.56917387252093121000      -16.62430161830804560000       -0.10219183730680896000      -22.04148077643487010000       25.48331205569967750000       17.81746560421532520000