 9         6        30         1         7
        0.00    0
       1.000000       1.000000       1.000000       0.999000      24.090300      16.480000      31.344000
      -1.000000      -1.000000      -1.000000      -1.000000       3.207000       0.040000       0.144600
       -0.27400000000000002000
       -0.08200000000000000000
        0.11799999999999999000
       -0.07000000000000001000
       -0.05200000000000000000
       -0.32400000000000001000
       -0.08200000000000000000
       -0.08799999999999999000
       -0.15800000000000000000
       -0.02800000000000000000
        0.04400000000000000000
        0.24399999999999999000
        0.04800000000000000000
       -0.23999999999999999000
       -0.01000000000000000000
        0.11000000000000000000
       -0.08799999999999999000
       -0.09400000000000000000
       -0.14000000000000001000
       -0.40000000000000002000
        0.01800000000000000000
       -0.28399999999999997000
        0.30800000000000000000
        0.37600000000000000000
        0.47399999999999998000
       -0.08799999999999999000
       -0.23400000000000001000
       -0.04800000000000000000
       -0.07000000000000001000
        0.25400000000000000000
       -0.22000000000000000000
        0.12600000000000000000
        0.29599999999999999000
       -0.02400000000000000000
       -0.09200000000000000000
        0.02200000000000000000
        0.17000000000000001000
        0.32800000000000001000
       -0.19800000000000001000
        0.24800000000000000000
       -0.08799999999999999000
        0.02000000000000000000
       -0.07800000000000000000
        0.22600000000000001000
       -0.39600000000000002000
       -0.09000000000000000000
       -0.28199999999999997000
       -0.35999999999999999000
       -0.02000000000000000000
        0.04000000000000000000
        0.31800000000000000000
        0.01600000000000000000
       -0.02400000000000000000
       -0.38000000000000000000
       -0.25400000000000000000
        0.19400000000000001000
        0.43600000000000000000
        0.08599999999999999000
        0.13400000000000001000
       -0.29199999999999998000
       -0.24199999999999999000
        0.39200000000000002000
        0.13600000000000001000
        0.23400000000000001000
        0.47199999999999998000
        0.01600000000000000000
       -0.38600000000000001000
        0.33000000000000002000
       -0.13000000000000000000
        0.00600000000000000000
       -0.20799999999999999000
       -0.39800000000000002000
        0.32400000000000001000
       -0.09800000000000000000
       -0.03800000000000000000
       -0.05800000000000000000
       -0.38400000000000001000
        0.04800000000000000000
       -0.06000000000000000000
        0.38800000000000001000
       -0.12800000000000000000
        0.01200000000000000000
        0.13200000000000001000
       -0.00600000000000000000
       -0.29999999999999999000
        0.14799999999999999000
        0.04200000000000000000
        0.12600000000000000000
        0.04400000000000000000
        0.03800000000000000000
        0.26200000000000001000
        0.13600000000000001000
        0.28000000000000003000
        0.24600000000000000000
        0.36799999999999999000
       -0.17599999999999999000
        0.05200000000000000000
       -0.09000000000000000000
       -0.22200000000000000000
       -0.12600000000000000000
       -0.33000000000000002000
       -0.28799999999999998000
        0.00600000000000000000
       -0.35399999999999998000
        0.42799999999999999000
        0.04000000000000000000
       -0.27200000000000002000
       -0.10400000000000000000
        0.09400000000000000000
       -0.27000000000000002000
       -0.06600000000000000000
       -0.14199999999999999000
       -0.14000000000000001000
       -0.03400000000000000000
       -0.22400000000000000000
       -0.18400000000000000000
       -0.30599999999999999000
        0.11200000000000000000
       -0.05800000000000000000
       -0.19600000000000001000
       -0.12800000000000000000
        0.01600000000000000000
        0.24399999999999999000
        0.39400000000000002000
        0.38400000000000001000
        0.17599999999999999000
       -0.21400000000000000000
       -0.24800000000000000000
        0.28799999999999998000
       -0.01600000000000000000
       -0.39000000000000001000
       -0.20599999999999999000
        0.34999999999999998000
       -0.33600000000000002000
       -0.18200000000000000000
       -0.03000000000000000000
       -0.47999999999999998000
        0.01600000000000000000
        0.23999999999999999000
       -0.09800000000000000000
        0.01200000000000000000
       -0.27200000000000002000
        0.24600000000000000000
        0.26400000000000001000
       -0.32600000000000001000
       -0.09200000000000000000
       -0.01200000000000000000
        0.27200000000000002000
       -0.17599999999999999000
       -0.06600000000000000000
       -0.14599999999999999000
       -0.02600000000000000000
        0.45000000000000001000
        0.02400000000000000000
        0.03400000000000000000
       -0.24800000000000000000
        0.32600000000000001000
        0.15800000000000000000
       -0.23200000000000001000
       -0.00400000000000000000
       -0.11799999999999999000
        0.01400000000000000000
        0.17799999999999999000
        0.13800000000000001000
       -0.34200000000000003000
        0.09000000000000000000
        0.27200000000000002000
       -0.32600000000000001000
       -0.14000000000000001000
       -0.04800000000000000000
       -0.01600000000000000000
       -0.11400000000000000000
       -0.29199999999999998000
       -0.38200000000000001000
        0.28000000000000003000
       -0.26200000000000001000
        0.49199999999999999000
        0.09200000000000000000
        0.17000000000000001000
        0.27000000000000002000
        0.11400000000000000000
        0.04800000000000000000
        0.25000000000000000000
        0.09200000000000000000
        0.25800000000000001000
        0.01800000000000000000
        0.24600000000000000000
       -0.00400000000000000000
        0.12400000000000000000
       -0.22000000000000000000
       -0.25200000000000000000
       -0.36399999999999999000
       -0.01000000000000000000
        0.03400000000000000000
       -0.38600000000000001000
       -0.13200000000000001000
        0.30399999999999999000
       -0.37200000000000000000
        0.06800000000000000000
       -0.22800000000000001000
       -0.34799999999999998000
       -0.06400000000000000000
       -0.28999999999999998000
       -0.11200000000000000000
        0.07800000000000000000
        0.19600000000000001000
       -0.09400000000000000000
        0.32200000000000001000
       -0.05200000000000000000
        0.02400000000000000000
       -0.01600000000000000000
        0.02600000000000000000
       -0.04600000000000000000
        0.10000000000000001000
        0.06400000000000000000
       -0.07400000000000000000
       -0.27000000000000002000
       -0.09400000000000000000
       -0.23999999999999999000
       -0.17799999999999999000
        0.35799999999999998000
       -0.15800000000000000000
       -0.37400000000000000000
        0.07400000000000000000
        0.22200000000000000000
       -0.07400000000000000000
        0.31600000000000000000
        0.05800000000000000000
        0.35399999999999998000
        0.13400000000000001000
        0.37400000000000000000
       -0.01200000000000000000
        0.05600000000000000000
        0.00000000000000000000
        0.02600000000000000000
        0.06200000000000000000
        0.18600000000000000000
        0.26800000000000002000
        0.25200000000000000000
       -0.03400000000000000000
       -7.78111072956393635000      -43.95343575865197750000       -0.31848747609005518000        4.67454890998221106000      -12.96845671480284068000       -2.80947273232199635000       -2.19669897748106191000       -8.27913408223559166000        7.73752988128735630000        8.47071891990826131000      -28.10196026929846620000       26.69574080439601720000      -12.39941723628578529000       36.84691563757652940000       -6.89084765730568716000        2.61617978914613714000      -26.10614497834252750000       17.37198441137059750000       -9.76956182969267495000       -9.50114496566519406000      -31.54242458829492080000       -4.31115739977292289000       15.06216522824723825000       -7.20464095663843906000       -5.85938993149327736000       -9.18373398909631611000       42.11314100343204100000      -12.40736365210678826000      -17.58196279675673070000      -51.89818925401312550000      -20.84181271083136270000