 3         8        29        48        56
        0.00    0
       1.000000       1.000000      31.240000      31.240000      31.240000      31.240000      31.240000      31.240000      31.240000      31.240000      31.240000      31.240000      31.240000      31.240000      31.240000      31.240000      31.240000      31.240000      31.240000      31.240000      31.240000      31.240000      31.240000      31.240000      31.240000      31.240000      31.240000      31.240000      31.240000      31.240000      31.228000      31.228000      31.228000      31.228000      31.228000      31.228000      31.228000      31.228000      31.228000      31.228000      31.228000      31.228000      31.228000      31.228000      31.228000      31.228000      31.228000      31.228000      31.228000      31.228000      31.228000      31.228000      31.266000      31.266000      31.266000      31.266000
      -1.000000      -1.000000       0.189000       0.189000       0.189000       0.189000       0.189000       0.189000       0.189000       0.201000       0.201000       0.201000       0.201000       0.201000       0.201000       0.201000       0.201000       0.201000       0.201000       0.201000       0.201000       0.201000       0.201000       0.201000       0.201000       0.201000       0.201000       0.201000       0.201000       0.201000       0.201000       0.201000       0.201000       0.201000       0.201000       0.201000       0.201000       0.201000       0.201000       0.201000       0.201000       0.201000       0.201000       0.201000       0.201000       0.201000       0.201000       0.201000       0.265000       0.265000       0.265000       0.265000       0.265000       0.265000       0.265000       0.265000
        0.41399999999999998000
        0.02200000000000000000
        0.37200000000000000000
        0.39800000000000002000
       -0.25000000000000000000
        0.01000000000000000000
        0.09000000000000000000
        0.06800000000000000000
        0.01200000000000000000
       -0.02400000000000000000
        0.26800000000000002000
       -0.08400000000000001000
        0.34599999999999997000
        0.17399999999999999000
        0.05400000000000000000
        0.23799999999999999000
        0.22000000000000000000
        0.27000000000000002000
       -0.17599999999999999000
        0.12200000000000000000
       -0.11000000000000000000
        0.06400000000000000000
        0.24199999999999999000
        0.12400000000000000000
       -0.36399999999999999000
        0.39600000000000002000
       -0.00400000000000000000
        0.34200000000000003000
        0.28199999999999997000
       -0.31200000000000000000
        0.29399999999999998000
        0.05800000000000000000
        0.27600000000000002000
       -0.28799999999999998000
       -0.09000000000000000000
        0.04800000000000000000
        0.03800000000000000000
        0.06400000000000000000
        0.32600000000000001000
        0.31400000000000000000
        0.15400000000000000000
       -0.04000000000000000000
       -0.09400000000000000000
       -0.37200000000000000000
        0.15200000000000000000
       -0.19600000000000001000
        0.33800000000000002000
       -0.23200000000000001000
        0.19000000000000000000
        0.04600000000000000000
       -0.09800000000000000000
        0.08000000000000000000
        0.08799999999999999000
        0.23000000000000001000
       -0.32600000000000001000
        0.39000000000000001000
       -0.34599999999999997000
        0.01800000000000000000
       -0.01400000000000000000
        0.24199999999999999000
        0.44000000000000000000
       -0.02200000000000000000
        0.24199999999999999000
        0.11400000000000000000
       -0.17799999999999999000
       -0.22000000000000000000
        0.34599999999999997000
       -0.14000000000000001000
        0.28799999999999998000
       -0.33000000000000002000
        0.25000000000000000000
        0.05200000000000000000
        0.16200000000000001000
       -0.22200000000000000000
       -0.34399999999999997000
        0.14000000000000001000
       -0.07400000000000000000
       -0.20599999999999999000
        0.18400000000000000000
        0.34599999999999997000
       -0.04200000000000000000
       -0.08599999999999999000
        0.01400000000000000000
       -0.29399999999999998000
        0.27800000000000002000
       -0.03600000000000000000
        0.35199999999999998000
       -0.10800000000000000000
        0.08400000000000001000
       -0.32000000000000001000
       -0.44200000000000000000
       -0.03000000000000000000
       -0.30399999999999999000
        0.16800000000000001000
        0.30800000000000000000
       -0.12800000000000000000
       -0.11400000000000000000
       -0.00800000000000000000
       -0.35199999999999998000
       -0.03200000000000000000
       -0.17599999999999999000
        0.07800000000000000000
        0.25600000000000001000
       -0.03200000000000000000
       -0.09800000000000000000
        0.13800000000000001000
       -0.03800000000000000000
        0.37200000000000000000
       -0.17000000000000001000
        0.04800000000000000000
        0.26800000000000002000
        0.04400000000000000000
       -0.32400000000000001000
       -0.36799999999999999000
       -0.17999999999999999000
       -0.01600000000000000000
       -0.25400000000000000000
       -0.32200000000000001000
       -0.32600000000000001000
       -0.07400000000000000000
       -0.37000000000000000000
        0.09200000000000000000
        0.22600000000000001000
       -0.18600000000000000000
       -0.22200000000000000000
       -0.31200000000000000000
        0.11200000000000000000
        0.19800000000000001000
        0.20000000000000001000
       -0.29799999999999999000
       -0.38200000000000001000
        0.01600000000000000000
       -0.08000000000000000000
       -0.25600000000000001000
       -0.05200000000000000000
       -0.03400000000000000000
       -0.07400000000000000000
       -0.25600000000000001000
        0.03200000000000000000
        0.26000000000000001000
       -0.20399999999999999000
        0.08200000000000000000
        0.36399999999999999000
       -0.36599999999999999000
       -0.14599999999999999000
        0.15600000000000000000
       -0.22200000000000000000
        0.03600000000000000000
        0.37000000000000000000
       -0.14399999999999999000
        0.44200000000000000000
        0.08599999999999999000
       -0.29599999999999999000
       -0.06000000000000000000
        0.09000000000000000000
       -0.24199999999999999000
        0.28199999999999997000
       -0.03000000000000000000
        0.24199999999999999000
       -0.06000000000000000000
        0.13400000000000001000
        0.08000000000000000000
       -0.12600000000000000000
        0.20399999999999999000
        0.25400000000000000000
       -0.02200000000000000000
        0.04400000000000000000
       -0.05800000000000000000
        0.03000000000000000000
       -0.11799999999999999000
        0.22800000000000001000
       -0.07600000000000000000
       -0.26600000000000001000
        0.27600000000000002000
       -0.12400000000000000000
       -0.35799999999999998000
       -0.14599999999999999000
        0.27800000000000002000
        0.23200000000000001000
       -0.10400000000000000000
        0.29799999999999999000
       -0.09000000000000000000
        0.01200000000000000000
        0.38000000000000000000
       -0.31000000000000000000
        0.30599999999999999000
        0.31000000000000000000
        0.18800000000000000000
       -0.10400000000000000000
       -0.02600000000000000000
       -0.24800000000000000000
        0.02600000000000000000
        0.16400000000000001000
       -0.25200000000000000000
        0.29399999999999998000
        0.01000000000000000000
        0.05400000000000000000
        0.09000000000000000000
        0.22600000000000001000
       -0.20000000000000001000
        0.03200000000000000000
        0.07400000000000000000
        0.24600000000000000000
        0.15600000000000000000
       -0.08200000000000000000
        0.17000000000000001000
       -0.28999999999999998000
        0.09400000000000000000
        0.23400000000000001000
        0.31000000000000000000
       -0.19200000000000000000
       -0.01000000000000000000
        0.05000000000000000000
        0.04200000000000000000
       -0.01200000000000000000
        0.20599999999999999000
        0.07600000000000000000
        0.24600000000000000000
       -0.12200000000000000000
       -0.05200000000000000000
        0.40999999999999998000
        0.03000000000000000000
       -0.39600000000000002000
       -0.11799999999999999000
       -0.26400000000000001000
        0.31200000000000000000
        0.17000000000000001000
        0.26000000000000001000
        0.33200000000000002000
        0.22200000000000000000
       -0.14399999999999999000
       -0.10000000000000001000
       -0.26800000000000002000
       -0.00400000000000000000
        0.36799999999999999000
       -0.15400000000000000000
       -0.20000000000000001000
        0.17199999999999999000
        0.14000000000000001000
       -0.15600000000000000000
        0.46400000000000002000
        0.05600000000000000000
        0.39000000000000001000
        0.20799999999999999000
       -0.07800000000000000000
       -0.07400000000000000000
       -0.27000000000000002000
        0.16800000000000001000
       -0.31200000000000000000
        0.19800000000000001000
       -0.38200000000000001000
        0.05800000000000000000
       -0.10800000000000000000
       -0.09800000000000000000
       -0.22000000000000000000
       -0.20799999999999999000
        0.20999999999999999000
        0.02000000000000000000
        0.22800000000000001000
       -0.29999999999999999000
       -0.11799999999999999000
       -0.00800000000000000000
       -0.27400000000000002000
        0.38000000000000000000
       -0.21400000000000000000
       -0.34599999999999997000
        0.20599999999999999000
        0.15600000000000000000
        0.20399999999999999000
        0.29399999999999998000
       -0.06800000000000000000
       -0.02200000000000000000
        0.05200000000000000000
       -0.33000000000000002000
        0.34999999999999998000
        0.14799999999999999000
        0.17999999999999999000
        0.02800000000000000000
        0.00200000000000000000
       -0.02000000000000000000
       -0.28999999999999998000
       -0.03400000000000000000
        0.17199999999999999000
       -0.17199999999999999000
       -0.08000000000000000000
        0.26200000000000001000
       -0.23599999999999999000
        0.13800000000000001000
        0.17599999999999999000
       -0.25600000000000001000
        1.71351780398775211000        1.40754925275276888000       -3.55120984734586997000        1.97249761744376539000        2.25383442367110032000        8.74030324176302464000        2.25804812441337654000        1.54153825891679142000        2.69714704374135961000        1.99518065511172082000        3.73129280213114001000        0.48292468838065322000        0.45599019704966398000        1.56951699423804181000       -0.40624563752534215000        4.35477514339297311000       -0.84467651378056829000        0.49038783144148418000       -0.90741114750130569000       -1.00025285173878675000       -1.29111557727300497000        4.59068586901016129000       -1.23024433535673872000        3.66232986752056089000       -0.18490759513869109000       -0.67383603265285152000        0.34747917278326701000       -0.14490221374075427000       -1.20080491530192468000       -0.94165621475559347000        3.24698446891935921000        2.22194952468468676000       -4.87829669431945323000        3.26187435312295149000        2.91721352427617564000       13.28680509425571010000        2.28155803411775260000        0.01349757301020630000        4.75972058046611490000        3.00476540663377412000        4.43533417645890715000        0.35523044759082789000        1.44350232526413391000        1.88849394163280082000       -0.80259300098378816000        6.25264772534249147000       -2.32169878270260943000        0.51098923093077797000       -1.55521674624670569000        0.36760120113740563000       -4.50270152490787634000        3.88209721115699224000       -1.62235804458495525000        3.89450438467941407000       -1.66210188411755144000       -3.41204922494481977000        1.68438392218972322000       -2.29203529220904123000        1.62182450965373981000       -0.03844812791852362000        5.01104791665502081000        2.41646595874667991000       -5.07391737279636601000        4.18719865674861502000        3.30650775470222769000       13.05170710515066368000        1.47795726749833145000       -0.60315839226856038000        4.26498121270731723000        3.89092030257100463000        3.07814550930420472000        0.38668893542512700000        1.76280281747798617000        1.50560918413152200000       -1.03891037609220849000        7.11046408097526506000       -3.85391123429242111000        0.13644830097525820000       -1.81692531112040045000        1.42002988704395205000       -6.45692652273704493000        4.10346555622359599000       -1.80672773711725143000        3.48320145809492043000       -2.83557482064580890000       -5.99487334269890848000        2.82500859544667282000       -3.75308619023567935000        4.73735877952488771000        0.21117782049657058000        6.46452237589450451000        2.67273114278261570000       -3.96822930642123284000        3.94651346435503125000        5.35402437956121080000       11.02804657711102010000       -0.58336193668437619000       -0.49554328094275540000        3.01002424273202251000        3.85677965866014283000        2.33859741738803528000        0.54393137683111437000        1.27277390823385583000        1.19907223619471659000        0.10675914874341640000        6.56037159367179967000       -2.81421049349778629000       -0.95907474318215158000       -1.77113002721746526000        1.66728832163299212000       -7.61023955462436774000        4.30338971539160298000       -1.89228073299347455000        3.83480423408103732000       -3.05310372347368997000       -6.54226960180322514000        3.57923096484999936000       -5.86967653257187472000        5.74174174190241082000        0.45131221253483633000        8.68023566120991852000        2.17327477731922913000       -2.09672385541745587000        3.85464556095182287000        6.00689474698442094000        4.54029798609344493000       -2.74012164573349359000       -0.68894755161513876000       -1.97612018774787845000        4.10021205657760657000        2.03484987347847346000        0.34377290610689754000        1.31464484047069585000        1.44070366109088033000       -0.88726142293111931000        5.58881204469953907000       -1.98977371496097755000       -3.24189336127255912000       -1.16097719933315791000        1.36629880864969189000       -7.93752266857758748000        0.79948656417104125000       -1.47180872604451518000        3.06273333321435670000       -4.63521726832736469000       -7.48322602093429623000        4.18727520386773211000       -5.77279273649952973000        9.63449449713058037000        1.08004990765840958000       10.04672991653756853000        1.53244035946158852000        0.23776351054210038000        3.82639352123202858000        7.26882381717961579000       -1.02896149108034907000       -6.15426999515437778000       -1.00731233190880509000       -5.24949719241513257000        4.10441901993486180000        2.65915767746010134000        0.15000612480319056000        0.84766525461686626000        1.35006878451592405000       -0.88820002476996041000        3.51553070916500499000        0.37019402829188963000       -4.07594196155257826000       -0.12534412434262121000        1.41418726297081099000       -8.21931835625039398000       -3.98968408938081875000       -1.02409112044587691000        1.32254199590348143000       -5.43359836991467926000       -7.50030707281341336000        4.33173145439642759000       -6.10971218120459536000       11.40779061834897234000        1.52544960354808801000       11.83324854575596596000        0.18458886925948179000        2.21421037688603839000        3.46370082769585608000        8.37669451230726025000       -5.65256628414659801000      -10.12151006737293990000       -2.04714007016505217000       -4.84913431523504723000        3.42142620694069377000        3.38466933861610375000       -0.10257436214390678000       -1.49370043659458562000       -0.07713733986508471000       -1.19997124615863204000        1.72116975047231335000       -1.09199610756118282000       -3.04907902430740929000        0.73871193917588207000        2.30167847077252397000       -7.27085725250164039000       -9.11587555523222370000       -0.75362277749825268000       -1.17725480483989009000       -6.36974443531726653000       -8.03822640548699319000        4.13251282163811684000       -7.49160019258366372000       12.41336564104552487000        0.92258578262720847000       11.87189956702273008000       -0.84052307589092723000        2.31678942589097803000        4.14222349252250144000        8.54670331157998930000      -10.44237800125706350000      -11.69740309868519468000       -2.91050636669549823000       -6.42217615246142426000        4.21646662737329070000        6.00868624136182383000       -0.46207510646545935000       -3.13947861458533550000        0.28082738673786872000       -0.69087630330522809000        0.22489758395406345000        1.40797259558417021000       -2.60154295966143767000        2.18472499648389373000        1.93322423694719614000       -6.29553732637527830000      -12.85258099214055960000       -0.52666576661805020000       -4.28363564811860087000       -7.72467997641092019000       -7.39195556313254709000        4.11839843042756915000       -8.17289606736646590000       15.25135072501965894000        1.78333801999523489000       10.21329390750541144000       -1.45405712459200864000        4.39554598210115177000        4.00158354009902517000       10.26872686880113328000      -15.16196373612396186000      -12.58033618817410115000       -3.14101655647956024000      -10.06012688933560995000        4.22756202805809256000        6.37600614244221919000       -0.61845696843030185000       -3.86359133202104266000        0.44716853738139273000        0.05861516687560047000       -3.65034229816017319000        4.43793161443744211000       -2.63586203160853039000        3.74890462656667189000        1.71492615044173102000       -5.55956130672608850000      -15.37637456060242158000       -0.03826931381063436000       -5.46220410378599119000       -7.30290234361786084000       -6.16741850906919442000        3.61318467303433177000       -7.83712437498560011000       14.83481075756435885000        2.40205099658413435000        9.08745851138179894000       -1.94428653541738528000        3.80901749755110020000        2.65452991643764591000       11.89237792812985006000      -14.65969914977805644000      -13.84616677668824814000       -3.92822577287276298000      -10.53706896428602313000        1.65994651719192876000       11.12878554289035371000       -0.96750993597789059000       -4.95015357535860900000        0.66841430127380408000        1.57084282456430735000       -6.26210523683432818000        9.67510865339025017000       -1.24659655083897336000        4.90886040840852811000        1.29046183624608157000       -5.51213932389416872000      -20.22912349491089760000        0.32560178291784669000       -6.62623424873714573000       -7.16321940734220064000       -2.97506683775037750000        2.61589514526080480000       -6.69181014925140349000       12.82145713032873857000        2.53755272181678526000        6.63832837222742977000       -2.52461013092665754000        3.85069969718897198000        2.56559590593068298000       12.32171821474145901000      -15.37776935143278223000      -13.91468557510031800000       -4.66208462269913593000       -9.62984446267355487000        1.21398801838824744000       12.59062137261198266000       -0.85631015382736242000       -5.00081061274338090000        1.37906069876917314000        1.85743465425827226000       -9.88788842754227204000       12.58247362064894048000       -0.93482768835322838000        5.69531349216166216000        1.38948305406749384000       -3.06236715774789658000      -20.39672996888321070000        0.97628901630914056000       -7.34200760253082318000       -6.47083183492470937000        0.06243876066022799000        1.83393582734138927000       -7.45023410866154734000       10.29050879616856129000        4.40299614638872416000        3.48376094149312410000       -3.55715686902226391000        4.12235706080085418000        2.32371320368391077000       11.16920677569973464000      -16.04401336281660310000      -13.89017079812770028000       -4.84179252434886376000       -7.79132421387733665000        0.52030368527023496000       12.12193236269335550000       -0.61647441061060293000       -4.08859359828125957000        0.90309614531310189000        2.39476348176412257000      -11.83709720266734244000       14.22506704486570150000       -1.17942071398342341000        6.31260316486000406000        1.39951017144313750000       -0.07558580949508958000      -19.21502605591610550000        1.37799085528795140000       -8.08372921392740373000       -5.39560968827259124000        1.66667427266099288000        1.33777908416929181000       -8.03439232030140360000        6.79780768637833788000        5.35880614058313842000        0.01516183561453313000       -3.22931293271150510000        2.94175267808727181000        1.82671654226742897000       11.43330051999428321000      -12.29455802229477257000      -11.33898283982588495000       -3.49688633114917691000       -7.05805887581903502000       -0.03948050108958254000       11.73467084402446936000       -0.04639418822559467000       -2.35720782827886000000        2.32249486276777750000        2.61510528664710895000      -14.87486081355401524000       18.14674939404845940000        0.34860739305484562000        6.49611996555434246000        3.99936846028219506000        0.29334361136824549000      -14.38547095161291622000        1.76034698754036656000       -7.65579351240578632000       -3.79634783281914823000        3.80314843005341086000        0.43748705167557195000       -8.02984646058218488000        2.47153614967879731000        6.85292793078965978000       -3.66290858003625885000       -3.29123506924523035000        2.52157980110869095000        1.23332751541637387000       10.86133055537184866000      -10.78918771920989350000       -9.48793452024092332000       -3.49060191764423600000       -6.86601688510886721000       -1.10165480617165379000        8.30811032216698209000        0.46166839201935961000       -1.88535328295109750000        1.87806622213071583000        3.35365834945883767000      -17.34859766332381170000       18.24329529430179520000        1.42197819850212803000        6.02487954935382852000        6.00737159217572358000        2.05864554743227401000       -7.97855425664333762000        2.00674433052473500000       -8.17209785376301490000       -1.96479024080997799000        5.87516776441522204000       -0.28501867804409503000       -7.81268254133480422000       -2.09935868801742842000        7.82175491777928666000       -7.37803312578604409000       -3.30088160693229815000        2.84672943903472842000        1.07689059955866773000        8.64850613787240086000      -10.03101056666340263000       -5.17322620977147629000       -3.20479348517929052000       -7.10098230569737421000       -1.65030252656048337000        4.59593482064497216000        0.79403653014690923000       -0.45252534974176578000        2.46010888647817483000        3.29875110756963874000      -18.59819817901061260000       16.11466291306711800000        1.07415427292199372000        5.86067278747176257000        6.70315887222406292000        2.87380821718056589000       -2.97290080167410675000        2.37847673328528053000       -6.47980986436499062000       -0.70582033621218176000        4.77497120253556684000       -0.55327182415601983000       -6.92129197963702403000       -5.71804918961437902000        7.77568645850559736000       -9.60466137032546818000       -3.02824353423839554000        2.12396207588568187000        0.31924751440853688000        6.28612379595591797000       -8.60335278830260108000       -2.07075099360184334000       -2.45908497366229239000       -5.96662666498734406000       -2.88215083028043839000        3.19812113616342364000        0.99881259132458022000       -0.01025550693213861000        3.15795400358137357000        2.30816375025742593000      -17.59464151473783030000       14.15380093596663791000        1.72687550408450807000        5.13617331885487527000        7.32441412666906899000        3.22014334938727975000        0.37120936408987415000        2.41562271303345000000       -5.87666134959410336000        0.29199080983753994000        3.55506053736472216000       -0.58215273762772546000       -6.10999753779896437000       -6.35912695650987292000        6.94408180070286019000      -10.87802994066044704000       -1.93883589330234884000        1.31105434383100361000       -0.40427862913226548000        4.64336834157059464000       -4.87830048703561747000        0.53784928536760035000       -1.47651515116413234000       -3.75575227845048687000       -3.49507739645996551000        4.39301718277750020000        1.25517763018486783000        0.37433133589875583000        4.92137453847393225000        1.83892457026539957000      -15.85219643290173686000       15.22778532244227279000        3.31107594598082278000        3.43733351346611249000        7.41369456702329188000        2.27994444583716094000        2.08256597011095845000        2.22006084008140903000       -6.04591070864772107000        0.99100907873476629000        3.16730781350086676000       -0.32319479158352449000       -4.79844178352629047000       -6.78748071229464411000        6.47763991890873037000      -12.40573958662089460000       -1.00066110669176611000        1.10030423674269096000       -1.58321648475943033000        2.04475058405455989000       -5.52813632958556234000        2.91613373616163196000       -0.19874800608516385000       -4.12366942910492273000       -3.64688512616580063000        1.98253641754970711000        1.72983660554415053000        1.37421651625116992000        4.72350596130473210000        1.61765967792237642000      -13.01966068888666506000       14.37156300792143249000        2.63763951974021760000        1.24426106402378145000        5.44573081417939342000        3.92593824147145298000        6.76382823204957795000        2.09292788820948905000       -6.26014270533589201000        1.85876441819354832000        2.65661844729525809000        0.10458880865058170000       -2.79126777164579165000       -6.44447637535046169000        5.61068353322095881000      -11.40636525787573596000        0.58044675166873816000        0.36538219105162706000       -3.55293399405715515000        0.57964294092038704000       -2.88885741304807864000        4.20803262672140121000       -0.36225881599399978000       -3.26950340336162926000       -6.01318531213374730000        2.38038122907253280000        1.74721966466114775000        0.78421371419215491000        5.05452076145434415000        1.28499151440414927000      -10.07942642518061049000       12.41003525856999623000        3.13503774260338730000       -1.40339756854454500000        3.88953122342545576000        3.41972457480413317000        6.91360978217331201000        2.04503669608034189000       -5.24835369081982428000        2.15415790477629621000        3.14929608164685693000        0.01426484329298642000       -0.18481634470528127000       -6.65227896972215937000        3.98587619205402222000      -10.00538730261987652000        1.59957735569626558000       -0.23575612741104457000       -3.72871946557909428000       -2.45022566778099460000       -0.31346759439482785000        4.83856878952138381000       -1.91158509479399252000       -1.14226981840186004000       -6.76468810930423725000        3.96347158044381187000        1.53955384160761977000        0.13373758745680731000        4.29637965847185743000        0.56518982909225046000       -4.74610282884764789000        8.60273339605788578000        1.79289026008553454000       -3.70237204743149029000        1.38180313945525235000        3.26822892268781917000        3.24978114610374824000        1.73695190681728273000       -4.53794739924290269000        1.63985095722816387000        3.13275936405063238000        0.52294363312911418000        1.77650856799764734000       -5.22620349938243223000        2.47254557703481481000       -7.81082003378260836000        2.18855384550242249000       -1.79186885634195092000       -4.09223139830450311000       -5.28673780836701823000        2.71515171895168361000        4.03261758812737625000       -3.53812154180830740000        3.49432546464036964000       -7.90699964772254926000        4.20118717614756498000        1.26956368791490348000       -0.08975652128174114000        3.10072984924956918000       -0.77507205859551920000        0.12439770672342064000        2.92380506255373307000        0.42441305057167444000       -5.40013091889503460000       -0.40993457034493597000        4.51673541655487476000        1.22577316424158167000        1.51577774481491967000       -3.43672093324734274000        1.12516320677647075000        3.22835696621274382000        0.81833822764691022000        1.85254066363507830000       -3.73831349066860508000        1.57582745832700755000       -4.73559026341306932000        3.08100195354136908000       -4.14024250076056433000       -4.95723443519575646000       -5.63938954526818659000       10.07301587937107001000        3.17357889692009465000       -4.81222499046537067000        8.46160981548581681000       -9.54944907133745780000        6.86704182124432361000        0.79978265876127241000        0.48443176599400772000        2.51439259941468629000       -0.85527671146526696000        4.55909416989351435000       -0.43371258398954443000       -0.29782709867614149000       -6.77571215351740808000       -0.47115071673412573000        2.63912517659758716000       -1.02329146537579563000        1.37163784145873691000       -0.87422107036284269000        0.17920876187628140000        2.46514916526919414000        0.76679972424360698000        0.46806957102008784000       -4.21107195015711699000        0.80066898390167507000       -1.21698311710011242000        3.61205575430462433000       -5.36152400657715056000       -4.77977470108722979000       -5.91671922004801942000       12.71824118477913856000        2.17760350131387970000       -5.16805035877989916000       10.38807471291375251000       -9.47083099415439023000        5.80608543249836462000        0.56730286125301099000        0.38004699079305221000        1.25097398962771589000       -0.91253072483887743000        8.88964238342424906000       -4.90658528678828265000       -0.79718596632684247000       -7.62946562708438503000        0.26067888787313498000        0.98843835868577867000       -0.57582179009210632000        1.08329434988627238000        0.32728117877939644000       -0.52299370730980932000        0.35123251668319289000        0.69320952294872618000       -1.13107542900323121000       -3.04462612257148146000       -1.00573710940658034000        1.52999342499331825000        4.63751988038165841000       -6.04414412941442514000       -4.07524847019368952000       -5.19576362087303600000       12.72227788879232335000        1.67690490601276410000       -4.98340630717950805000        8.09101789858072529000       -8.19162104287622483000        2.40726648304682689000        0.37343502094577147000        0.06485575093730429000        0.03106227038247363000       -0.82297618262858052000       10.65727476475448654000       -8.23008590653056160000       -1.98463223302683534000       -8.43918298583145621000        1.73135911832048461000       -0.68254152729938222000        2.50845132138607418000        0.89966439832202805000        1.30897121631859270000       -0.89429253324395064000        0.11763994505758806000        0.79806838563288318000       -2.27168448572981774000       -1.28713057218393545000       -1.23347380734623679000        3.88763948764129896000        4.76772336786515716000       -6.76885764943935353000       -4.23314088870556926000       -3.30159554713541947000       12.02823910103302118000        2.02875649864299890000       -4.63412761688047770000        4.64655259253908426000       -7.78188745714912500000       -0.54937062256213121000        0.11017092305838772000        0.24261328450542965000       -1.75106098289343937000       -1.36004689671538626000       11.93758183952935781000      -11.97921394860810018000       -3.73198395448472819000       -8.19151046249069736000        2.84488979441196266000       -1.81455581856790049000        4.90941693240257404000        0.69833571692245633000        3.34877737407457854000       -1.41060089521814480000       -1.47515372954924184000        0.82247452761928730000       -3.08247614092005540000        1.20538302492059524000       -2.15691090184939194000        5.61334254340192995000        3.76738521565927709000       -6.84029195756814623000       -2.97523057424506510000       -3.44656972218189628000        9.48952255417365898000        2.16095785192801415000       -4.89102618401102163000        1.08311098462347277000       -5.72149878037521020000        0.44179207007996041000       -0.10474066848456144000        1.19730050797289156000       -2.61455524693306129000       -0.47236555022561999000       15.84436349517454445000      -12.36292427169808761000       -7.42267268758941778000       -6.83981748947706603000        0.72847796624457684000       -2.17851600687779712000        3.50629911521828719000       -0.06751947915482776000        4.64357257294571291000       -3.10724734398253588000       -3.82962593531416129000        1.34879787574445165000       -3.36369116649546962000        4.32334461887970711000       -2.67956124999924894000        8.62288304477495870000        3.39832074365211900000       -7.62414479951385804000       -2.48832732750089791000       -2.05119868642301961000       10.71680622395419569000        1.63316736885543312000       -3.81212743832231249000        0.07664106711050880000       -4.22615972015634345000        4.99640246741573790000       -0.38079153032425889000        2.58653752700750861000       -0.65686764171087897000       -0.75056048923531649000       17.54778184427617660000       -8.59919263796094668000       -8.14741221328962340000       -5.51172089380886732000        0.82408599283076323000       -4.55904259505507348000       -0.15455334619321481000       -0.38994014014057726000        5.70956023168935278000       -4.86434930538862353000       -5.43524748403476465000        1.40201599416233291000       -3.86813605895393042000        7.10508404444270702000       -2.34873059065230549000       11.73347756527549990000        3.05006794092944578000       -5.95005873567888788000       -1.82634985927925753000        0.29545371177621593000       10.26290482425927486000       -0.76873890232686515000       -2.49884821696728876000       -0.05036103669273648000       -1.89402461458770310000        6.86328869936585129000       -0.58340741050418965000        2.78116474290612148000        0.12160564185740405000        0.20107418535254729000       15.14904668525335652000       -5.54729741936255660000       -7.22878523453197630000       -4.56880372552438008000        1.34548781602345380000       -6.91052172829458300000       -3.93669958327999359000       -0.06732613276502120000        5.91446635959337108000       -5.47037436747782291000       -5.98905238122822503000        1.36541364266806275000       -4.05367800761366315000        6.51581590935135324000       -1.91693663351519272000       13.28906549843022411000        1.93317447143728538000       -6.19688347442309251000       -1.92279763203779752000        3.81742137640669865000       10.03636270882442716000       -0.98130503798102497000       -2.53235831017635427000       -0.93700146975618048000       -0.95094880364280343000       10.17440210678898893000       -0.47530705538916457000        2.18921065118920577000       -0.20215261338734289000        0.98435168653765126000       13.31156164109207474000       -3.23537283066518988000       -6.61064716682500464000       -3.04693644025646160000        0.43364270952030959000       -7.03011244001351887000       -5.98662329468296228000       -0.20223137151804438000        6.21529566941580569000       -6.42277493518177778000       -6.09564742414322414000        1.29255498099940946000       -3.92382754360658881000        7.60093590292726340000       -1.90480678055581154000       13.73167563620040887000        0.99410798129309874000       -5.34039718408073760000       -2.44227357592054695000        8.76718603269467778000        8.23303655935742285000       -1.24734208941237457000       -2.79934078469709124000       -3.08532092508826539000       -0.40474840788904221000       12.55492552300143316000       -0.25421516883147799000        1.85105557174717106000        0.00739392456374201000        1.17492603080011215000        9.41644788241253572000       -0.17061939667891943000       -6.30338985120711648000       -1.59801808680574631000       -0.03100032269433746000       -6.46322415574104969000       -7.05104825138128888000       -0.06061630356684088000        6.42398053586017337000       -6.76623042466290236000       -6.13279343282892508000        1.27675284292551150000       -4.61518123559663174000        8.40320463028419873000       -1.19079263454131268000       13.87803498502093369000       -0.31845315701177551000       -3.01820184337018249000       -2.58114613548307181000       13.63147971545298454000        4.74993503306659548000       -2.83732147520372768000       -3.18716538608471955000       -4.68960762816662857000        0.21207042833320508000       13.30109937503556239000        0.12493801494366633000        1.30957598948641540000       -0.19564352810758789000       -0.57909010857196230000        4.73882489470412160000        1.78378606964582742000       -4.95818312267587569000       -0.21730828056653392000        0.61789098990861069000       -4.81393558999479154000       -9.21326991458186839000        0.11207717925816317000        4.87741010900987693000       -6.38854568308982618000       -6.49531194225784425000        1.09158839366477456000       -5.25281266578609163000        9.92421050442085218000       -0.84926516316492118000       13.25702726522154329000       -1.50841644991744062000       -0.16870220173565928000       -2.57911596827636336000       17.73387576283022680000        1.63002920735987877000       -3.87141008287633737000       -2.78569527653257909000       -6.21666570045962708000        1.24160249658829414000       11.90072483597698216000        0.45261522111407265000        0.98051881274295516000       -0.89585007075986489000       -2.35111904832163798000       -0.61673674374612431000        2.48254082010594779000       -3.06931680274765650000        1.06264195558000285000        1.48792362827552571000       -3.31276715036883251000      -10.00224715780856499000        0.35217000433474416000        3.65686763102914414000       -5.35682678677919366000       -6.78994223372935757000        0.56286312304775221000       -4.92910761592191005000       10.09477379429034194000       -0.70337815180276564000       12.81446149247041788000       -2.34525391783749138000        3.19930957018517326000       -2.29953667448298038000       21.07383214718652200000        0.70240174544963219000       -4.84551794670921865000       -2.76468918409334163000       -5.81759284588939440000        1.90907770162775425000       13.98592034218724223000        0.63745845878269480000       -0.23918750602355185000       -0.65477256196052902000       -3.03493569259517804000       -5.78996414830039008000        4.96892271218955361000       -1.23471144178018322000        1.69542120016658537000        1.52160061935001778000       -3.21915979100970384000      -14.31654263312952580000        0.58506264387674245000        3.13725819040557674000       -4.66686714152003823000       -5.77736673221935870000        0.15947231346849775000       -4.37707302353821603000        7.78264647758909689000       -0.43797437545361317000       12.16484984017676574000       -3.22126650064178888000        6.32431853543231082000       -1.40966488161614256000       22.59466357383117700000       -1.17670880807328171000       -4.89518426059933720000       -2.11107404833692991000       -5.41769836578308173000        3.20325822278044248000       15.78376224039206299000        0.80477288998889351000       -0.60584965968490145000       -0.68727065275164223000       -6.36456251908617965000       -9.51161769496317433000        6.00020572445170863000       -0.13645699005536008000        1.93053347759096439000        1.23775738268058300000       -2.17408513376974621000      -19.15693166806267560000        0.91172132324528821000        2.47136201355974894000       -4.63337108921807594000       -5.71682421346161007000       -0.26599823864720934000       -3.52865920511108966000        8.37210076074557818000       -0.34734462163664032000       10.69411209849047317000       -4.34066478819679347000        6.92814599574714940000       -0.41038460401378041000       23.43150516090200600000        0.02013467690698562000       -5.91447997318082397000       -3.63220462727821758000       -2.04065158345293041000        3.55282606331418238000       16.65385966388297230000        0.69356985589767295000       -1.72609275138781726000       -2.80716573776950629000       -9.13360800299536280000      -11.59091594629124522000        4.08057563622647912000        1.36595052540897011000        1.97050847446155419000        2.79228735715145060000       -0.06630500951587152000      -22.51352128437666880000        0.84952028976847260000       -0.06868307744777802000       -4.60189493002907479000       -4.54848835880929059000       -0.44407207263200177000       -4.49741810622254246000        8.62269328154118675000        0.29526153067239447000        9.53861578529799736000       -4.46519500417849535000        6.38789781855399674000        0.36620376227352153000       22.82969569461446470000        3.19413091365236035000       -6.61528772300069523000       -4.16479992930152410000        2.10079051068115774000        2.89221343268097408000       18.37385888155780830000        0.50613684700731321000       -2.81850311699081102000       -2.87250529911409336000      -11.16385981242367009000      -13.12252117862328404000        3.73426861555853717000        3.43785970694849663000        2.12847706891565780000        5.21524870766998561000        0.73880686553366626000      -25.04904448400618830000        0.72903960359956921000       -0.96848244648821746000       -4.30647721179458731000       -1.79171705546895987000       -1.36753880796433447000       -5.53844348262797581000        6.84384640666108712000        1.12467838169123246000        8.45130123940006328000       -4.35109424337452211000        6.45786754044791866000        2.38186936185346854000       20.66902356816279250000        4.06362159669561951000       -6.27066436184013210000       -3.54153259113518137000        4.21966235228876396000        4.05718694763324805000       16.27724344067128470000        0.65723165056457744000       -3.77241397247878707000       -2.38239050306410460000      -13.69481943504657906000      -14.98052015762135092000        2.32082559314350823000        5.72574906671439265000        1.83106684057111413000        8.43312426366249390000        1.19321701874647368000      -23.57484524482068620000        0.74048326600907299000       -2.54804492443601482000       -3.72857576172743821000        0.26335022458363749000       -2.13698234898872741000       -5.81594863998088396000        5.89022874581743494000        2.07077457733570425000        6.05423714810108216000       -4.16645172623105520000        5.92351774484396820000        3.75541119108725407000       16.26788986721308560000        1.26907007067779531000       -5.42284448498251059000       -2.84456189389729097000        2.56084928882822682000        4.13110757984859500000       13.64618462408832400000        0.80161898783171126000       -4.31582421134344596000       -1.70630758334691102000      -14.55248850971484842000      -14.12190931017700635000        3.62971761862637310000        5.80495349155583096000        1.47588423863840812000        8.91152192601179749000        2.48937048421434737000      -20.68580469866958180000        0.44687242040016950000       -4.98340399888638164000       -2.95767385314408049000        2.77594708757672848000       -2.21918981970132734000       -4.26827188310280725000        6.89067109975732262000        2.60358333797181674000        3.09893158812968794000       -3.42434945601568952000        4.92425183183032100000        4.55195481258341950000       10.03817654008956595000        0.32838889288249790000       -3.59198651546811742000       -0.84740566947632878000        2.95786921867752994000        4.35490322254779372000       12.22867190229510470000        0.95990047557197755000       -3.82652120178092714000        0.00543977219145150000      -13.39760317433846737000      -12.37770725861798127000        6.16583638021777780000        4.32226838710433992000        0.73319522300767814000        8.08678951325396511000        3.59142578525303602000      -16.12027201266968040000        0.26491878530130869000       -4.74664093546849752000       -2.27900711350149576000        5.73346248929289626000       -2.05075032519217482000       -3.56396017283724165000        4.70147836348238179000        4.04083490392685096000       -0.29959566220917272000       -3.01455339299932490000        4.81420189858550529000        4.11432735887281176000        6.13453708721888447000       -0.23714590925035273000       -2.12689487068426208000       -0.20646199299391077000        2.26685207067495975000        3.04848900958710578000        8.70081681410810148000        1.05363114055366869000       -3.17248917492654270000       -0.02219235180248195000      -11.99472923243657796000      -10.39074174992257404000        5.58849617981350733000        2.90217010387813623000        0.51579961438004485000        8.23956709692991041000        4.34631213888659929000      -11.53237466270615741000       -0.01600297685081167000       -4.28629230346682455000       -0.88781537641153774000        6.35907931755934097000       -2.00664348761018907000       -3.14753590979024489000        1.64496647746341851000        3.86915567555163964000       -1.75773442637035759000       -1.89475986287696707000        2.46033077302781189000        3.73424679084430533000        1.47714154722589708000        2.51869781810203053000        0.84863709376713714000        1.72067790738968185000        3.97673007369473952000        2.67677252194893534000        9.31638692393026879000        0.99023113192634826000       -2.44087665744578564000        3.25183921580913893000       -9.93413272261012992000       -7.32369181870699926000        7.60768020178969184000        3.56106212784789822000        0.75604469888211800000        6.79774278279460553000        3.01399160831557511000       -8.45129803248678790000       -0.38883111202690035000       -2.55586575711770392000        0.02516227497361567000        6.94068355396627901000       -1.83836601290966750000       -0.76748708073388250000        0.29498593065835044000        3.67959481561889623000       -3.80099083109444091000       -0.87021299875358260000        1.05480570613052516000        2.56065918563488903000       -0.93154091971853115000        3.57771269414849513000        3.57763708806970682000        3.35099893349208067000        3.54389924788417510000        1.99823746342553732000        4.94591272404276427000        1.05579016194193098000       -1.29442147836524901000        3.72049737608835640000       -8.89896280625514713000       -5.14885669479838981000        6.37336836545674057000        4.54433390362151357000        0.41617464405107918000        6.43440660051790214000        2.33361899921485216000       -2.51811097377397086000       -0.48387520640323733000       -2.15093362386881148000        2.12395779234083149000        5.69386207103722697000       -1.44581566435765851000        1.74684301880591386000        0.09293106553809879000        2.16998019468614256000       -5.12806315864659101000       -0.26232594089109029000       -0.11920668614055065000        0.97345011641513168000       -2.96938945371497676000        2.77600808092406437000        6.25278931004786465000        3.76319487682574216000        1.19055453032916247000        1.04766787414361939000        1.24348611495295058000        0.72255459923014553000       -0.41270053017787128000        2.70246584278491975000       -9.59702385387258339000       -1.89370470703757010000        1.90746686545051380000        3.71476139832047680000       -0.05505540524290443000        5.78486153695036176000        2.29693902950256446000        0.20647022779718607000       -0.39248248443713951000       -1.87495496236726433000        2.71580665023677037000        2.81759279158536158000       -0.75574023541434410000        3.97994253876818416000        2.96971875889407100000        0.32628877006999202000       -5.20999673791140250000        0.27102819911838066000       -0.85608484480842539000       -0.62514060116508752000       -5.54315711115277487000        4.61306324414135016000        6.07877260214376225000        2.54653023267492173000        1.87301246100516616000       -0.85718213903797724000        2.27629310750073932000        0.43175646606998253000        0.09636749093460259000        2.24365920429419230000       -7.00021560767922857000        2.28129738906349688000        1.15439046560875891000        2.22281764132986792000       -0.88517559341441043000        2.25203403683101389000        2.33753408377809979000       -1.32231954013422781000       -0.58859940203999306000       -0.91706235315320628000        2.65195304932394516000        3.37619786961861035000       -0.35087642351575637000        6.47521190813920189000        1.31053670409579159000       -0.49209280729835347000       -4.55390615626454309000        1.09873299167948035000       -1.75902132223411867000       -1.55364253259258533000       -5.96963663651372833000        4.63032148113063524000        7.93730890240274078000        3.84499214114802923000        0.66287322574806173000       -0.86498729321609757000        1.15822426178556870000        0.59081058645089801000        1.45840124567186913000        3.08703969620733165000       -6.93833012704748953000        5.94177577912026855000        0.04023032072787705000        1.04027196374885689000       -1.25371582319271324000       -0.30348303089287115000        2.55650033882234151000        2.42733312695670955000       -0.93129203952320982000        1.54989331892775728000        2.84503072520559952000        1.82843280546556120000       -0.50234262661144558000        7.34195298750407943000        3.07599921399257559000       -1.78738286026403492000       -3.95271911516418628000        2.28531082637974636000       -3.58607541818334186000       -1.53503312887509180000       -5.05449357008373390000        6.69945141001301092000        9.49053746564027989000        5.20261552641246183000        0.33004098085574818000        0.63789108273652873000       -0.87806579095507953000        0.97775865766004100000        3.02407344866594840000        3.90938183516399729000       -6.44351188576790523000        8.10513941728778953000        0.36225601005671504000        0.62858161253514089000       -1.94759599056481325000       -0.85257216236953060000        2.66666388906608010000        8.94493726666502198000       -1.24210282657344773000        3.17918309553855094000        3.35718835847128805000        1.83193838455302971000       -0.57395739059215589000        6.68488395637598121000        4.09142343974042433000       -1.48645074429862900000       -2.40599248710517744000        3.13043890392074209000       -3.39691651910627312000       -0.86748757435714008000       -3.53270398676402131000       10.06233761729010645000       10.06604277735149466000        4.97915433178091771000        0.75649786058000179000        1.58819807756366171000       -2.91855110646428884000        0.75791942157358960000        3.32791641830092466000        3.70813900102237115000       -5.71942357679464664000        8.57486606837714227000       -3.06794860946596115000        0.11875815640863133000       -2.54716130793441797000       -0.12982727875810560000        0.04982448471239629000       10.87657978520662638000       -1.21028649503401176000        5.92036477734499389000        3.40173549197308489000        0.40609101300003558000       -0.57318409110280333000        5.37651273611463232000        2.41949288402769502000       -1.79789859427026677000       -0.57647231917778274000        3.47681180256884259000       -3.19891849367860903000       -0.69920527565401225000       -2.09121523967743084000       13.68910480275522268000        8.85889585768180865000        3.03024215009996256000        2.68166953764163640000        1.28959203537014933000       -2.64075716480245681000        0.52160225604595034000        3.08555535841972617000        3.19373511168058100000       -4.14432527794113703000       10.14749795655756515000       -6.63304066569110518000       -1.38167191855707316000       -3.05805100955598386000        0.42235793758829770000       -1.88491361887263764000       10.45851962986901640000       -1.46406402470199271000        8.34853128823220736000        2.74427893296535652000       -0.73965253549488874000       -0.18675947015864716000        2.56693936930202993000       -0.15309391301657374000       -1.59307797358462233000