 2         8        30        48        56
        0.00    0
       1.000000       1.000000      31.240000      31.240000      31.240000      31.240000      31.240000      31.210000      31.240000      31.240000      31.240000      31.240000      31.240000      31.240000      31.240000      31.240000      31.240000      31.240000      31.240000      31.240000      31.240000      31.240000      31.240000      31.240000      31.240000      31.240000      31.240000      31.240000      31.240000      31.240000      31.240000      31.240000      31.240000      31.240000      31.240000      31.240000      31.228000      31.228000      31.228000      31.228000      31.228000      31.228000      31.228000      31.228000      31.228000      31.228000      31.228000      31.228000      31.228000      31.228000      31.228000      31.228000      31.266000      31.266000      31.266000      31.266000
      -1.000000      -1.000000       0.249000       0.249000       0.249000       0.249000       0.249000       0.249000       0.249000       0.189000       0.189000       0.189000       0.189000       0.189000       0.189000       0.201000       0.201000       0.201000       0.201000       0.201000       0.201000       0.201000       0.201000       0.201000       0.201000       0.201000       0.201000       0.201000       0.201000       0.201000       0.201000       0.201000       0.201000       0.201000       0.201000       0.201000       0.201000       0.201000       0.201000       0.201000       0.201000       0.201000       0.201000       0.201000       0.201000       0.201000       0.201000       0.201000       0.201000       0.201000       0.201000       0.201000       0.201000       0.201000       0.265000       0.265000
       -0.10800000000000000000
        0.00200000000000000000
       -0.37000000000000000000
        0.26000000000000001000
        0.22000000000000000000
       -0.35399999999999998000
       -0.33800000000000002000
        0.25000000000000000000
        0.38400000000000001000
       -0.25400000000000000000
        0.31800000000000000000
       -0.01600000000000000000
       -0.18800000000000000000
       -0.28999999999999998000
       -0.26400000000000001000
       -0.07800000000000000000
        0.39000000000000001000
        0.12800000000000000000
       -0.30199999999999999000
       -0.39600000000000002000
        0.28000000000000003000
       -0.01800000000000000000
       -0.07000000000000001000
        0.05000000000000000000
       -0.15200000000000000000
        0.06200000000000000000
        0.19800000000000001000
        0.24600000000000000000
        0.28199999999999997000
       -0.13800000000000001000
        0.39400000000000002000
       -0.01200000000000000000
       -0.34399999999999997000
       -0.01200000000000000000
       -0.28599999999999998000
        0.14999999999999999000
        0.15400000000000000000
        0.03200000000000000000
        0.37800000000000000000
        0.23400000000000001000
        0.48999999999999999000
        0.05000000000000000000
        0.36199999999999999000
        0.18800000000000000000
       -0.20799999999999999000
       -0.28000000000000003000
       -0.25200000000000000000
        0.09200000000000000000
        0.07199999999999999000
        0.03600000000000000000
        0.33000000000000002000
       -0.01200000000000000000
       -0.40000000000000002000
        0.34000000000000002000
        0.00000000000000000000
       -0.11200000000000000000
       -0.25000000000000000000
        0.27400000000000002000
        0.07600000000000000000
       -0.04400000000000000000
        0.22000000000000000000
        0.02400000000000000000
        0.28799999999999998000
        0.14999999999999999000
        0.18200000000000000000
        0.03400000000000000000
        0.15800000000000000000
        0.23200000000000001000
        0.28000000000000003000
       -0.12800000000000000000
       -0.43800000000000000000
        0.05800000000000000000
       -0.08200000000000000000
        0.08599999999999999000
        0.37800000000000000000
        0.25800000000000001000
        0.27000000000000002000
        0.39200000000000002000
        0.33400000000000002000
       -0.15200000000000000000
       -0.41599999999999998000
       -0.04400000000000000000
        0.19000000000000000000
        0.07600000000000000000
       -0.22000000000000000000
        0.20599999999999999000
        0.20200000000000001000
        0.18400000000000000000
        0.09800000000000000000
       -0.10199999999999999000
       -0.31000000000000000000
        0.06800000000000000000
        0.05000000000000000000
        0.14799999999999999000
       -0.23000000000000001000
       -0.04000000000000000000
        0.29399999999999998000
        0.07600000000000000000
       -0.31800000000000000000
        0.03200000000000000000
       -0.36199999999999999000
       -0.04400000000000000000
       -0.10400000000000000000
       -0.13600000000000001000
        0.05600000000000000000
        0.37400000000000000000
        0.29199999999999998000
       -0.40000000000000002000
       -0.00200000000000000000
       -0.20799999999999999000
       -0.34000000000000002000
        0.06600000000000000000
       -0.33800000000000002000
       -0.17199999999999999000
        0.23599999999999999000
        0.04000000000000000000
        0.25400000000000000000
       -0.29999999999999999000
       -0.31000000000000000000
        0.19400000000000001000
        0.33600000000000002000
        0.03000000000000000000
        0.24399999999999999000
        0.20399999999999999000
       -0.36199999999999999000
       -0.20799999999999999000
       -0.07199999999999999000
       -0.08599999999999999000
        0.16000000000000000000
       -0.34799999999999998000
       -0.15200000000000000000
       -0.05600000000000000000
        0.31800000000000000000
       -0.01800000000000000000
       -0.19800000000000001000
        0.02200000000000000000
       -0.33200000000000002000
       -0.34399999999999997000
        0.15600000000000000000
        0.37600000000000000000
        0.12000000000000000000
       -0.05000000000000000000
        0.03000000000000000000
        0.14199999999999999000
        0.30800000000000000000
       -0.01200000000000000000
        0.01800000000000000000
       -0.16000000000000000000
        0.08200000000000000000
        0.00600000000000000000
        0.34399999999999997000
       -0.08000000000000000000
       -0.20000000000000001000
       -0.26000000000000001000
        0.23599999999999999000
       -0.13000000000000000000
        0.23799999999999999000
        0.21600000000000000000
        0.19000000000000000000
       -0.14199999999999999000
       -0.35799999999999998000
        0.07600000000000000000
        0.39200000000000002000
       -0.36599999999999999000
        0.34599999999999997000
       -0.18400000000000000000
       -0.08799999999999999000
       -0.26200000000000001000
        0.17199999999999999000
       -0.26200000000000001000
        0.11000000000000000000
        0.06400000000000000000
        0.03800000000000000000
       -0.28599999999999998000
        0.00000000000000000000
       -0.02800000000000000000
        0.01400000000000000000
       -0.13800000000000001000
       -0.38400000000000001000
        0.17999999999999999000
        0.35199999999999998000
        0.03000000000000000000
        0.03400000000000000000
       -0.26600000000000001000
       -0.00400000000000000000
       -0.03800000000000000000
        0.07600000000000000000
       -0.29999999999999999000
       -0.09200000000000000000
        0.01600000000000000000
       -0.18800000000000000000
       -0.06400000000000000000
        0.24199999999999999000
        0.01600000000000000000
       -0.26400000000000001000
       -0.35599999999999998000
       -0.01200000000000000000
       -0.16400000000000001000
        0.23200000000000001000
        0.14799999999999999000
       -0.06000000000000000000
        0.00800000000000000000
        0.26400000000000001000
       -0.35399999999999998000
        0.06600000000000000000
        0.23000000000000001000
       -0.13800000000000001000
        0.37200000000000000000
        0.15600000000000000000
        0.21800000000000000000
        0.46999999999999997000
        0.01800000000000000000
       -0.16400000000000001000
        0.04800000000000000000
       -0.29399999999999998000
        0.34000000000000002000
       -0.08000000000000000000
       -0.38800000000000001000
        0.17199999999999999000
       -0.36199999999999999000
       -0.16000000000000000000
        0.00000000000000000000
       -0.34200000000000003000
       -0.33600000000000002000
       -0.39600000000000002000
        0.34200000000000003000
        0.08799999999999999000
       -0.21400000000000000000
       -0.18800000000000000000
       -0.04600000000000000000
        0.28999999999999998000
       -0.07600000000000000000
       -0.04800000000000000000
       -0.03200000000000000000
        0.12400000000000000000
        0.03000000000000000000
        0.38400000000000001000
        0.26800000000000002000
       -0.29999999999999999000
       -0.33200000000000002000
        0.33400000000000002000
       -0.04200000000000000000
        0.10199999999999999000
        0.06200000000000000000
       -0.31400000000000000000
        0.01200000000000000000
        0.29199999999999998000
       -0.39400000000000002000
       -0.40000000000000002000
       -0.08000000000000000000
        0.24399999999999999000
       -0.01400000000000000000
       -0.28799999999999998000
        0.00000000000000000000
        0.23599999999999999000
       -0.22000000000000000000
        0.21400000000000000000
        0.07800000000000000000
        0.08200000000000000000
       -0.05400000000000000000
       -0.07199999999999999000
        0.07400000000000000000
       -0.35599999999999998000
       -0.24199999999999999000
       -0.31800000000000000000
       -0.21400000000000000000
       -0.03000000000000000000
        0.02600000000000000000
        0.35999999999999999000
        0.15800000000000000000
        0.32600000000000001000
        0.07600000000000000000
       -0.35199999999999998000
        0.31200000000000000000
        0.26400000000000001000
       -0.22800000000000001000
        0.34000000000000002000
       -0.35799999999999998000
       -0.14399999999999999000
        0.14799999999999999000
        0.03000000000000000000
       -0.06600000000000000000
       -0.12000000000000000000
        0.38800000000000001000
       -0.22200000000000000000
       -0.35599999999999998000
       -0.34000000000000002000
        0.39800000000000002000
        0.25400000000000000000
        0.02000000000000000000
       -0.47799999999999998000
       -0.02000000000000000000
        0.06400000000000000000
       -0.39800000000000002000
        0.06400000000000000000
       -0.20599999999999999000
       -0.38800000000000001000
       -0.26000000000000001000
        0.16800000000000001000
        0.16000000000000000000
       -1.42419708810259271000       -1.17433848525760531000       -1.11334559798755373000        0.87220743769466169000        2.61576051524254760000       -4.38384367910155515000        5.69117125201877716000       -1.57217331726825549000       -5.44262427244240676000       -0.07116273405005463000       -0.36925637714806042000        0.44454786276650188000       -2.28057683124308763000       -5.74864492162468732000       10.97704014278398432000       -7.98867184518455709000       -0.91116388566037876000       -1.25208623315773737000      -12.19678014760511786000        3.85458731264231824000        1.21063947699762608000       -0.39551046813074586000        8.61275830360197325000        3.25611101247169721000        3.58577807869345966000        7.53057216225342874000        1.67016354974168713000       -3.76484628535008659000        2.27427640706824796000        5.44341272699598555000        3.22071142933108412000        0.66395326417372957000       -0.99944819706341792000        0.15775195130932754000        0.25071686915668046000        2.82352621019408501000       -6.34250317881881731000        5.21821879053033832000       -1.07296825353961744000       -5.71957379365000929000        1.91991245467082727000       -0.50299783829116962000        1.61358440181515839000       -3.25495613862834254000       -2.10637459502832769000        8.26598834601169052000       -7.31621415970549194000       -0.60877919336820085000       -1.77217376582885788000      -12.39056856231239756000        1.60518275832634449000        0.86436158462948676000        0.24062896001351330000        7.81966865360768182000        3.01030369162333056000        4.45743529952375628000        9.38142225856899259000        1.12803967915076853000       -4.44264607220029362000        2.56259079412510360000        5.11618705821928721000        4.54893286427464361000        2.04803584252437565000       -0.50549694188979311000        3.27436385788608630000       -0.12836427552455115000        2.54314949838972604000       -8.76155427920635077000        3.62045432627577846000       -0.56223694127066248000       -5.42359758420746996000        2.07625559840445284000       -0.38757476096927501000        3.67731183326996636000       -3.17360684474573329000        1.60377740984076689000        6.50879662050051078000       -7.86078385603870444000       -0.07169089332590889000       -0.09066183913356901000      -13.69454359076753569000       -0.95510674269213514000        0.49952672439324108000        1.30981050055261172000        5.61426376756346279000        3.79073384081070186000        4.67185849325932434000       11.05085723252641472000        1.03721532039376418000       -4.95013146864017539000        3.88408648158598302000        4.77413163553858411000        5.37495105260063166000        3.82202450339761191000       -0.23583552183409065000        4.91874147374669501000       -0.08858133557122565000        0.52831715428154125000      -11.16720139924403554000        2.98743469141515439000       -0.29250463223418499000       -4.28144653209457093000        2.10567168933341353000       -2.25427489841590711000        4.46153484395497912000       -2.16738735365573421000        3.13186152935369000000        7.37689275230373820000       -7.54416926881850269000        0.46669555526089551000        1.89367520472845841000      -14.42191408531632924000       -2.62388205484982784000       -0.33362931338338936000        1.13135866712884181000        5.52809724224093113000        3.28465055602475031000        4.61012580763802848000        9.66277113786119557000        1.26412699251458838000       -4.87717456374147673000        4.31081349425412608000        3.81560923508050065000        6.57121165700663568000        4.64534599116772995000        0.11692092494645694000        5.86251323562022364000       -0.45606113276188687000       -1.82818630279194960000      -13.35042683148877352000        2.10750518020832933000        0.00244527356266015000       -2.88346900088873914000        2.51667798434791834000       -3.68013957351932408000        4.18252695600844859000       -0.37534685471813556000        5.35764518906304232000        7.38135772519917577000       -6.45519236162845811000        0.35629649296056859000        4.58052934662514311000      -14.29436232302863630000       -4.91600219215999079000       -1.48233836139911368000        1.57022978432521376000        4.72423958529353705000        2.36013912587216890000        3.08581267991301411000        9.98061443367302203000        1.19725992764043321000       -4.52427712178217956000        4.86743679616853875000        2.81949189090733032000        6.86077664377522378000        5.74873287377529962000        0.19399259311516875000        5.67802479588064291000       -0.52213020846447056000       -3.17648959081524351000      -14.03129683609144962000        0.11392141859752174000        0.37358936408189330000       -1.15037311106778639000        4.55019744960626316000       -3.77170473341443335000        4.97805153492785379000        0.66149725982125118000        9.38393661483306474000        3.62963833544918435000       -4.27210345921894152000        0.94126026932334750000        3.28321793043284726000      -10.09607406940480523000       -8.60316386699703806000       -2.02901010214896838000        1.85073747349617168000        1.90410648390282700000        2.23138838662621053000        1.86491270766606609000        9.55947356287914474000        1.07378319915344811000       -4.07344070421849125000        5.40803918801440719000        1.52790193946829023000        7.39327896613159474000        6.88218228139523713000        1.37107323625968158000        7.27029234829116788000       -0.54024581235201297000       -3.94778614745309042000      -13.22543891368537317000       -1.55727133049428490000        0.39643104303825527000        1.03449714354955336000        4.57690670422218826000       -3.97198114682481007000        5.94281927021124101000        1.39256584867193989000       10.80130495886585251000        4.02112716042162699000       -2.25231363577663313000        1.65757969850555154000        4.41814942226475615000       -8.54589477122143038000       -9.78111240033014973000       -2.65433121874890521000        1.02359273301394804000        0.38698669397135083000        1.30225500270399275000        0.71599658747655703000        4.89252585207364632000        1.30121629259830018000       -3.15727692041659491000        5.04877831379259234000        0.07900329757045449000        7.90732426560041723000        7.27643411851539756000        1.81177727576210779000        9.26518799759475087000       -0.60827400928211917000       -5.36111854076185690000      -12.48051559520147080000       -3.20595462994194902000        0.44479094801391078000        2.49452719768563425000        4.78868452980176951000       -5.23054593271946722000        7.16577518226215915000        2.68916216251429896000       11.11245938462516847000        3.52577497847317867000       -0.66245868885765247000        2.36002476516018955000        3.32962217299078489000       -4.93749519861362174000      -10.99957653482659303000       -3.07291711657514854000        0.03431914213173432000       -0.96124260879396362000        0.33089954128818350000       -0.27797568947861862000        0.01851038017970622000        1.32604630374370025000       -1.93885969381161760000        4.53219537518412707000       -0.83603775433513161000        7.97028798927481930000        7.41075708743583128000        1.74667522124519392000        9.11065661177892849000       -0.28279566116340793000       -7.12932346157877372000      -10.94632822999658650000       -4.45946603744270309000        0.62543313099853659000        4.01041693800221655000        4.79787400554172105000       -7.38001930344043178000        7.30706113496307275000        4.22447035794606229000       10.28412212694649774000        2.71455973333606471000        1.50738229749928365000        2.82214037629261139000        2.05400880341177583000       -0.58986527246254283000      -11.45163240279786088000       -3.23165663907360701000       -0.70615740670482274000       -2.19029338972053678000       -0.55502067174434300000       -1.24592195679275863000       -5.67952517307920246000        1.78297066500577261000       -0.21861517151628751000        2.99852092972132933000       -2.18698039951272571000        7.06754743328305679000        6.78327697896804427000        1.93491118100740089000       11.29373420916210868000       -0.47945244564529071000       -8.34804004743589623000       -8.46790528110523510000       -5.75411786227753463000        0.83306932705869230000        5.32863757436178354000        2.58873583469728796000       -8.28642048388546293000        6.56566474706962921000        5.28098286490077129000       10.46857462363161062000        1.76155313048990347000        2.53070852870707075000        3.54223281338908835000        2.35227974063617795000        2.50126635167334221000      -11.90761676401483804000       -3.76719835740153020000       -2.33534206525190902000       -3.15822314311381280000       -0.81709915242902142000       -1.53684986740701102000       -9.53374054129773718000        2.02393761369049185000        1.73705639702366588000        1.86910740557111099000       -3.24720462581573432000        5.10421548684718651000        6.02636900057918368000        1.52965826989088383000       12.58967142541971640000       -0.88641117493204402000       -8.36011897739046539000       -5.90793767265431669000       -6.28267228628464025000        0.84260922674426786000        6.01925030352015167000        0.81794145360278625000       -9.31223186825985749000        6.12423498495709318000        5.70965058976292816000        8.24751448832101985000        0.97851616444432099000        3.15358475705052577000        3.69231904833631974000        1.29093377479880722000        6.10767747535536021000      -11.19852691475352024000       -3.54169088366611717000       -3.58545984068981571000       -3.34304562120781501000       -1.29274755655531037000       -1.71723597536722683000      -13.96221494007547115000        2.28370683987019296000        3.75955139711874153000        0.34285295492925910000       -3.46450686737812630000        3.22185438731495744000        3.88064367325356185000        1.55638179426326251000       12.38913428081126433000       -0.95151701218141516000       -7.48444529616853238000       -2.79109408180138496000       -6.42565212293047061000        1.06075458921632748000        6.18583043166942037000       -2.34937856114334354000       -9.58370936209883695000        5.83645942855873656000        5.64350001779615873000        5.37701428248698576000       -0.50645154603327303000        3.67799525032782393000        3.76527246863874865000       -0.35343574637614988000        9.31099970102821572000       -9.68467745340783814000       -3.43859463919683339000       -4.65278402189516527000       -3.48302868793549125000       -2.15097839602933538000       -1.76498569596971855000      -17.18324856111789240000        2.00665668501152972000        5.28772803462330554000       -0.51714215464769830000       -3.97277494534416986000        0.65779590103607266000        1.07251494191294849000        1.25361958716053401000       12.19171545191725059000       -1.73232736374088270000       -6.00925110793134909000       -0.71255172326977123000       -6.45974526662685822000        1.11355878919489748000        5.32875867052888719000       -5.52696935271851419000       -8.52398065303613706000        5.30071948118454550000        5.25544105472881817000        1.84699332185286647000       -2.16072432217467281000        3.89578171144638219000        2.49597679268300077000       -1.66385213281427391000       11.99244417652298544000       -7.25271992873182736000       -2.62031399987262992000       -4.45794354604984822000       -3.79820377899361183000       -2.43934952423642537000       -2.23718976302140105000      -18.55324489117466410000        1.29111784959081533000        6.78213998971584964000       -0.28913291369656652000       -3.51624272698051410000       -2.32218756301133844000       -1.18515134701231517000        1.36489746491002761000       13.47397871266884017000       -2.48754706245569235000       -4.64403022907452367000       -0.15824764987804135000       -5.93856849676488974000        0.92030090798237485000        5.55542452405377496000      -10.24257614015016138000       -7.03663236180674456000        4.98932331999383916000        5.26037699158075700000       -0.57194594157381295000       -3.82520445229271555000        2.63197277962706799000        1.04247438908787893000       -0.21603541160291112000       11.88076612132837262000       -5.47000698877802982000       -2.44091690747790047000       -4.25750202373548969000       -3.98938467100574945000       -2.04177806696137321000       -3.04326322646488689000      -18.22175901427595330000        0.42578926625430585000        8.49577459780494593000        0.55881300379582222000       -2.29734204083989502000       -4.61279533293375632000       -3.27053017562608117000        1.64515532663080255000       15.34392625333167359000       -2.53737703184336638000       -2.56088524827384489000        1.66826367712465173000       -5.51670785589468071000        0.53569366633184701000        5.35180728056183508000      -14.75383299225734746000       -4.96376980042600202000        4.42584458649095414000        4.85268948401282252000       -4.53148011539049111000       -2.26469422374657281000        0.45515253293489566000        0.14491798214387244000        4.19056955107284601000        8.60720002010500274000       -1.22458280465121372000       -1.97029897007120036000       -3.62265675650447694000       -3.61474608625885940000       -1.54065692964456358000       -4.07414851698843705000      -17.86768343259755550000       -0.35112375298600407000        9.23421839915086906000        0.51749139910690012000       -1.31356132580479268000       -6.73180658510443486000       -5.66272565120592386000        1.71625766401878366000       15.46434609547700312000       -2.25888521498660033000       -1.38795728932784512000        2.99737283577426838000       -4.40305349390333589000        0.11467452932948972000        5.33874478215304737000      -17.57560184483052270000       -3.41383861939784605000        3.33562395894740060000        4.73594233549006116000       -6.99693706451276842000       -1.33230453542066485000       -1.73441998475103754000       -0.38877182348630002000        7.74764794321918071000        5.97088210477192938000        1.36247876338174412000       -1.53206653147700944000       -2.60807357637490167000       -2.93984573560146734000       -0.71979500856331557000       -5.17467376342673102000      -15.03246613490352424000       -1.19832141479425358000        9.65542905628647041000        1.34500632332956460000        0.10867807091126408000       -8.46955625273563939000       -7.16928672156051938000        1.35726453199434971000       15.29897533356302297000       -1.66875267705688146000        0.39177240445499228000        4.44277789008478496000       -2.81896449431617802000       -0.14039187961539690000        5.31067049286512649000      -17.96211460853821510000       -1.90104952327720489000        2.94703021810790666000        3.98958744565275802000       -8.26640903044215314000       -2.16004713299576734000       -3.83410030692512471000       -0.02610340950167719000        9.17982569965134765000        5.13507160913230276000        2.32833944447381835000       -1.43089621483052443000       -1.96144132997392107000       -2.35001041235466701000       -0.37800462430937093000       -5.64691993126094172000      -11.58195303320567859000       -1.97075334080836662000        9.47568007816194147000        1.75207975238524805000        1.63981199983852499000       -9.09869991536438150000       -7.08822770342049857000        0.96308564517161388000       12.50406348887485031000       -0.51830627119995776000        2.54296811568663861000        5.38853883084134999000       -0.15070202275156930000       -0.39859690797272501000        4.65110646450592213000      -17.53877538649940960000       -0.20175311393917131000        1.69468954480170653000        2.22153551063478050000      -10.28673428454533756000       -0.94218848038149439000       -5.07003439366551145000       -0.13868401929321975000       10.41706901116629069000        3.02953813806730432000        4.78238171988992189000       -0.96857282484426632000       -1.50143927233749253000       -0.35493300954937340000        0.48803129181093458000       -5.02784016107908194000       -9.69275887705553174000       -2.14725157546059053000        8.66057740644855478000        1.57929220223495781000        2.84435703998789835000       -8.95872269666182852000       -6.19019467514870758000        0.87777379166211911000        9.38719304171201152000        0.28580459052974688000        4.38101806507375624000        5.52963127692082868000        1.85936787549094884000       -0.80728355064514867000        4.05083989697712088000      -16.80702826997557860000        2.08083329692441454000        0.69031032363734179000        0.28046735231160230000      -11.03098152196561266000       -3.75336958482992111000       -5.91061396178930565000       -0.12556109031801202000       10.50500200445239507000        0.26656557559317767000        6.57196025182461163000       -0.06266701083764928000       -0.66692574638853896000        0.20391649631437608000        0.22321589627543667000       -4.13826158653973764000       -6.26995077756131458000       -3.08794913726941855000        8.31900260767057986000        0.89433470337365650000        3.56290522848641356000       -7.78968101444742178000       -6.40560086563433373000        0.63461386633735073000        6.39382672398198260000        1.13611896315347427000        6.07395656770459968000        6.69683030409032742000        2.97338200604430769000       -0.89656179168204453000        3.26800959723075524000      -15.28102064148864869000        4.96074062433390939000        0.62499534756045616000       -0.93992017981395037000      -10.80499409090303331000       -6.01669939034449364000       -6.88507449393055815000        0.42662215090533606000       10.55914186225857421000       -2.41354972284079583000        7.66270128740956480000        0.57995417899308765000        0.42273519744028620000       -0.52814649498284982000        0.63349697294644147000       -3.50692212775474399000       -2.08027947020055892000       -3.07248772225651567000        6.63685950860225571000        0.67270625407211027000        3.90360615616148454000       -6.41631496029286463000       -5.80459652460223641000        0.52645299763933173000        3.67263975326800152000        2.15764724486335302000        6.71415756248815310000        5.97387861132039699000        3.86436065729498246000       -1.03162687430148203000        2.21352655637295115000      -14.54969051145843650000        6.93303200891974569000       -0.16596753299116285000       -1.64424053251865443000      -10.76658258311772087000       -6.94022641828189180000       -8.48322311417458152000        0.68412272140956221000       11.35203541927471704000       -6.36180364605051185000        8.40258321657636031000        1.05975303680392030000        0.77506482478062422000       -0.69072510435008627000        1.23938743999469114000       -2.60405038093887331000        1.44977597782470657000       -2.63892819414944979000        5.17842073189561436000        0.43171218554236790000        3.96437434243720599000       -4.68469235631250758000       -5.04839607866272999000       -0.03546571382309808000        1.28259190208796192000        2.71150878695420960000        6.12414696855228158000        4.11479419181565298000        3.90758091120482698000       -1.18172398763646380000        0.79018975665522195000      -11.25892525371274466000        7.85182909871742307000       -1.20462862631012957000       -1.87402626320036281000       -9.21154659002316834000       -6.95260585632838080000       -9.76052177305729529000        1.01818950210675907000       10.78698683229689337000       -8.79352875094679831000        7.56402739792532053000        1.82435589223389538000        1.80796403037111064000       -0.92384273749312840000        1.92051945001611757000       -1.86319139312408377000        6.68295706315990046000       -2.05529322403367898000        3.12878135628962717000        0.67135618372424488000        4.10013578605732665000       -2.71939024257363871000       -3.72310871294396373000       -0.29030320100817669000       -0.46592385802122693000        3.63831866008177940000        5.75348800121007375000        3.10519446905061169000        3.78714909509442910000       -1.23179449831277910000       -0.79895452778852027000       -6.65612066387913082000        7.88649609682793251000       -2.27838796989339620000       -2.73041296494635910000       -7.27573977091814328000       -7.21606070266434685000      -10.28290233321738789000        2.40410796930473047000        8.66681313379825191000       -9.96632374134256871000        5.84486405353534888000        2.22918954795386837000        2.09719337702671860000       -0.87734313352616899000        1.46410531618709361000       -0.62090160764047098000       10.16445073750164951000       -1.66618745832548121000        1.28057077178019441000       -0.08530969529260150000        3.89026792583359482000       -0.66795375425405046000       -2.82256686527233125000       -0.85489443365085893000       -1.29715531340926082000        4.03002078782234907000        5.00698010846110808000        1.16453276369961589000        3.38992295496097418000       -1.15568556161456981000       -3.19876674039838393000       -2.36355329112168988000        7.17761972762491673000       -2.27752385742498076000       -2.89348826015997629000       -5.80809516363737099000       -6.30638729704230805000      -11.17795453635453917000        3.24115201533750108000        5.39859340328557380000      -10.49893853002967070000        3.94664899431762972000        2.22490163648720785000        1.63931625693493155000       -0.56656326543634428000        1.30230125535206409000        0.70901864831243089000       13.24502955871832199000       -0.89201802851169376000       -1.31648459204502810000       -0.42548649514491621000        3.82013321492749824000        1.60315610322355551000       -1.65872505673352477000       -1.33631156409116891000       -2.35569032595353089000        4.33368474399624937000        4.28227691136284427000       -1.82238259998712326000        2.13388904990265882000       -1.11356006735588742000       -4.72755502538604766000       -0.57240513944276550000        6.37595228971018813000       -1.63409686164888268000       -3.33386735320300653000       -4.31197982383026979000       -6.93420740672107794000      -11.58011714490301358000        3.61243764867423422000        1.97562401229175122000      -11.45216658062690840000        2.24408813949067776000        1.84237245530963412000        1.23857828748274956000       -1.62308062609433335000        2.24219062045741380000        2.22968722638516637000       14.36913999152749000000        0.37066251707108461000       -3.14412055483462227000       -0.61975338447163963000        3.22099547210073389000        3.76922480558183537000       -1.30152100533338033000       -1.39189937187991131000       -4.45798923902840727000        4.35737956129823356000        3.46013729035466611000       -5.01333718602372969000        1.78022457434270920000       -1.22053112267270181000       -5.42245739075920596000        0.64136136489138318000        4.51044148601136730000       -1.61647151670906841000       -4.10260596212242312000       -5.02026733414694437000       -5.29108336908503851000      -11.14372554948587712000        3.59479824832332406000       -1.28650254201410585000      -11.75976093308541515000        1.27134119462010631000        1.42940292764635268000        1.21948723520492996000       -1.06913303194262532000        1.36948909155333820000        3.47893812829923066000       14.29844885751555594000        1.28135498036645634000       -4.55407898822245460000        0.05543066545695149000        2.56419222786198731000        5.33412602106727807000       -0.46670563946210014000       -1.19532315244339982000       -4.57249578762774789000        4.00132348675357985000        2.91241795882925469000       -8.45458775142488683000        0.93410245451193352000       -1.33871731054805831000       -6.00960812646421072000        2.29166596457300731000        2.88548104448470477000        0.11611406791085341000       -4.40840131134487301000       -5.66261804046951500000       -2.77940814649843082000      -10.56797061733530896000        3.28241372684868438000       -5.27484752118107192000      -10.26993915168402793000       -0.00400633508175862000        1.33792431101562448000        0.68715183881322406000       -0.63506296181172595000        0.61971355650886850000        4.24621954212482766000       12.22364229428122329000        1.72482350114513516000       -5.71996386084279429000        1.51634433376070299000        2.54703435230414454000        7.32632998965585980000        0.10374274276917118000       -0.72898944287210921000       -6.45317351737644174000        3.44558606230648623000        1.17625794932124705000      -11.51548370921175390000        0.05567934948729808000       -1.23038252380333568000       -6.24198146789403907000        4.04321030887082955000        1.43449456530228336000        0.75595539279596025000       -3.77604828536179626000       -4.59858728435874387000       -1.44650729260067212000       -7.78132889953130569000        2.24998085960448391000       -9.11274565046228879000       -7.62299029155278607000       -1.88931274565015928000        0.53751625857064000000       -0.20159009411652209000       -0.43934734182281254000       -0.73862880454753321000        4.14943148333047684000       10.44174115486795174000        1.63008802168741651000       -6.80502434656678723000        2.97033781151373155000        1.56841427473653927000        8.79440737729830069000        1.51806085514606925000        0.13487981506740312000       -5.90866317397515584000        2.70324170157346710000       -0.52714861401111812000      -13.24700752426116779000       -1.49290160393394000000       -0.91704401165460625000       -5.47679482312917365000        5.96511102853123898000       -0.12498213864884369000        1.51002166806668647000       -2.83354867117888531000       -1.67738216091424341000        1.10098596853607367000       -5.25325746056349452000        1.85667817854650741000      -10.66148982509557896000       -5.11819110072645511000       -3.78782375084465661000        0.55904506036150081000       -0.54134294398761496000       -0.47045841329358495000       -0.83165775518363450000        3.81772421949183904000        8.07994080104026224000        1.56165272474294015000       -6.73660461625061746000        4.05834743290875366000        0.66301591663622617000        9.33806424829423065000        4.32555501029660494000        0.75647386010146356000       -5.79852855674134471000        2.42617254156061568000       -2.65109978021852166000      -13.55314439462273235000       -2.24094124449815135000       -0.58161827377774689000       -4.12189715695867598000        9.83505922536841659000       -1.98157849712689238000        1.08439530831238318000       -2.21156417379272652000        2.29187023335517281000        4.09032399940688318000       -1.49216827067995617000        1.78102985408245584000      -12.43679396239663504000       -0.73000294618618222000       -6.73931013372700338000       -0.04235773645015279000       -2.25402753911377651000        0.09259386713427732000       -0.94859910924873503000        3.98853649011545341000        3.47851681972772164000        1.90157188253298637000       -6.49316763050219681000        3.89129655901178140000       -0.03045151041260681000       10.22592246827752760000        6.08316956884926530000        1.19463415770219572000       -5.94372427193135078000        1.66212586685230623000       -4.76084435964815356000      -14.55105091455436650000       -2.20058123301988973000       -0.35286663586190076000       -1.96503877814168293000        9.40472893216832162000       -4.51514888516817425000        0.19390709690469121000       -1.48758009953812009000        3.54919607274600679000        7.29912208075886859000        1.46782768357505811000        0.50002805159875530000      -12.31706304950388109000        2.02870679895247941000       -7.70396719727724477000       -1.05657408060414904000       -3.62734774990558018000        1.25064252266504039000       -0.80913796137862037000        3.99783751946722044000       -2.04417771765638756000        2.66691334826903192000       -5.23162023317976210000        3.75213566392363340000       -0.80940715369329452000        9.87403408034257168000        7.33144766330792752000        1.38123261650106754000       -6.53219520549257471000        1.10553072178636813000       -5.98574311745114862000      -13.64270267016811644000       -2.60919310241919922000       -0.05143245256501883000        0.20035078552972216000        9.01165076406100596000       -6.00318243974853871000       -0.32443999884085334000       -1.05180063481777886000        4.02031094554136992000        7.66105116696259358000        5.42531668659529132000       -0.10880188466032542000      -11.88892796808562657000        5.21473255048381201000       -7.48639698771566842000       -1.09325340895837453000       -3.63435254405270980000        1.03192616177205809000       -1.24557675394863265000        3.58705944245754260000       -8.15384203753570524000        2.69809871976042093000       -2.90393741064600830000        3.24019326564581567000       -2.11467020801178762000        8.62503353679066720000        9.04977052170727525000        1.85008934336336939000       -4.79812482113305006000        0.99659421033794215000       -6.04707098908456775000      -10.78222476499520432000       -3.11025603312405030000        0.25815540292114864000        3.09896117244116143000        8.58470611389143024000       -6.46892697890528190000        0.24359626601462109000       -0.72116185908505392000        5.20100379036095273000        6.99989306345413809000        8.62242221989318480000        0.37113090681555844000       -9.90519826552286986000        8.03409093690694398000       -7.73454476869707630000       -1.59462795539287328000       -4.57356546081191961000       -0.03578506589382256000       -1.39071705940237478000        2.88438395161369643000      -15.48423722014833359000        2.73659392002301960000       -0.20913673553976539000        1.89905465386749994000       -3.04763170188421473000        7.79782597560608970000        9.28905901369577691000        1.95202713348914014000       -3.90680511661201812000        1.12961865233822012000       -7.42632086054024576000       -8.04511633801469728000       -3.92003064033151238000        0.42058253754595909000        4.78602152049174112000        7.72234576120019867000       -7.16774947283471509000       -0.37417199796839196000        0.60638325633675383000        5.18365082551738965000        4.09919929866392785000       11.04289710989307949000        0.93606937421485403000       -9.36001026649858936000       11.38770305679143213000       -8.33768212280898346000       -1.60935364973770878000       -5.41696130547665433000       -1.62133868250619528000       -2.19669367104691071000        1.83244704698839000000      -21.42748725782313460000        2.42088446272463553000        3.15460545306438700000        0.54346503420888193000       -3.83953798782597389000        6.33266637316772751000        8.73877028651111587000        1.39351277785642647000       -1.84494540810626129000        0.40482679665783833000       -8.18601442918329703000       -6.14350164067253779000       -4.72310764374778636000        0.34413884456049876000        6.43097330016253288000        5.75257629091793543000       -7.34396954338621466000       -0.11516494665124823000        1.61577564402149765000        4.07051225048052867000        0.21983513329583226000       11.69749081241376132000        0.82794342260132614000       -9.40073536297406598000       14.86337378506414986000       -8.35700521372297978000       -1.62725038452546245000       -5.85590363477129561000       -3.19281075212530974000       -2.87787096893203431000        0.62950014616637429000      -25.04535388108789820000        1.79365790264380442000        6.04162428299619059000       -0.21773647631537449000       -3.82568269257887472000        5.22260182143859808000        6.55946946170745271000        1.27647604363829004000        1.54857268659738478000       -0.17383474608532859000       -7.46668909845181261000       -3.22230350984851954000       -5.87812770891623515000        0.17071457689367306000        7.25679345217196037000        1.86989686586127601000       -6.79920091756839717000        1.63823708336034590000        2.50461953694509587000        1.15704548678428210000       -2.60600661470854433000       10.55725157329620068000        1.48003444492899394000       -8.11467333412117320000       14.95836068171346866000       -6.47257030203790240000       -1.37154798221217500000       -5.96690649541735674000       -4.98425611958802328000       -3.51261200911625293000       -0.58053404582598700000      -27.57468721648795200000        1.30657356604827912000        8.33479936989595238000       -0.99835596107455382000       -3.93986772040667210000        3.81957816087759472000        3.52924696884818667000        1.41664017217440996000        4.39486048681209773000       -0.42592795662304767000       -6.86003560031191029000        0.23346921422225911000       -6.94272471388377088000        0.14801551226725676000        7.53926816093122909000       -2.05164370784665007000       -6.10171213956792169000        1.32154828033845839000        3.50141016118379200000       -1.91007392808048304000       -3.67757524556757787000        9.71716466137508306000        2.12003027179179604000       -4.08780785257488155000       13.36527924115520349000       -4.20400507079792263000       -0.81744797645789913000       -5.02629864186640329000       -6.16178770462675285000       -4.68535698809743995000       -2.11486328857481798000      -28.42256531155262420000        0.47293244341059582000       10.51953292681100471000       -1.42072800206208250000       -4.41102618247020928000        0.73953028809603749000        0.96215705419472375000        0.67740551817896344000        7.81182296328960479000       -0.60316734268163685000       -5.69393610827293895000        3.06664208694756102000       -7.67088071333543731000       -0.07272098423895067000        7.70537766201606544000       -4.78974721121258007000       -5.48021357445921620000        1.45054216476415765000        4.07684313785244701000       -5.02015461736097102000       -5.51254993522137582000        6.88123567655214075000        2.91503533413008187000       -1.48498503509888446000       12.82824448375428084000       -2.76443493588093459000       -0.38416065927230558000       -4.18150841644909654000       -7.31468789538786268000       -5.17772600029740726000       -3.27107138530283237000      -26.82437042324524160000       -0.06067348364734383000       11.81067790370585335000       -2.21924932925927898000       -3.77654384181998326000       -1.52774204609352582000       -0.91119617292505550000       -0.10897234001942933000       10.19814272597926319000       -0.98323477781680513000       -3.92268261540596219000        4.35609568396695490000       -7.32670558999096855000       -0.30540087757986945000        7.89464966447369232000       -8.62553481072661121000       -4.63368786025811463000        1.84977769595487085000        3.62367790061507744000       -7.19432070418776615000       -6.69224975949028344000        3.26472794741423211000        2.78322284557399602000        1.07160033631286034000       10.40697376074311187000       -1.07470452874069933000       -0.21582916354851137000       -3.26838006342154941000       -7.54909118432411841000       -4.35009699187037935000       -2.98985301385267954000      -23.10336508192903080000       -0.19021575016083522000       11.79468832365990494000       -2.52432661145484527000       -2.80310962043625134000       -3.22383927568565376000       -2.53867108811187769000       -0.35167969272950889000       10.04496337905513848000       -0.95335375457298566000       -1.90573487492733662000        5.87118594229924806000       -5.70588326727507233000       -0.53206755235636938000        7.07828910628145458000      -10.85470738848637851000       -4.47195086740692727000        0.69862961647478117000        2.47372682288918844000      -10.44600078545387589000       -4.56664086932044810000        0.42419259328379555000        2.56572236875459936000        3.20296255572315935000        7.10514234198024930000        2.32284485739879587000        0.32223470468719517000       -2.20529198864174525000       -5.29066344941641553000       -4.65605628886574507000       -2.45038261021021508000      -18.68688753835537140000       -0.56577090647565287000       10.97167918490307414000       -3.54761868642846689000       -2.27423313622239309000       -5.08334617511884801000       -4.58415926248544014000       -0.59033143640075125000        9.98611701068285917000       -0.94188530947504390000        0.20917451761805625000        6.47403024232360114000       -5.01163220012185207000       -0.51599068385203772000        5.92922450005573864000      -13.48419332191231845000       -3.28471640682285360000        0.46942151423072631000        1.04770774119301358000      -11.71230231861185089000       -7.15568986579122690000       -2.38342419277023465000        2.44025013188859718000        3.09555371606521135000        5.50382707765052182000        3.47757183998849095000        0.88773353147486567000       -1.22167525866904403000       -5.07645168523125534000       -4.44135859656144838000       -1.44463158247339707000      -12.96566251971569805000       -1.64411655938113865000       10.39998334694572613000       -2.96689895606475273000       -1.51695510056062877000       -6.82379624920686112000       -5.37624900664187155000       -0.25428758334237200000        8.18388625460983832000       -0.78142977782173206000        2.10496520069688264000        7.25431952433096594000       -4.14720666060268961000       -0.54223966624273678000        5.05901395260671816000      -13.69165780053795167000       -0.67469651928503671000       -1.34647317908674791000       -0.64873085340473124000       -8.90991991975638342000       -7.77462797113705495000       -3.79166541848384275000        2.17476332738223421000        3.88480223906400424000        3.21920436537698240000        3.68474577840265383000        1.46589343092579116000       -0.19052609954113692000       -4.60607517087958929000       -2.28058421224343899000       -0.48753163087053564000       -5.60846428020392374000       -1.92151124937055640000        9.06387688794845126000       -2.12489984750214456000       -1.09002423228367062000       -8.21987839631772665000       -5.84397070895103177000       -0.24653042818512494000        5.95098714125513872000       -0.25446989178018276000        3.55251571394702248000        7.35465098136566464000       -2.92484176937257789000       -0.58990169294948513000        4.04444831711838848000      -12.17747014411786921000        1.17273695273770429000       -2.66895017097587539000       -1.35956262799214311000       -6.96621270255660807000       -5.07537977078336500000       -5.21707366151687069000        1.73364697820905400000        5.46380985908853400000        0.32214804763464999000        3.95128890951521594000        2.19710400334888423000        1.29268205580749940000       -3.41827990683050809000        0.35948282989369673000       -0.30292963039417725000       -0.06427469112238698000       -1.09443173231646673000        7.24815844428462519000       -1.26688189794111783000       -0.30990794287160939000       -8.78104617388256692000       -5.34236371229814111000       -0.55205478410777986000        4.40819179597659883000        0.21080691042448640000        4.84716059638050378000        6.39665879945523841000       -1.62279644057437844000       -0.79035636006701604000        3.01143328127636423000      -10.58893015759182532000        2.14042295983290343000       -2.98356757660951111000       -2.37894631166762549000       -6.65374732909795075000       -1.43396322894045136000       -7.15260236723440102000        1.14826686168676551000        5.68288242390242626000       -2.49675298927613420000        4.72426851786092250000        2.83771925583291917000        1.96780591561444740000       -1.68723702520184005000        2.48244765409480772000        0.76526521949159709000        3.52174754404122492000        0.05007913764524616000        5.05792346290047412000       -0.88202975940288086000        0.93363920485731866000       -7.82855009720258721000       -4.88871527075388279000       -0.64163039328919302000        3.49566378419005197000        0.58633101850441027000        6.26080764763179864000        5.73798095337097092000       -0.37628339665286276000       -0.97263208374393351000        1.87962320549201101000       -8.70422933508656627000        3.69053028328168375000       -2.28094861742312993000       -3.13751747568422390000       -6.21380298899078554000        2.04506361428552541000       -9.01440193845227178000        0.98160568390876490000        6.35774093265524698000       -6.03249324568360379000        5.58873919690581289000        2.99506469445523305000        2.21737240734939212000       -0.32773836757473068000        3.85023807972622567000        1.52642393923439301000        7.08747650832231280000        1.15390905385629794000        2.20929024810142582000       -0.45676412794038912000        1.83919267065922409000       -5.91915778911860269000       -4.75269293062935194000       -0.71565083814461661000        1.61232428269632333000        1.41794200987293162000        6.47968586986837547000        4.45318207184663262000        0.54364055509481490000       -1.16691820775782995000       -0.23938508747955603000       -6.24265777168159452000        4.16992466389145200000       -1.07279719469992041000       -3.02687449898789795000       -6.84153227351475390000        4.92408102681424076000      -10.04685048522692270000        0.99135907933624556000        4.66009858347158179000       -8.40289440779466723000        5.80396309401628585000        3.07053901768330162000        1.72564595328876069000        0.89055305454978650000        4.27201064137396536000        1.97800530944386588000        8.35374432938577982000        1.98337109610477613000       -0.48722997003087781000        0.10941696656053312000        2.65003616209484560000       -3.33547648382730433000       -3.84930870995661101000       -1.12585119999279026000       -0.47325033713547210000        2.01475371510652268000        6.43771331283322823000        2.22313211887677875000        1.91815526897645761000       -1.44050746040488775000       -2.10347437520917468000       -4.20074941926649714000        3.96855802136947045000        0.54713908400532707000       -3.16517038346927837000       -6.99763497723227612000        5.88649565091810523000      -10.80317117927456039000        0.85406558889488182000        1.46178762474097068000      -10.00706989772594646000        5.56199509332380426000        2.70789424191077499000        0.80266975044806244000        2.56100470146930048000        4.59274108565248618000        2.77743138435496384000        9.24521350047384516000        2.41182612950815844000       -2.81396696153141246000        0.42388774513507982000        3.42053646226463304000       -0.15182358374103777000       -3.09557605776060729000       -1.57442279852624578000       -1.63512000909777311000        2.01794548255129946000        5.07311173919042524000       -1.17823400696068248000        2.56751106120908013000       -1.59445760926652524000       -4.19324947103770729000       -1.59651970045256286000        2.98653147756167137000        2.14388068418047251000       -2.57927174974301376000       -5.02413494879541567000        3.94844745558360843000      -11.31317446870027510000        0.57370462128716271000       -3.35691568667520324000      -10.08671347911471905000        2.97902251640950810000        2.25223494948582514000       -0.05801815288117768000        3.21471538217998676000        4.73585699263413851000        3.53060964862930726000       11.54949305289090233000        2.33471709529713500000       -4.40247538059950028000        1.03637740731302674000        4.43029300551019478000        2.85960131712291377000