 7         8        28        48        56
        0.00    0
       1.000000       1.000000      31.228000      31.228000      31.266000      31.266000      31.266000      31.266000      31.240000      31.240000      31.240000      31.240000      31.240000      31.240000      31.240000      31.240000      31.240000      31.240000      31.240000      31.240000      31.240000      31.240000      31.240000      31.240000      31.240000      31.240000      31.240000      31.240000      31.240000      31.240000      31.240000      31.240000      31.240000      31.240000      31.240000      31.240000      31.228000      31.228000      31.228000      31.228000      31.228000      31.228000      31.228000      31.228000      31.228000      31.228000      31.228000      31.228000      31.228000      31.228000      31.228000      31.228000      31.266000      31.266000      31.266000      31.266000
      -1.000000      -1.000000       0.189000       0.189000       0.189000       0.189000       0.189000       0.189000       0.189000       0.189000       0.189000       0.189000       0.189000       0.189000       0.189000       0.201000       0.201000       0.201000       0.201000       0.249000       0.249000       0.249000       0.249000       0.249000       0.249000       0.249000       0.249000       0.249000       0.249000       0.249000       0.249000       0.249000       0.201000       0.201000       0.201000       0.201000       0.201000       0.201000       0.201000       0.201000       0.201000       0.201000       0.201000       0.201000       0.201000       0.201000       0.201000       0.201000       0.201000       0.201000       0.201000       0.201000       0.201000       0.201000       0.265000       0.265000
        0.36799999999999999000
       -0.06800000000000000000
        0.36599999999999999000
        0.11400000000000000000
        0.17399999999999999000
       -0.13200000000000001000
       -0.31000000000000000000
       -0.37400000000000000000
        0.27600000000000002000
       -0.15200000000000000000
        0.39200000000000002000
        0.01200000000000000000
       -0.25600000000000001000
       -0.26800000000000002000
        0.11200000000000000000
       -0.07400000000000000000
        0.12200000000000000000
       -0.03400000000000000000
       -0.10600000000000000000
        0.00000000000000000000
       -0.44800000000000001000
        0.03200000000000000000
        0.31400000000000000000
        0.33200000000000002000
       -0.00200000000000000000
        0.20799999999999999000
        0.18400000000000000000
       -0.37600000000000000000
        0.08599999999999999000
       -0.23000000000000001000
        0.40400000000000003000
       -0.04800000000000000000
        0.09200000000000000000
        0.24800000000000000000
       -0.31800000000000000000
        0.00000000000000000000
       -0.37000000000000000000
       -0.31000000000000000000
        0.27000000000000002000
        0.10000000000000001000
        0.13200000000000001000
       -0.00400000000000000000
        0.03400000000000000000
        0.14399999999999999000
        0.18400000000000000000
        0.34799999999999998000
        0.22200000000000000000
        0.06800000000000000000
       -0.20799999999999999000
       -0.15600000000000000000
        0.46800000000000003000
       -0.00400000000000000000
        0.27600000000000002000
       -0.04800000000000000000
       -0.14000000000000001000
       -0.31000000000000000000
       -0.23999999999999999000
       -0.06200000000000000000
        0.33400000000000002000
        0.19800000000000001000
       -0.28799999999999998000
       -0.08799999999999999000
       -0.39200000000000002000
        0.11799999999999999000
        0.10000000000000001000
       -0.31600000000000000000
       -0.29999999999999999000
       -0.34399999999999997000
        0.03600000000000000000
        0.36199999999999999000
        0.01400000000000000000
       -0.05800000000000000000
        0.09200000000000000000
        0.25400000000000000000
        0.31400000000000000000
        0.17399999999999999000
        0.37200000000000000000
        0.07199999999999999000
        0.17000000000000001000
        0.07000000000000001000
       -0.33000000000000002000
        0.07400000000000000000
       -0.17000000000000001000
        0.07600000000000000000
        0.25600000000000001000
        0.36199999999999999000
        0.02000000000000000000
        0.06800000000000000000
       -0.05000000000000000000
        0.10400000000000000000
       -0.35399999999999998000
       -0.04800000000000000000
        0.27800000000000002000
       -0.20799999999999999000
        0.05400000000000000000
       -0.13400000000000001000
       -0.19000000000000000000
       -0.20999999999999999000
        0.31400000000000000000
       -0.35799999999999998000
        0.12800000000000000000
       -0.06600000000000000000
        0.11000000000000000000
        0.13200000000000001000
       -0.35599999999999998000
        0.39000000000000001000
       -0.26200000000000001000
       -0.24800000000000000000
       -0.11799999999999999000
        0.29399999999999998000
        0.49800000000000000000
        0.01000000000000000000
        0.37400000000000000000
       -0.24800000000000000000
       -0.16200000000000001000
       -0.37000000000000000000
        0.32600000000000001000
       -0.22200000000000000000
       -0.02400000000000000000
        0.07000000000000001000
       -0.11600000000000001000
        0.02400000000000000000
       -0.00600000000000000000
       -0.11200000000000000000
       -0.17599999999999999000
        0.34200000000000003000
       -0.11400000000000000000
        0.06200000000000000000
        0.17399999999999999000
        0.04200000000000000000
        0.46999999999999997000
        0.03400000000000000000
       -0.19600000000000001000
       -0.40000000000000002000
       -0.26800000000000002000
       -0.29599999999999999000
        0.03200000000000000000
       -0.15600000000000000000
        0.25200000000000000000
        0.11000000000000000000
       -0.05600000000000000000
        0.07800000000000000000
       -0.29399999999999998000
       -0.10800000000000000000
        0.39400000000000002000
       -0.07600000000000000000
        0.13400000000000001000
        0.03600000000000000000
        0.09400000000000000000
       -0.27200000000000002000
        0.09000000000000000000
        0.02800000000000000000
        0.03200000000000000000
       -0.17599999999999999000
       -0.20599999999999999000
        0.26000000000000001000
       -0.12200000000000000000
        0.15800000000000000000
       -0.31000000000000000000
       -0.07199999999999999000
       -0.48599999999999999000
        0.00400000000000000000
        0.10600000000000000000
        0.12600000000000000000
        0.37800000000000000000
        0.02600000000000000000
        0.00200000000000000000
       -0.38800000000000001000
        0.38600000000000001000
        0.17399999999999999000
       -0.05000000000000000000
        0.02000000000000000000
        0.29599999999999999000
       -0.25600000000000001000
        0.06400000000000000000
        0.15800000000000000000
       -0.05600000000000000000
        0.25600000000000001000
        0.21600000000000000000
       -0.11799999999999999000
       -0.46800000000000003000
        0.01200000000000000000
        0.21199999999999999000
        0.04600000000000000000
        0.19000000000000000000
       -0.29799999999999999000
        0.30399999999999999000
       -0.02400000000000000000
        0.37200000000000000000
        0.00800000000000000000
        0.01000000000000000000
        0.02600000000000000000
       -0.40000000000000002000
        0.22000000000000000000
        0.28199999999999997000
       -0.19200000000000000000
        0.32400000000000001000
        0.21400000000000000000
        0.00800000000000000000
        0.39600000000000002000
        0.13000000000000000000
        0.06400000000000000000
        0.33600000000000002000
        0.13000000000000000000
       -0.13200000000000001000
        0.11000000000000000000
        0.19800000000000001000
        0.37800000000000000000
       -0.16800000000000001000
        0.30199999999999999000
        0.18400000000000000000
       -0.05600000000000000000
        0.25000000000000000000
       -0.29199999999999998000
       -0.13000000000000000000
       -0.10199999999999999000
       -0.29599999999999999000
       -0.13800000000000001000
       -0.32200000000000001000
       -0.30599999999999999000
       -0.37000000000000000000
        0.04400000000000000000
       -0.24600000000000000000
        0.23400000000000001000
       -0.12000000000000000000
       -0.34799999999999998000
       -0.15400000000000000000
       -0.20399999999999999000
        0.20399999999999999000
        0.07600000000000000000
        0.00000000000000000000
       -0.10000000000000001000
       -0.35999999999999999000
        0.27600000000000002000
       -0.18600000000000000000
       -0.08799999999999999000
        0.10000000000000001000
        0.05200000000000000000
        0.39800000000000002000
       -0.09000000000000000000
       -0.08599999999999999000
       -0.07000000000000001000
       -0.25200000000000000000
       -0.05800000000000000000
       -0.23400000000000001000
       -0.04200000000000000000
       -0.32800000000000001000
       -0.06800000000000000000
       -0.23400000000000001000
        0.14399999999999999000
        0.28999999999999998000
        0.02000000000000000000
        0.33200000000000002000
       -0.34599999999999997000
        0.19800000000000001000
       -0.21800000000000000000
        0.05800000000000000000
       -0.16200000000000001000
       -0.09400000000000000000
        0.31800000000000000000
        0.30399999999999999000
        0.05800000000000000000
       -0.21199999999999999000
       -0.19600000000000001000
       -0.28599999999999998000
        0.13600000000000001000
        0.18600000000000000000
       -0.09000000000000000000
        0.08000000000000000000
        0.11799999999999999000
        0.14999999999999999000
        0.07800000000000000000
       -0.02000000000000000000
       -0.09400000000000000000
        0.20799999999999999000
        0.20399999999999999000
       -0.37600000000000000000
        0.38200000000000001000
       -0.18200000000000000000
       -0.18400000000000000000
        4.79554320348298368000        4.86335556988606221000       -4.44482792473448285000       -5.06136097450235312000       -1.84360641889753118000        2.90861349430767024000       -3.65619601814461692000       -1.25717251917903594000        0.84006313131506682000        1.85660110902070152000        3.70697842627470608000        3.27722452099883288000        3.48682249882524875000       -3.29665198793476000000       -1.26971935639069611000       -8.14045181776126192000       -0.23313642160287740000       -7.07766240751908704000       -1.54688813093269006000        1.11522088884440995000        1.46938294891195231000       -0.12834991501109580000       -0.74488006895290593000       -1.78724783595805792000       -1.62118755187833652000       -5.73391760377214332000        2.60089750819182264000        2.75085313191913849000       -5.05035481156302701000        5.64801191137834913000        7.63718922948995260000       -4.93506480308122608000       -4.53455530042181554000       -0.11266674543776330000        2.64960741863567328000       -2.45429666833722981000       -2.30404846515746220000        1.57082895392441002000        3.37807833565575999000        2.87642421162024364000        2.89462710659996425000        3.69358709134753083000       -2.60940859258234248000       -2.54832677717766831000       -5.17612653638327469000        0.18080911223215712000       -6.82549203363068369000       -1.61914143901192142000        2.11641302606562620000        2.84223015032774429000       -0.00137428135299571000       -0.55524963628684043000       -0.88296899011736607000       -2.77690391537921144000       -6.08637383221830053000        0.69951314674132814000        1.30218550163087654000       -5.32752608109258574000        5.20665121342355874000        9.29472365406944689000       -4.53362376019973645000       -4.10833469437436705000        1.23398029544299237000        2.59172568365236655000       -1.39329703066204891000       -1.95219748937366555000        1.31062313122140917000        5.55655852899046376000        4.05731413747630576000        1.59708096207144212000        1.00725480162582270000       -1.66627499376634836000       -2.51894802995744715000       -2.24754330620914455000        1.01135623538085739000       -4.54385081724314155000       -1.21975430987510958000        3.75661721726918962000        4.10464864041298050000        1.17537097529695700000       -0.05332150760226805000        0.17696510571786847000       -2.71738506550321235000       -6.31378431301845655000        0.57496289001510448000        0.47433279120947119000       -4.89629036171695642000        4.63278047658638137000       10.03357474047158604000       -3.59618693109190612000       -3.08775888360373729000        2.60598955809690436000        1.67276267749780860000       -0.75130294652128238000       -1.53935914991030409000        1.18638183472099246000        7.02682698948242646000        4.70689739194753454000        0.38085373310925874000       -1.28061622682066578000       -0.42433049890822672000       -2.48320383233602859000       -0.45938640645273865000        1.00044025500630096000       -2.62772876875332040000       -0.53228463108763691000        4.66416133720086634000        5.03172042659304886000        1.79232959626383170000        1.19178355354910792000        1.02306181428665255000       -2.42092783775644893000       -5.23345898986869962000        1.12373596304092160000        0.70290885981897788000       -4.53274809652189603000        4.02298967830637721000       11.17355967978613585000       -2.22575019815261932000       -1.68947295243101547000        4.02006480987255443000        0.49477263645744379000        0.25656500178870045000       -1.43903982099491268000        0.81387540270865733000        7.42688077384879897000        3.29285254207372668000       -0.85512247150416587000       -1.67555990469028782000        1.09812933425058468000       -3.84024274578400515000        2.06687288384061807000        1.69548370612568400000       -1.74816220723990368000        0.25339284725710604000        4.96563690306995564000        5.73758835124948430000        2.07091168007042059000        2.26795258996109350000        1.67433527067739574000       -2.52012079661014088000       -3.98816446333165420000        0.78976297737443513000        1.25862788866847364000       -3.79230821804360252000        2.46844182194686779000        9.74719412665209894000       -1.31053941029555387000        0.31192903104665565000        5.03071240152255061000       -0.82955737072809144000        1.55922766620967046000       -1.49018291486730026000        0.32119665696041882000        6.81722391873297528000        2.16192562995397441000       -1.90366002686682156000       -3.17858870716118158000        2.23181393891081559000       -3.15129903757688057000        3.98223752919466589000        1.89113033400283514000        1.19857054309486100000       -0.00127805942500860000        4.41137954378174690000        5.64001035310595444000        1.61914028782175379000        2.88697770911241802000        1.71131898361594303000       -2.25636082997904142000       -2.62766944727344942000        0.07757768907400976000       -0.04638599377261636000       -2.43062729350940465000        0.62718606911515362000        7.45774495752474476000        0.28724900612282561000        2.35041161389913400000        6.25440827268835608000       -2.00564167299773821000        3.14929501171683679000       -1.51062797488568035000        0.03325455569982708000        6.29525512126883058000        0.24452255732755862000       -2.63608564131005352000       -4.77764874421171903000        3.53603488869791027000       -2.99917162114568825000        5.70474722658218170000        2.48052361520937481000        3.70478247618051704000        0.15636135302841453000        3.96939819654112736000        5.72824818520035972000        1.41495059207786000000        3.69919658387931927000        1.37266094947314321000       -1.65878951960129917000       -1.35308632144337393000        0.92757295186021937000        0.12958240788763256000       -0.75031606681910623000       -0.86627924774495235000        6.41633077889706538000        1.83967405539095918000        3.80755517766149332000        7.31732433887871547000       -2.66597077071314681000        3.92878350260278530000       -1.24343198774103292000       -0.46161088386314036000        5.18011841749885438000       -2.00802062044626695000       -3.72186260753962106000       -3.13722836622590506000        4.41728245910331019000       -3.46085344418805008000        6.91229349900786172000        2.14148071577315635000        4.22108583701075268000        1.39277461328145624000        3.30112031499234471000        5.01000112998974867000        1.21186018872753154000        4.59054738593664791000        0.79235790711787124000       -0.83572606333720512000        0.40877176360009521000        0.06632777348331943000       -0.00372455628432007000        1.16785481759536025000       -2.37716881490359766000        4.77099580256690903000        3.22363719440831620000        5.59485110729656299000        7.84878607432665287000       -3.40574768840704678000        3.77291179163406287000       -0.36860245615396814000       -0.95757827650703786000        3.27423002999480683000       -3.97195713086420943000       -5.33358089595367968000       -2.00709444671880277000        5.24555733860837936000       -3.02919424367209666000        8.33027170312441534000        1.57187749799836363000        5.10706038674725082000        2.51917224074405288000        2.35228030259168452000        3.81711408726130719000        1.10283756807261657000        5.94478360093450942000        0.44346438235450614000        0.46554579817744407000        3.18342159745337305000       -1.06689878623923295000       -0.69036298744737568000        2.90798652593050511000       -4.39682061106230027000        3.20530801544038146000        5.03620814831243102000        7.12504238612791951000        7.45031558053572240000       -4.52520820630920451000        3.40903172948962130000        1.17552286461272137000       -1.37355628975160693000        1.43903239835019936000       -5.94178945406401304000       -5.68173553406406828000       -2.19578595186810954000        6.07005353957629534000       -4.09990479691190046000        7.65093721232590696000        2.07627838699467349000        6.31660101943520758000        3.01172721537298749000        1.45841127571566731000        2.39564128296515744000        1.43698189808553001000        6.44211284081883395000        0.27143238290788613000        2.55478157163402608000        4.89502584173521527000       -0.67193958753586935000        0.82790377834751383000        4.18734691697692973000       -5.63241849534588557000        1.61388163581965860000        6.50189919848189035000        8.57578328633068665000        7.11796938849221394000       -4.94390260719979580000        3.35266774040028492000        2.18473948101512239000       -0.68403104043213769000       -0.71783196672721439000       -8.85251861518274197000       -5.69658591111368740000       -1.33101574027490166000        6.48007735785439554000       -4.91912754483275450000        6.83249498568077840000        1.98608394693506973000        7.68209204782705957000        2.82785612363181382000        0.49214325242192575000        0.95762782150894021000        1.64881187444455835000        6.21786504676937302000       -0.38214188033059260000        4.81435964775591607000        5.79934083434024572000       -1.10099787489434520000        0.38737914619024871000        5.39634143203143335000       -6.84874569668896882000       -0.25885924553964540000        7.68340035122892662000       10.61730236555714768000        5.93165920020678161000       -5.57483791923327932000        3.23118522832138133000        2.82227289668115722000        1.51979389229456308000       -3.86488171046827444000      -10.48246420553552838000       -4.56451210452286915000       -2.24647457132505401000        6.76712244456673773000       -4.96956371454710411000        4.97410300574195752000        0.64081670137623470000       10.05328135509229526000        2.50120055012665832000       -1.24317076808688554000       -0.99671555103652176000        1.19911026824857481000        5.68258633529138368000       -0.97396471657026817000        6.28537105287040720000        6.63255560006018285000       -1.29628251386005910000        0.21543956215178142000        5.38078351666530264000       -7.16124165976651650000       -1.63685416147134366000        8.28728766841931375000       11.09052526974572750000        4.29889050252078064000       -5.93351444461431576000        3.11334641326076333000        3.26238879922978331000        2.78020475915693899000       -5.66889864537099086000      -11.38447000618329419000       -3.30891227832379053000       -2.15623839392294636000        6.76661960088905268000       -5.55715972569409011000        3.68219733217845269000        0.05052579598540903000        9.98711247393865698000        2.57877748677278307000       -2.10533534649524734000       -2.65149927255157047000        1.03180983369705492000        4.26194140629242746000       -0.85294650438225528000        6.61644980971742491000        6.97390797345436475000       -1.25784559584568689000        0.97692466168602710000        5.18177297175579898000       -6.88435780839240774000       -3.65802073349092849000        7.79494032753408561000       10.25160007655559191000        1.86700684936721695000       -5.43475446114221761000        3.28395605605383079000        3.61758830272987364000        3.79215091359046230000       -7.15326891174144475000      -10.55577596631535542000       -1.66250135876950522000       -2.66573282222892427000        6.48058896911066551000       -4.30337467129471918000        4.06655898415921957000        0.05070163907368000000        9.78978520374251815000        2.30172795890041337000       -2.83514352028270489000       -3.97920047289451784000        0.80615572032257732000        1.63784724530976233000       -0.06192316635507160000        6.48326425848084131000        6.25520887767454958000       -2.21211603858099659000        0.33253881046996442000        4.91882043472501351000       -5.58704277853255871000       -5.34257724137979650000        6.67910706516298269000        8.28698215707353469000       -0.85386384111183922000       -4.30073144823830145000        3.43770000421017485000        3.62592994039581384000        5.42886911322085641000       -7.09430638499530541000       -8.39736728926834886000        0.82279348955872600000       -2.77170399435349291000        5.63933781568039283000       -2.38268882324823306000        5.42093892959168855000       -0.30883727331172084000        7.73133775477143459000        1.96562110903793119000       -2.78085070747328356000       -4.47209769646950672000        0.81645958915127859000       -1.19771286958892365000        2.07246356602001036000        5.19147327414120774000        5.71490822070577220000       -2.98203904175419376000        0.19945009837555086000        3.76175653599191362000       -3.95971385234639683000       -5.39638713640139311000        5.88364143822879448000        5.57868451471805393000       -2.77471868895033325000       -3.33248488317802050000        2.11717830020754016000        3.43773038502489525000        5.85277332586986798000       -6.45336489475898034000       -4.72754823633541665000        2.55751615106917640000       -3.00017117287417578000        4.73954276323304668000       -0.16871245819952649000        5.12769079429413566000       -0.60130692961973942000        5.48299117179432205000        2.23300722406514574000       -2.54926301362640473000       -4.03419927235342701000        0.84435643231132662000       -2.53784099224015147000        4.73738035910946564000        5.07029672354316396000        6.07516532316554603000       -3.07037495012647366000        1.70635250110124947000        2.10161932128455220000       -2.14471166564616311000       -6.44939552482050971000        4.36404086174706229000        3.08850934396580978000       -4.19396321649132808000       -1.58094687489418195000        1.34852682443091498000        2.18778138019945612000        6.17148354975078472000       -6.18359636487534026000       -2.15533085674313707000        3.76505423251923998000       -3.03042779290731890000        3.41935091691297011000        2.41190082102995218000        5.58111933761071644000       -0.64099379623170571000        3.33109815276038512000        1.32505706870636808000       -2.59879649878206376000       -3.78132426436092928000        0.26766359269802309000       -3.64500499460354366000        6.02563957375052883000        3.22537218637125678000        5.72731590641113897000       -2.69653895445168912000        1.50846164339742539000        0.48100389032489693000       -0.66841819187229279000       -6.27096975108478283000        2.49960139167321893000        1.10565057097465047000       -4.61748380850580542000        0.01348310362278365000        0.12204226528970435000        1.31990007280136412000        5.81490043532820611000       -4.69440707282939407000       -0.17277413400697192000        4.60811666699188560000       -1.33134982422805259000        1.62930947767212464000        4.14448674049153887000        5.15565254810843587000       -0.64463248923949501000        0.43049916821817441000        0.79980422263980711000       -1.62529598493122096000       -2.99891054947976610000        0.49608110864453620000       -4.05924060649588991000        6.36079816393946462000        2.22901020552715234000        5.14791491831862569000       -2.40208695379772097000        1.30523382880593908000       -0.80083269257513645000        1.19469404927905454000       -4.50086001520699774000        0.66815066154301606000       -2.40272668850373261000       -5.78039591101991945000        1.26822097025309599000       -1.31978796635597861000        0.65811600833690598000        4.62286857225028935000       -2.14421540382576792000        2.68967253652552341000        5.65717934671539080000        1.76649084499614006000       -0.13975365093398393000        4.44872874706644872000        3.43852363820955498000       -0.58191000443835339000       -4.33636918693701823000        0.83940329881991371000       -0.27104618638001721000       -2.02639682721026704000        0.88154865596615084000       -4.72744334432711000000        6.78565971670258605000        0.55690128004786044000        3.79338118386153722000       -2.24863115385699164000        2.66222775040221338000       -1.94558021565137818000        2.55562885575165399000       -3.46021695014791852000       -0.76931696568812313000       -5.38552950943735009000       -7.07011977674118608000        2.27654172225727702000       -2.40875782097922508000       -0.16409793757105132000        3.51814365301851417000       -0.16008644657504528000        4.05265641314542702000        6.39265524550875508000        4.75278350305108876000       -1.45452319234847582000        3.68462059220222082000        0.46087766637066335000       -0.30155564458166545000       -8.67210340916308020000        0.47208138295057955000        0.77870419188389917000       -1.29647138128996242000        1.11113152112895408000       -5.03988618530630106000        5.02552477800962283000       -1.54707415107858859000        1.22567784390693579000       -0.88373594274272649000        4.27669881716249023000       -2.44390979399056896000        4.28686211522390792000       -1.20656637120615873000       -2.16272296422949672000       -7.73375098101182612000       -7.09373482570618297000        3.32922645518787208000       -3.32268539122861872000       -1.15029455313413509000        2.75413274605091329000        1.87523433678670748000        4.94593192035197760000        6.65736770429585434000        9.39510518356706115000       -2.70068173963394509000        3.12913439617301137000       -1.94749454272564471000       -1.02044950551247715000      -12.97877608428027330000        1.06458394723975069000        1.79080351719824482000       -0.25597113451514852000        1.32346828091686852000       -4.74211131938584796000        3.22515961182629107000       -3.05731739205147690000       -0.79459954049635939000       -0.92951458392141584000        4.60024332859633489000       -2.71471341522702625000        5.78236293078913644000        0.47446795845349438000       -3.65637111164260054000       -9.29380406685702454000       -6.64871323689008076000        4.52574830405159290000       -3.27849947750898041000       -2.40181008726478851000        2.07189369765160825000        3.64783109810595763000        4.87099322209873353000        6.81596157996186935000       12.27897367453698685000       -3.61706915010391761000        2.87124793658494237000       -1.88109118276095111000       -0.47511136402871007000      -15.41020556682439136000        0.46061213210926388000        2.86773464436570835000        1.01805876207453094000        1.30155721295830640000       -4.37639420064062445000        1.35869151650370701000       -5.06342176539070898000       -3.37639439072023206000       -1.20624257568854310000        3.36165357483495875000       -2.76785839462189154000        6.12577956122623135000        2.76517323105878221000       -4.29137350735371115000       -9.72270552019183931000       -5.11828588211242863000        5.45631828576409017000       -3.99558572179063898000       -1.86929828836169798000        1.33836942638496748000        5.22946058457713381000        5.70883898640870857000        5.96449169520985123000       11.92318663546939916000       -4.01997169837751578000        2.73516462997206355000       -3.79990864285132135000       -0.53342389502430343000      -14.10301268362357874000        0.17879273095710313000        3.83610528186249233000        2.17239884751758661000        1.93816592057070758000       -3.59408708758484918000       -0.11257142153689238000       -3.07483567153675441000       -5.17674370945177120000       -0.96368041796160175000        2.19135101345471606000       -3.06690087377127751000        5.80682705433208213000        4.37631171292478438000       -4.82785624441950390000       -9.15880253446102266000       -3.50451886694489056000        5.82888064513543469000       -4.87118520001334243000       -1.81928849831336836000        1.00168255553447016000        6.49130042907149640000        6.05685404626219803000        5.31894511284510330000       10.63697771933557945000       -4.30827558075546602000        2.87067407305077893000       -6.97015153041743840000       -0.41265603920457294000      -11.73340352027589084000       -1.00163620094607397000        4.38219300564806424000        3.38994560768748610000        2.21618790263294319000       -1.64887025863517200000       -2.83132451371551408000       -1.55502601638183369000       -7.21132497976582609000        0.24840893328742128000        1.15172795902219915000       -3.16347634717156279000        4.92532273471662840000        5.37095521289158206000       -5.25356702608253734000       -7.58838541038776970000       -1.62245522647631280000        5.64491233001342518000       -4.47290555087993535000       -2.12316604645898277000        1.09032778139338493000        6.98263281129635338000        6.49507661439833139000        4.73211157131397364000        7.66125259656429503000       -4.27618924948506507000        2.76915768860850164000       -9.22619613785729165000       -0.91303847100237645000       -7.74031855029299898000       -1.90046196241554055000        4.47163098128063741000        3.86428830899405806000        2.05350700734851577000       -0.30195042847175074000       -5.22945436407799757000       -1.11356612875940231000       -8.97361750793920443000        1.36008355778746837000       -0.22292893403595504000       -3.41310199096446576000        3.97032236205892897000        6.25435870366679580000       -4.83956201752112403000       -6.17155408682672935000       -0.05724058662971628000        5.70351854879395415000       -4.64427316583956173000       -2.06876830927465294000       -0.15165751393541035000        7.19771742698106731000        7.14542885255133164000        2.46268176497548685000        5.33871868637634073000       -3.96700720296584652000        3.57305833186412825000      -10.60657423712205016000       -1.42906084696798774000       -4.09672482675960481000       -1.61356007058599471000        4.99611285137325378000        4.33200449425640155000        2.13634693364919803000        1.50230383307673065000       -8.11809732056578426000        0.01493480412644049000      -10.11234095874290162000        2.33392460802401525000       -1.72132289482731116000       -2.74547965381043158000        2.96632903755213828000        7.87027281120890798000       -3.75612818775973789000       -4.25103188754844474000        1.97530917183149990000        5.21839885400073467000       -4.67052502439261108000       -2.36076998753038580000       -0.61581789612519011000        6.21365352765158452000        7.70129900361879205000        0.48932532501859088000        1.71804077416456202000       -2.99956698974854685000        3.89577431594635337000      -12.56082545458284727000       -2.37926273351099260000        0.54229195093394811000       -1.25572312575852196000        4.03905719269763441000        4.75808190340023618000        1.34979883076501794000        3.55886036962304964000       -9.56674338471870378000        1.39721604515473441000       -9.88156160538174078000        2.93887636575942013000       -2.20876158239738718000       -2.95211284317957157000        1.79793577747457412000        9.27948222777227372000       -2.61338248771986903000       -1.32901103525374942000        3.60727606592612116000        3.28264072535233220000       -3.31657703869116904000       -2.56489893383168077000       -0.03278298980663939000        5.38495177544511527000        5.29853116615053832000       -0.54912015062169728000       -1.13105160536039984000       -1.36989087186090086000        0.88113746694066430000      -11.27241493775285086000       -1.63249582371818058000        4.41806354077557994000       -1.39927090762794215000        3.73942361959301550000        4.48593509449619088000        1.12092054828149412000        4.72339606290331737000       -9.93183632638792346000        0.96013311469534335000       -9.72974805468295934000        2.64589218180249652000       -2.55132926121307291000       -2.36989695638641962000        0.66671528075457143000        9.71244264998465567000       -1.49924576509683982000        1.24203187509609747000        5.19126427825641112000        1.51867581966594267000       -2.59356964351433650000       -2.40053450916335320000       -0.22408384993778357000        4.83225660691525150000        4.11173234631279083000       -2.14354774575603413000       -3.29940863933211936000        0.19221906673534481000        0.04779999246148634000       -9.43234857495899348000       -1.16170347209247504000        7.73778371614910565000       -0.57813179622468946000        3.81374944758257728000        4.71838954755309459000        1.19935700857326499000        6.39427229508694506000      -10.40520424949686529000        1.58839026207728273000       -8.95023165573143409000        2.19668797377315039000       -3.08464454100945273000       -1.13711402728675726000       -0.13998565225324647000       10.91414978404707448000       -0.40913116598424121000        3.82799992961067259000        6.04587029833717260000       -0.30398438389720145000       -1.62434957108840061000       -2.19185967246214464000        0.58676953180999347000        4.22016406992489568000        2.85928773182618112000       -2.51998214457736402000       -4.54796545362452953000        1.75825103474378452000       -0.74274544101373752000       -6.06949443313321790000       -0.50014774935034456000        9.76565785681711240000        0.43648257367181081000        3.50885121562144064000        5.22978352698021087000        1.23050099946831626000        6.94691160923897755000       -8.86545978112830113000        2.06028573720647623000       -7.61769065211614027000        0.01169399887132505000       -3.54098945986893376000       -0.35885584532709047000       -1.63221092776680177000        9.87567179564614506000        0.96121296948256996000        6.08092498700316053000        5.84708009457707689000       -2.01770586723623957000       -0.25344115498259578000       -1.93904567408042827000        0.78163180207974570000        3.30881089776040804000        2.41138115332024272000       -3.11450634427445383000       -7.14224562966101129000        3.16220330067328170000       -0.80986059225959883000       -2.63716924730280100000       -0.01214245469901011000       11.59349392880300478000        1.50715059600340795000        3.05571696269719917000        4.99015922710322180000        1.12662485223946596000        6.81880643059718761000       -7.19382751225186379000        1.36626733336659334000       -5.75643659559616072000       -0.59055535256064828000       -2.89020978208399848000        0.50790870480503725000       -2.54021623570523891000        8.78955358073507931000        2.08445671536251220000        8.31675011821179311000        5.60115471150422817000       -3.62392875081940868000        1.31217454965184177000       -1.86588565853170318000        1.60743818166959063000        1.85477787014140860000        0.99242778462658565000       -3.34914568198713392000       -7.88291932698109310000        4.48166505649723224000       -0.89516740088097524000        2.15929221128224214000        0.16401393296866396000       12.05139600030377878000        2.89406566491999406000        2.07793683714443977000        4.42406195403969260000        0.71439188512573237000        6.42506119911221241000       -4.81595178167471616000        0.14519912433947205000       -3.16447809163486227000       -2.56928554487364602000       -3.10015224766723385000        1.45427721090106576000       -3.67537560594497759000        6.36638875961022954000        3.55245975106887091000        9.84421324589424529000        5.05421307154012744000       -4.56448956273937600000        2.82232449359561866000       -1.59700072837845863000        1.91140033211082128000        0.64458140126631236000        0.86398716086413063000       -4.04858688190942839000       -9.60271494554919336000        5.32698955468401181000       -0.04615641209941779000        5.03190723598686596000       -0.61284584058557345000       12.43682860910577226000        4.68009725692534850000        1.26475499102580313000        3.83557647496029164000        0.60447210598512069000        5.52380617305782717000       -2.68148224266889690000       -0.49502304999882490000       -0.34220464585507471000       -2.53096932777195471000       -1.98069387809526520000        2.08925575681553877000       -4.54883462833072816000        3.19547182963021870000        5.16624414153099032000       11.04419757642368083000        4.29561139277391302000       -5.09788541450901977000        4.10502489508611657000       -1.26727537426919601000        2.44463838373974918000       -0.19736651158404653000        0.36788630188693339000       -4.46679393393278890000       -9.93633355163994203000        5.91996368182805455000        1.11509896452910851000        7.11044068770879978000       -1.56122151338735393000       11.94532310028825606000        6.24576369123263309000        0.98687479097557285000        3.34024227036575283000        0.83755121461761906000        4.43834532229988099000       -1.38375945725769345000       -0.60328067153379872000        1.96697975629274757000       -1.93300199587015697000       -0.90180940349974559000        3.02022854627612691000       -5.33030413204927456000       -2.01869779355590051000        5.33681081316568306000       12.32007308438372206000        3.85533915292566043000       -5.37197186965264795000        5.37417234694897061000       -1.27717334901020396000        2.73174482190175638000       -1.92059619375505530000       -0.05362160722030102000       -4.46708634875701627000      -11.52836085999186544000        5.86723887946904377000        4.34537218087888277000        9.20006179835887039000       -2.30586831492134214000       12.76756951828482833000        5.78453483337205743000       -0.48099237151255536000        2.52474129963579186000        0.00543111243064034000        3.45746236931577933000       -0.10199537726605364000       -0.97048374072870081000        4.66272118840696947000       -1.47614080906580547000       -1.95072935607718168000        3.37817142648690538000       -6.46390080987765892000       -7.85645233551047717000        5.24741133816278538000       13.32821953892877254000        3.53823162179726536000       -5.69819832098191981000        6.48798272813009014000       -1.15811753734681822000        2.89519344981430038000       -3.33089788844787993000       -2.25235736401876441000       -3.61873880931830660000      -12.07762268247428672000        5.59868764575787825000        5.69454571708799584000        9.71807356992064442000       -1.99454822068721649000       13.15872274721207091000        3.98518527211972318000       -1.54301955042923078000        1.42729135901993476000       -0.71232084457190581000        2.62510741557086247000       -0.42674142353959565000       -0.94237020930522497000        5.84390824258663866000       -0.04250639286642710000       -2.26217757303225131000        4.17795529660383913000       -7.57398275415945132000      -12.16674133459339835000        5.53189147514908264000       12.30808528049280959000        2.76359456856536756000       -5.43433133545269431000        5.78744891917856652000       -0.24044356647011764000        1.59246325107423337000       -4.13441376936039440000       -1.44464627739234408000       -3.14968612219915922000      -13.94439136528961498000        5.04380029024469323000        7.21462159206713416000        7.15648649488727173000       -1.65831562287091083000       13.42896090624917704000        2.74662190356397762000       -2.37616786946651626000        0.28276825784992937000       -1.06944341675617194000        2.04615263474071973000       -0.10217828172288344000        0.63002230885771215000        6.99911616548619087000        2.68560957955604929000       -0.54336371767978231000        4.17187772656915001000       -7.38091775651957871000      -13.65261515788442814000        5.31935367115777780000       10.68874738305203032000        2.09100300729469390000       -4.15517356180476138000        4.79777003594688267000        0.13651143870188334000        1.42114548403181606000       -5.00126345018731477000       -1.16220742747825811000       -2.59532196058947839000      -12.47633119181563011000        4.20425749501630985000        8.30140596194187630000        6.22469345379617334000       -1.68389330665053327000       11.82371568528690098000        1.72425562339997818000       -2.89891302186099153000       -0.42540124722619599000       -1.10668609333604429000        1.72113857943033133000        0.77524900097527294000        1.37274898311918525000        8.01669696759819139000        2.33874628808383234000       -0.36200143374432125000        3.83216609766024208000       -7.17215801528531305000      -15.21154800591757450000        4.05643819794310456000        8.93567375747420734000        1.14356735672380139000       -2.41680279821277333000        3.18242055431855730000        0.77858253919395226000        1.10068628238247301000       -5.89004381440857294000       -0.32113234755101433000       -1.88672881375444224000      -11.21920914843930284000        2.76674872160710761000       10.03560630493813832000        6.34918002347538746000       -1.24891663706454237000       10.47583854630171807000       -0.09415817998448538000       -3.25401473031078403000       -1.64139592561407621000       -1.10909330196654188000        1.85181001540903867000        1.58157169073433113000        1.46369255037398127000        8.70925819487948338000        1.53507223754997635000       -1.50824387862981624000        3.24378646414089955000       -6.37840430157045191000      -14.51690010421773280000        3.39668925086055529000        6.82301843313779699000       -0.33489377243652119000       -1.12394048093792587000        1.75213082018350197000        1.16632617482861156000        1.51524200005375298000       -5.52378097918830058000        0.72905313863561483000        0.42014824567045245000       -9.75738773225983103000        1.68175504011259869000       10.27957636839287403000        4.70107418309574410000       -0.52413688075310871000        7.68312580047431926000       -1.13215526507807529000       -2.92991633331949419000       -1.49827523139666763000       -0.73533189327803095000        1.66864520626727386000        2.03540626911093403000        1.37337097804200736000        7.57095064654900884000        1.96248412791806959000        0.23110229451959635000        1.93960368232331581000       -4.33683578276711668000      -11.82680957216214601000        2.48342618415235172000        4.37658128053217865000       -1.61222410757277124000        0.50638773974563311000        0.64272408190524932000        0.97817007594051497000        3.64687445522098219000       -4.39151988486884726000        1.65975436490644435000        3.60750095363393397000       -6.22359473152550624000        0.58380329315141077000        9.36732003780422140000        2.42544583882035125000       -1.28048228720731516000        3.22878940066993891000       -1.20286511005775743000       -2.32400940928676603000       -1.12915597124907907000       -0.28267425284827596000        0.83803199382932991000        2.68678958932313749000        0.54463516356606356000        5.57610628966297739000        1.41915401726982982000        2.09101668575806521000       -0.05955983895199934000       -2.65798313572417566000      -10.69051061024367044000        1.29772141303874600000        0.93162142602455322000       -2.75386815411145225000        1.99254377025925233000        0.15847088445834773000        0.05033870961208094000        2.53551221853182973000       -3.40349829615944088000        2.52011738011033692000        4.73451086103262231000       -2.51267244650531829000       -0.92298080411239203000        8.66665087540283174000        0.27566526480853887000       -1.23658001973475651000       -1.14560055260520510000       -1.69314616096748694000       -2.08469698491095778000       -1.11191919897548819000       -0.80696437228187035000       -0.08409285945951918000        1.79400753697809900000       -1.52680681709249400000        3.32564419221265206000        2.08546216769052295000        3.09492540188382481000       -0.76648686725277193000       -0.36208263739144114000       -8.01183716325804873000        1.05115661022436369000       -1.81030206610727817000       -3.08510489371663033000        3.31865955440436267000       -0.69818790614576853000       -0.80670447244331112000        1.98598268457769067000       -2.88371310536868908000        2.39783163954258072000        5.11113288523720932000        2.16973027057961199000       -1.80649761077237647000        7.24318316994105871000       -2.72297608630015331000       -2.03196190378241592000       -5.55507923172803508000       -1.09521236691145951000       -2.00730324907392177000       -0.47366675443764550000       -1.17044000326257835000       -0.90345079534626394000        0.95041451201632543000       -1.75360776713347777000        1.69898994513366408000        2.39880305226367296000        4.40780050645339561000       -1.82622903614767940000        1.26724486131891223000       -6.32029697181697081000       -0.11657610155218151000       -3.58021639735714325000       -3.10574413113502779000        3.99279033369900516000       -2.35712254177684688000       -1.00892616177817662000        1.10172597459191857000       -2.52885854375032348000        3.29393061330282144000        4.80553996106201353000        3.69001146498483523000       -2.76200468950344780000        7.10259248807046450000       -4.67641692719100721000       -2.07183640482006748000       -7.34728178996299430000       -1.40116665307762012000       -2.02678944604270939000        0.08196810694084850000       -1.31193453554708839000       -0.50702244863791579000        0.93488635193029790000       -1.32627161793360426000        1.27649301622695233000        2.90832234094408459000        4.58445352345432777000       -3.05036675755475750000        2.85538776202194322000       -3.66221460320161185000       -0.78608799562102061000       -4.60934971829973250000       -2.92102074373258702000        3.56241091294756540000       -3.76179993856581696000       -1.52490777674092204000        1.14743468658718228000       -2.16368115488705426000        2.84811363259824324000        5.07223936123196317000        5.63316931788508590000       -3.21153925605450086000        4.89784856126397461000       -7.58188931711656799000       -2.11512264683480389000       -9.18971476069457260000       -1.41242829138595782000       -2.07229764010658268000        0.66094055312470801000       -1.59540654659268744000        0.09336102298369366000        0.37092693769178303000       -0.82110148228096214000        0.49507351901171376000        3.57206010961065923000        5.60181033338309664000       -4.03386943744330484000        4.08602313884856461000       -0.12921071020853353000       -1.92836674194621560000       -5.15411194971726250000       -2.74882017565682135000        2.44353665955539645000       -4.49003416968634195000       -1.89637644356996482000        1.54690299258866726000       -2.00387320375232303000        1.53565429182655877000        5.41954670808153782000        8.08756541066796686000       -3.42840842565207105000        0.62830740215448921000      -11.36509524427683537000       -2.50819215116081740000      -10.32051784150860030000       -1.56609227769269466000       -1.93812225827780615000        0.07899869324000909000       -1.59380982403413318000        0.14503721033953937000       -0.93061285499930912000       -1.27954111007933058000       -1.14510184532027726000        2.81811713672214248000        5.80258699091389740000       -4.65410355004426446000        4.67636509767072983000        2.23361890977840005000       -3.23205227937249573000       -5.78257674459967674000       -1.93517140351951267000        1.98384986950833797000       -4.95324402870424940000       -1.84776555447485857000        0.34387673958452469000       -1.24127063016641004000        0.76009738570298280000        4.56552038215336431000       10.04904348215507781000       -3.85628052173220848000       -1.83150447752860157000      -13.70510439079622955000       -2.05656477717946773000      -10.12835984068411754000       -1.80913297519272609000       -1.29308550378221709000       -0.11072156403964760000       -1.46819598556480346000        0.12448370176018096000       -3.03939783124486063000       -0.26707631492824963000       -3.32969202429158528000        2.07205501359438626000        4.35241711862341596000       -4.02789547081000876000        5.41764306691778419000        5.97267166588547926000       -3.72696588398135908000       -6.39651844718772455000       -1.29177892196899724000        1.19794092128593421000       -5.03305713489841811000       -2.07532468953485694000       -0.10201836885312612000       -0.23039180595982153000        1.93373596675879100000        4.29357228499772425000        8.96983377132296944000       -3.48400410119527360000       -4.10616854971718492000      -15.15300720118177224000       -1.67981056728045952000       -9.24336926638021339000       -1.60335905530925760000       -0.88837852504487180000        0.13361307479708678000       -1.53783814394951590000       -0.32341777625840662000       -2.61321298832093474000       -0.22628521460963277000       -4.60060309187108718000        1.60628260073205276000        4.41275542568646362000       -4.89357645452546830000