 6         8        27        48        56
        0.00    0
       1.000000       1.000000      31.210000      31.210000      31.266000      31.266000      31.266000      31.266000      31.240000      31.240000      31.240000      31.240000      31.240000      31.240000      31.240000      31.240000      31.240000      31.240000      31.240000      31.240000      31.240000      31.240000      31.240000      31.240000      31.240000      31.240000      31.240000      31.240000      31.240000      31.240000      31.240000      31.240000      31.240000      31.240000      31.240000      31.240000      31.228000      31.228000      31.228000      31.228000      31.228000      31.228000      31.228000      31.228000      31.228000      31.228000      31.228000      31.228000      31.228000      31.228000      31.228000      31.228000      31.266000      31.266000      31.266000      31.266000
      -1.000000      -1.000000       0.189000       0.189000       0.189000       0.189000       0.189000       0.189000       0.189000       0.189000       0.189000       0.189000       0.189000       0.189000       0.189000       0.201000       0.201000       0.201000       0.201000       0.201000       0.201000       0.201000       0.201000       0.201000       0.201000       0.201000       0.201000       0.201000       0.201000       0.201000       0.201000       0.201000       0.201000       0.201000       0.201000       0.201000       0.201000       0.201000       0.201000       0.201000       0.201000       0.201000       0.201000       0.201000       0.201000       0.201000       0.201000       0.201000       0.201000       0.201000       0.201000       0.201000       0.201000       0.201000       0.265000       0.265000
        0.20200000000000001000
       -0.04200000000000000000
        0.36799999999999999000
        0.12600000000000000000
        0.09800000000000000000
       -0.19800000000000001000
        0.16200000000000001000
       -0.35199999999999998000
        0.25000000000000000000
        0.32200000000000001000
       -0.05800000000000000000
       -0.03600000000000000000
       -0.07400000000000000000
        0.14399999999999999000
        0.34999999999999998000
        0.24399999999999999000
        0.25000000000000000000
       -0.28399999999999997000
       -0.09000000000000000000
       -0.14999999999999999000
        0.24399999999999999000
       -0.02800000000000000000
       -0.13200000000000001000
       -0.18200000000000000000
        0.18200000000000000000
        0.08599999999999999000
       -0.38800000000000001000
       -0.23200000000000001000
        0.28000000000000003000
       -0.17199999999999999000
       -0.40600000000000003000
       -0.08400000000000001000
        0.26200000000000001000
       -0.05000000000000000000
        0.34200000000000003000
       -0.15800000000000000000
        0.11400000000000000000
       -0.25600000000000001000
        0.24600000000000000000
        0.10800000000000000000
       -0.14599999999999999000
        0.07800000000000000000
        0.26600000000000001000
       -0.20999999999999999000
        0.26800000000000002000
       -0.29599999999999999000
       -0.12600000000000000000
        0.02000000000000000000
        0.01200000000000000000
       -0.04000000000000000000
       -0.41599999999999998000
        0.03800000000000000000
       -0.09200000000000000000
        0.16200000000000001000
        0.02600000000000000000
        0.38800000000000001000
        0.27800000000000002000
       -0.02600000000000000000
       -0.37800000000000000000
       -0.29999999999999999000
       -0.28599999999999998000
        0.02800000000000000000
        0.14599999999999999000
       -0.05200000000000000000
        0.27400000000000002000
       -0.06000000000000000000
       -0.26400000000000001000
        0.07400000000000000000
       -0.17799999999999999000
       -0.28399999999999997000
        0.39400000000000002000
       -0.08799999999999999000
        0.32600000000000001000
        0.17199999999999999000
       -0.28599999999999998000
        0.09200000000000000000
        0.33600000000000002000
        0.13400000000000001000
       -0.25000000000000000000
       -0.01200000000000000000
        0.14799999999999999000
       -0.10000000000000001000
       -0.00400000000000000000
       -0.31400000000000000000
        0.04400000000000000000
       -0.12800000000000000000
       -0.03800000000000000000
       -0.03400000000000000000
       -0.04400000000000000000
       -0.28999999999999998000
       -0.20000000000000001000
       -0.02200000000000000000
        0.12600000000000000000
        0.31800000000000000000
       -0.24199999999999999000
        0.12600000000000000000
       -0.12200000000000000000
        0.12400000000000000000
        0.04400000000000000000
       -0.19200000000000000000
       -0.43400000000000000000
       -0.06000000000000000000
       -0.30199999999999999000
        0.02600000000000000000
       -0.17000000000000001000
        0.23799999999999999000
       -0.06800000000000000000
       -0.35199999999999998000
        0.07400000000000000000
       -0.14399999999999999000
       -0.00200000000000000000
       -0.06200000000000000000
        0.08200000000000000000
       -0.28799999999999998000
       -0.22400000000000000000
        0.34599999999999997000
        0.36599999999999999000
       -0.27600000000000002000
       -0.11200000000000000000
       -0.09600000000000000000
        0.36399999999999999000
        0.04800000000000000000
       -0.11600000000000001000
       -0.38400000000000001000
       -0.37600000000000000000
        0.12000000000000000000
        0.01200000000000000000
        0.00800000000000000000
       -0.38000000000000000000
        0.33400000000000002000
        0.41199999999999998000
        0.06000000000000000000
       -0.10199999999999999000
        0.04600000000000000000
       -0.11400000000000000000
        0.19600000000000001000
        0.30800000000000000000
       -0.02400000000000000000
       -0.27800000000000002000
       -0.03600000000000000000
       -0.38800000000000001000
        0.05200000000000000000
        0.00200000000000000000
       -0.27000000000000002000
        0.28199999999999997000
        0.08200000000000000000
        0.24600000000000000000
       -0.16800000000000001000
       -0.30399999999999999000
       -0.27000000000000002000
       -0.27600000000000002000
        0.09200000000000000000
       -0.37000000000000000000
       -0.14599999999999999000
       -0.26200000000000001000
       -0.19600000000000001000
        0.00000000000000000000
       -0.28999999999999998000
        0.17599999999999999000
        0.21199999999999999000
        0.14199999999999999000
       -0.02200000000000000000
       -0.38800000000000001000
       -0.01200000000000000000
       -0.09000000000000000000
        0.03400000000000000000
       -0.26200000000000001000
        0.33400000000000002000
        0.13400000000000001000
        0.35599999999999998000
       -0.19000000000000000000
        0.08799999999999999000
       -0.34799999999999998000
       -0.16000000000000000000
        0.10600000000000000000
        0.34599999999999997000
        0.35999999999999999000
        0.01200000000000000000
        0.21199999999999999000
       -0.33400000000000002000
       -0.10000000000000001000
        0.00400000000000000000
        0.17000000000000001000
        0.35399999999999998000
       -0.02200000000000000000
        0.20599999999999999000
       -0.25800000000000001000
        0.09800000000000000000
        0.05800000000000000000
       -0.20399999999999999000
       -0.40799999999999997000
       -0.05600000000000000000
       -0.37600000000000000000
        0.12400000000000000000
        0.07600000000000000000
       -0.13400000000000001000
       -0.29399999999999998000
        0.11200000000000000000
        0.26800000000000002000
        0.23000000000000001000
       -0.31800000000000000000
       -0.03400000000000000000
       -0.16800000000000001000
        0.33800000000000002000
       -0.10400000000000000000
        0.31000000000000000000
        0.02000000000000000000
       -0.35599999999999998000
        0.01400000000000000000
       -0.08400000000000001000
        0.04600000000000000000
        0.09400000000000000000
        0.38600000000000001000
        0.03600000000000000000
       -0.23999999999999999000
        0.04000000000000000000
       -0.19800000000000001000
        0.29399999999999998000
       -0.19400000000000001000
        0.33400000000000002000
       -0.42599999999999999000
       -0.00200000000000000000
       -0.30399999999999999000
        0.14599999999999999000
       -0.31000000000000000000
        0.13000000000000000000
       -0.13000000000000000000
       -0.28399999999999997000
       -0.03400000000000000000
       -0.02400000000000000000
       -0.17599999999999999000
        0.02000000000000000000
        0.04000000000000000000
        0.09800000000000000000
        0.36599999999999999000
       -0.33800000000000002000
       -0.18800000000000000000
       -0.30399999999999999000
       -0.38600000000000001000
       -0.32400000000000001000
       -0.23200000000000001000
       -0.07000000000000001000
        0.05200000000000000000
       -0.09800000000000000000
        0.30199999999999999000
        0.12600000000000000000
        0.20999999999999999000
        0.03600000000000000000
       -0.36599999999999999000
       -0.12400000000000000000
        0.24600000000000000000
       -0.06200000000000000000
       -0.26800000000000002000
       -0.35999999999999999000
       -0.00600000000000000000
        0.38000000000000000000
        0.30399999999999999000
        0.21400000000000000000
        0.30399999999999999000
       -0.01600000000000000000
       -0.45800000000000002000
        0.05800000000000000000
       -0.14999999999999999000
       -0.29599999999999999000
       -0.01800000000000000000
        0.16800000000000001000
        0.09800000000000000000
       -0.12600000000000000000
       -0.13800000000000001000
       -0.21600000000000000000
       -0.90735273123974636000       -1.90147238071330271000        3.10610754858303517000       -2.71836109493821487000       -0.60271833970673006000        0.34810095474396013000       -2.32948541647357565000        0.64822391295627402000       -4.11554206512424248000        3.63602903766683205000      -12.80344640387690980000        1.70514218379606231000       -4.28483448082250451000       -8.81386413507349076000       -1.38432579286870960000       -3.40708024443366497000        1.48028253759181649000       -1.53383630926073122000      -10.60617225052220824000       -1.37543041253609588000        7.85191959174166154000       -0.07434884806805306000        7.03674405983922124000        1.70747752516314111000        3.26021567154717662000        1.31302579178254430000        6.09881711439118224000        3.41220142554671435000       -2.31890979141611409000        0.15542974462276565000        2.59260612114760880000       -4.28514171516534859000        0.25436467690794451000       -0.39214019413123574000       -2.95816490003985599000        3.07750613525049488000       -4.30417025128019670000        2.09335105588657777000      -12.80425158306803013000        3.68739702856894347000       -3.87194075282300520000      -13.34627435361574932000       -1.06875150073711911000       -4.18379826354323114000        1.16103649907260231000       -1.80653192723707989000      -10.33682338884369756000        0.36371898894448523000        7.31672546427960491000       -0.78943479876616540000        8.44642667632465738000        2.02691441021791530000        3.09320370582878912000        1.49185897748450524000        3.97275719328181154000        3.55978140521313113000       -3.02969879893323490000        1.86315509516230526000        2.05389021727658960000       -5.09571470270351412000       -0.01043562960433661000       -0.19024614546670371000       -1.95395609354917554000        5.17535770257046934000       -4.23845729487770218000       -0.68572054379691338000      -12.57395684867044849000        5.20106740815836766000       -3.08299274878962937000      -15.73259863590608809000        0.54126042230706661000       -5.10011277506758987000        1.14831009063640366000       -2.07160009790562150000       -9.05821913983351479000        1.26074562694342429000        5.24107586414618876000       -2.26197258730199913000       10.17948077335437240000        1.94445323928957592000        0.24184856618534090000        1.65154979141930425000        0.33376900915542657000        2.08160147663261830000       -2.63662749844790767000        0.49858352482641777000        2.53754697436985754000       -5.36438178560398349000        1.65646297029843725000        2.15871341307510400000       -3.14990518403086384000        5.94422127038291492000       -4.22205568039970025000       -5.57883864132053109000       -9.35432249916962100000        5.28823930124432096000       -2.45590984852420302000      -12.29736927159350302000        3.38789535200728187000       -6.73699225151771053000        1.10750662548529033000       -1.98293811942366083000       -5.05278871834963983000        2.08592475710944258000        1.78832679795011917000       -3.41901671176051591000       10.68924468602244282000        1.83798063837767334000       -3.99541449421889894000        1.40551761132548791000       -3.99500932530060648000       -1.09667830012300693000       -3.71478323542569688000        0.09212962770744192000        0.85732150865160361000       -5.45055312343371856000        4.63843095138903294000        2.12034838593151065000       -4.59009756551953085000        6.38140981208701419000       -3.68061312091008697000       -9.74228141479271592000       -7.24286626287478708000        5.91876629951799504000       -1.09618501036564164000      -11.29378659490280157000        4.80518781642710913000       -6.88436790647868424000        0.40423564225015485000       -1.47898777781160362000       -0.09543093341471266000        3.45134825096587372000        1.42335940133054528000       -4.36613934189735531000       10.49048824378916400000        1.50684480088876716000       -5.49483334196741691000        1.16180430137403001000       -7.00474605112024662000       -1.67033726833575447000       -4.72572726252786701000        1.64689230813202681000       -0.52025898101815748000       -5.13673638545146716000        6.23854205523052752000        1.80057870428092714000       -5.08378501030264562000        7.97651692726592110000       -2.41669573453864350000      -13.36275110288933732000       -3.93455660221373638000        5.26567885720690665000        0.70489256201342843000      -10.75769623936514208000        5.18037826057524864000       -6.11258190468335894000       -0.63125375234622205000       -1.17199952269290231000        4.53750075350392024000        4.65903472775857086000       -0.20718999355276960000       -4.79360120347723839000        9.54407490565534289000        0.71942019612076391000       -6.74395597186517559000        0.90358820418669916000       -8.88904218215922626000       -2.46470510207503191000       -5.33168573693458026000        3.76786139991390590000       -0.49954990913195968000       -3.91218006400296758000        9.33080785325752515000        2.48567877200521803000       -5.56351676776012827000        7.89302277733675073000       -1.68929344243449964000      -12.51583214326966953000       -0.02000082925571130000        4.48214402127349310000        2.01471375957734500000       -6.29978278077392684000        5.87581348270582104000       -5.18971625324323416000       -0.79225299654539183000       -0.60384828516216504000        6.05389465998243903000        5.37931570498772427000       -2.79253925046404872000       -3.85808849190326297000        8.05908713990092096000        0.45474634789828183000       -9.36214927758706850000        0.82388496263963473000      -11.32803347971868213000       -3.72156739658245384000       -6.29115295027753785000        5.15626756794199803000       -1.27331649193091967000       -3.04449675178335077000       10.44349752926178709000        2.17137511674972838000       -6.36253048188992754000        7.19277498677838345000       -0.60320308988619176000      -12.86575031175748940000        5.03039650862311305000        3.48310566468213523000        2.72625280308602669000       -3.15577223674960727000        7.62051354333487385000       -4.25000881652214080000       -1.32399151313376340000        0.12766964439550002000        8.03744306832437161000        5.40982425731926408000       -5.10049326523117763000       -2.26771575168852113000        5.71910065284572244000        0.17595153203111055000      -11.24177018520720850000        0.42303343472680116000      -14.56111675203573874000       -4.66681195585359543000       -6.13145847653370080000        5.47156228630254038000       -1.78444452094349870000       -2.57049269113678447000        9.27526269295287342000        2.14159050474217683000       -5.48335020884724589000        5.75880110702477843000        0.28054642091538129000      -12.69774516487450633000       10.36423285030253894000        2.52997955074175396000        2.89963420256808924000       -0.37074452549234227000        8.94266539313804465000       -3.52773886576691664000       -1.83739418677371846000        0.56918860056468434000        8.53588150677310686000        4.71067955438910957000       -7.72272813299899230000       -1.07970247787324913000        3.03672837420548980000       -0.33675544489040654000      -12.18808124622025879000        0.01612527567484694000      -17.87640700380213940000       -5.75658162679900887000       -7.47222118750272113000        6.42693243521701074000       -3.14633526088258497000       -0.85416022020928017000        7.96076992193746502000        0.14948744438708697000       -4.99556104412882451000        4.52460467596900706000        1.87582156958864710000      -10.54845078009373083000       15.48681953342090622000        1.61584194086085309000        2.98073165424638642000        0.84794884217325128000        8.81533961772031915000       -1.64970312136467046000       -2.76529104527195413000        1.00437544791550293000        7.88146161294946968000        4.72986806358623202000       -7.47007776091962406000        1.19951443131000390000       -1.37865943222611542000       -0.88357027058249527000      -10.58283907251481182000       -0.61442995702890968000      -18.94811851309577120000       -4.33368051909493968000       -8.31109116694705108000        7.96615681640639650000       -3.48056626491864840000        2.55121039777037639000        4.78464482054930329000       -0.97966814588488083000       -1.55864267120658706000        2.37467911247949459000        2.66956331516051204000       -4.74892266291644649000       17.51165390543343750000        0.92506353422389209000        3.46067096079869030000        3.11302231002966856000        7.86617374284068749000        0.48648085811357311000       -2.65385526373505432000        0.77173240572882129000        4.12665118682922394000        3.79971533757376623000       -7.32847921501082844000        3.07638059179237366000       -5.13013135319532054000       -1.37478741861124387000       -9.98955511676128971000       -0.87358300804341482000      -18.71177319184439720000       -2.97628964441965671000       -8.75322519354867090000        8.92548999369658347000       -2.53977761065287844000        5.27410655080829915000        2.31959815032616135000       -1.64421693602261931000        0.47775662213435655000        1.03327294282818105000        2.17037977886318867000        0.58183342787491321000       17.12676727792670310000        0.18431882429205002000        4.03482271986287877000        5.09374328314411073000        6.53795767424360363000        2.78372468628114511000       -2.47881496255074296000        0.37912710213134465000        1.32884232054086837000        2.57167728347994640000       -7.68334431981853339000        3.64573519916973465000       -7.69792404746804682000       -1.42641880979437441000       -8.72909169658380790000       -1.06646974245724824000      -17.15042990257262550000       -2.48938848096589727000       -8.38404627083282428000        8.73252776147270104000       -3.27134812779857587000        6.77548144811945274000        0.95547126953293193000       -2.59403522122590502000        1.07492120033827665000       -0.86192905045069546000        2.62515332753831521000        3.51093827514300294000       15.21098391355560864000       -1.17241016251503871000        4.49133035002341163000        4.94788497569468788000        3.91075988926059948000        4.90968004196059393000       -2.99975524661992887000        0.57550318743276196000        0.83698881461662911000        1.67399336882952743000       -5.83890474339332499000        3.97108540290436851000       -9.38118834728613926000       -1.85365672787669733000       -5.46479342907249332000       -1.43818230248674417000      -12.49905622245922388000       -0.04182894097059356000       -7.26703208545966195000        7.73299672660942772000       -3.10594207284879653000        7.24586485471444064000       -2.30227950182572005000       -3.14728811070361036000        1.40792736231156379000       -2.52612718376051371000        2.81633039594244083000        3.55372185872611723000       13.70649984240126962000       -2.68120189173846146000        4.66906416921468281000        5.46897015472514347000        3.64490029853535180000        6.70378769883504688000       -3.00960595829350774000        1.13802543531498412000        2.28238747079889581000       -0.65441958464176941000       -5.44620220437517411000        4.45234244343896179000      -11.01735143803340833000       -1.59358241910295129000       -4.47720819567831185000       -1.73157406438058703000       -9.99802094747059300000       -0.45130594783320593000       -4.87724895380271484000        6.35911210036937380000       -2.50048716609759314000        7.99311536835963388000       -6.32849023577507808000       -2.95978473733352265000        3.33623628719518495000       -3.99883346524928651000        3.23553993521094130000        4.61921002036006278000        9.08384319979227861000       -4.10071591540843272000        4.60733426010109071000        5.70583466414423768000        1.39350634381802085000        7.78971292331119436000       -2.63316053301574859000        1.26492102174698418000        2.01294528662025662000       -2.57623523676593624000       -4.60826915875579424000        4.20147392855392265000      -10.46920931707967739000       -1.64950653811397263000       -2.49290481072481951000       -1.79674085281685247000       -4.66045596289520692000       -0.19629260266748924000       -2.51541995542996277000        4.47636806504152496000       -2.32256879994387244000        7.74007978695345322000       -8.15441404937017822000       -1.94582226481407350000        3.79497958777468014000       -6.14906670046534920000        3.66260522877621053000        3.64972702065319643000        3.17620880272637418000       -4.28525318403077371000        4.10082231705665912000        6.23440490365856181000       -1.60550354230377490000        7.41860202028678462000       -2.42263996576286633000        1.09946059761358317000        3.32403737406797894000       -3.45479505660251585000       -3.42844837614481746000        3.54343055402324980000       -8.35351739493266265000       -1.66061523171760084000       -1.20029109903782816000       -1.82950256510124998000        1.57986620461113780000        0.16907967782498756000        0.65117107218220072000        2.12337832827338513000       -1.51401732584287996000        7.36591128133189432000       -7.81900547119466527000        0.15163885040802569000        4.12249166151854318000       -7.53965775001666128000        3.54946743372112872000        3.18070285767469718000       -0.23212548146726283000       -4.60254564958435441000        3.52334174386130394000        9.29883593953413445000       -3.55069053639420495000        6.47109328063315559000       -0.77019012820922605000        0.90086749679144607000        4.43052420127313695000       -4.59300286692760551000       -3.68307875525213824000        2.02121682610403974000       -6.91599781856479101000       -1.64964227528278040000       -1.47825360671114892000       -2.07492394312260586000        6.38212096442887589000       -0.84223009499162016000        2.49484067652250818000        1.52595687665307467000       -0.39215210419770685000        6.96095093339718041000       -6.65289011271180542000        1.90580304047992199000        3.47510618621601308000       -8.87495001657942062000        3.21732574088889800000        3.91199459680690786000       -4.16643824479127645000       -4.98559032675160374000        2.91718977295268500000       11.98402724119141460000       -3.93731051257827769000        5.80801485412725338000        0.46830818579138800000        0.82899605586227132000        4.29798804835134440000       -5.39343491876725967000       -3.61295479603466818000        2.11121761837411004000       -5.27297597616470704000       -1.30985031129235541000       -3.23762309993268405000       -1.99506318144190531000       10.16650857324898105000       -1.64841704703108594000        3.17577059528654182000        1.03959677494294644000       -0.10400559282447214000        6.24035251633847920000       -6.09226234889898510000        1.52620279755541000000        3.97566033825652454000       -8.76068928344049169000        2.69965438979642958000        5.93896052210019931000       -7.84865439926131447000       -3.53361650948651773000        1.68064811351344345000       10.41065664712550998000       -4.53634681762892722000        5.25548785477928782000        1.99919567177683866000        0.42995865325180133000        1.82264181644062506000       -5.53382660625129841000       -1.28599575000415212000        1.69068657663925181000       -3.85555759765909167000       -0.70819586869524520000       -2.34296891682033692000       -1.56438947285719987000       12.37884659261628251000       -0.64757121751668822000        4.33301799858776970000       -0.18510108151679788000        0.09247208449195060000        4.08150619496663758000       -6.97458768127337780000        0.93443596170929333000        4.34145021479231641000       -7.80921427834529958000        1.92456234422462402000        6.04850772438588535000      -11.14745365010736577000       -1.14440443071620646000        0.33570229662934081000        6.01794754258758768000       -4.77502021136324917000        3.91420382674697942000        3.51128880350743477000        0.00427645786914060000        0.22324172080478483000       -5.65445837605066348000        0.39698668318980945000        0.56861804569037522000       -1.66941628738331160000        0.55118153220486255000       -0.52487802435154340000       -0.72952719642461250000       13.06946808591933973000       -0.20377638648830246000        4.46116501398409593000       -0.21489657637925574000       -0.22438396784009121000        1.68262137157482572000       -8.06485706158238003000       -0.13675951927288008000        3.37675995114542893000       -6.23937020214161020000        2.54845060154074377000        4.10579414501615592000      -14.93299618707427356000        1.07585990267567544000       -1.26856113185467345000        0.22987455344803986000       -4.26004701612819048000        2.56349313922475774000        4.07256804420810159000       -0.49698630050960801000       -0.28986820262920804000       -5.04356756051498767000        2.50635762103306181000        0.31391809499894979000        1.25129169087615666000        1.39207830597760052000        0.73369249567086237000       -0.08429945017496115000       13.36444902346723573000        0.38286932818855896000        4.67965156161342577000       -1.30039831591003807000        1.00449826488831806000       -0.28306309986372780000       -5.70078014894490526000        0.10187142570574048000        2.10799454047872636000       -4.88263262033366541000        1.33665584998067200000        3.17923368530164607000      -17.72788460083318180000        2.91500458676089424000       -2.61738080193369260000       -1.02484792367117139000       -2.35178606401573642000        0.99275827738818312000        5.41741282447230876000       -0.85283484053452108000       -0.93685402442067245000       -4.79983318926570224000        3.62194295457193016000       -0.53349891064566224000        4.36341131828433415000        1.92455662582658449000        0.35459001384780037000        0.41085504377337367000       11.90013901147164432000       -0.40915100183489622000        4.15452074397188031000       -2.07387758443857351000        1.43818745054651864000       -2.75208087154343284000       -1.94128579196762052000       -0.49062604147171857000        0.17288928380561039000       -3.06267548696253611000       -0.48010150373846883000        3.04781859375113617000      -18.16140275920510660000        5.22755157562180894000       -3.44604001328631249000       -3.64414618443255911000       -0.83316843570730004000       -0.17388418724383081000        6.29077634418532483000       -1.04198455937383350000       -1.56073117808771333000       -3.89602985870093299000        4.99102833417949920000       -1.64124731660508694000        6.03610047008601125000        2.63312529049642352000        1.45367791080141173000        0.92637786441753855000        9.41500811240589108000       -0.22125912602482864000        2.19941741489956044000       -1.25340607152577532000        1.97411668932363327000       -3.62763300435049629000        0.72510058904801689000       -1.42109750421354986000       -1.06523649104976137000       -0.52312996432510839000       -1.82258888977172040000        3.35114190463145967000      -18.36085417020724720000        6.41119720951624839000       -3.64509640469839313000       -6.43461493193432155000        0.75812199453144047000       -0.60182415697594183000        6.11513839119663150000       -1.16177000817369036000       -2.88351426636262742000       -2.71615780152163833000        6.29849001784254359000       -1.80180779523639312000        7.16419909829012802000        2.86695242230214742000        1.54268582483104577000        1.36267978772962484000        6.96541180688838768000        0.36686882494913847000        0.72791216679833459000       -0.21474001213070271000        2.41470817240768421000       -5.57667269730297832000        3.97691648105727991000       -2.38319821151492395000       -3.28336090937319280000        2.20770770855501919000       -3.15977843022855609000        2.85273955854003614000      -17.55919933578837090000        7.69869274675769866000       -3.66152181712617297000       -9.78866982097452798000        1.79686428663431363000       -1.33237417440139416000        5.63201445332861716000       -1.24226585415747404000       -3.23976550826736887000       -1.29940739555453555000        6.64911360495707093000       -2.24148250774762969000        8.55764311927283394000        3.39640174898806979000        2.44461705504408844000        1.97663758198612216000        4.15467765268314348000        0.45734632441924422000       -0.67896008557784071000       -0.72219637872398845000        3.16947388597615953000       -6.29232360949569180000        7.20491647442221073000       -2.72849111088418850000       -4.91023444334949577000        4.14299174521867375000       -4.73923908112531045000        2.91915257853364629000      -15.04041638835444417000        8.57990824966237575000       -3.73878274895175444000      -10.82016532003215659000        3.30477356948075496000       -2.20404686425610441000        5.34066829446889901000       -1.32469165967514724000       -4.22906221981259023000       -0.04524581522483706000        7.05481417562569302000       -2.39135972679048292000        8.97855236707222915000        3.77658147052186033000        3.32250007009169801000        2.46293984194163640000        0.28144868790473931000        0.63866698695833812000       -1.87134032014941210000        0.29297488870948374000        3.39247567972810238000       -7.09316616019556978000        8.08871139320878818000       -3.20513199438598173000       -4.75725437488566971000        6.27712924345336631000       -5.94419628263403599000        2.64311570684038299000      -12.24553727199863396000        9.32185206604370720000       -3.05973619550956633000      -13.50603433207829340000        4.17259408069820648000       -2.83438269137557963000        4.56185187113636825000       -1.34893051845266654000       -5.16333148569688660000        0.80919690569185998000        6.12239363661532199000       -2.68434261176315259000        9.43373277314116088000        3.90888650524672876000        3.57269339872003888000        3.01320947339069489000       -3.81654367995226407000        0.47711927729565295000       -3.27691329959386435000        1.42358094883319231000        3.71593720617324585000       -6.96481603857237452000        9.30099087713536044000       -3.36118491951028808000       -4.37232075231352280000        8.26700711466272864000       -6.52509063263863887000        2.84675536088927927000       -7.86887173334463696000        9.17361574048942785000       -2.61670447996908218000      -14.13625195562913461000        4.54671944915816795000       -3.23234856601368570000        3.48270712742335453000       -1.21118039478054151000       -6.83193845574487746000        2.04679257685693550000        5.19502816672340906000       -2.03599987606104316000        8.68778662714288608000        3.64883620355372518000        3.45246729585032153000        3.19984056189209598000       -7.39664375585323253000        0.54350661260654165000       -4.19018035963068325000        1.68030370077875602000        3.50847185429214292000       -5.55318011181276461000       10.98451969127231287000       -2.45268609186565234000       -4.36040474192162009000       10.06062942945437300000       -6.29929760442568210000        2.21631023129957772000       -1.82786718263500481000        7.24117797901939930000       -1.27709462056676948000      -12.58812631872988419000        4.76774426059335177000       -3.72280213463113929000        2.29111432338107601000       -0.84886691283687798000       -6.96296479070465502000        3.26913653679741722000        3.79716622727593123000       -1.62952541914427007000        6.85522747136819621000        2.95544567739127473000        2.60440002607488985000        3.04071640281338418000       -9.95166076744299133000        0.61252634745098533000       -5.62106428692062288000        2.68591894392850516000        2.01092384798175061000       -4.59747872815158320000       10.98594569061606308000       -1.89962357893005906000       -5.17438659004998858000       10.91753949836038906000       -4.97965877282171210000       -0.89827531319840526000        3.28047574497734917000        6.07495520106971920000        0.05747560081638074000      -12.82612352863620941000        6.56499776464383444000       -3.86298222631810351000        0.98437027984980108000       -0.21607433335781215000       -4.17593289856397032000        3.98050385210517454000        2.02648152726298347000       -0.75354045365923183000        5.13066984758546507000        2.72080893199788809000       -0.00407716022017472000        2.83995870150609075000      -13.71045899104467658000        0.29581961768208370000       -5.08502873567380043000        2.31796891163452479000        1.28896148648682973000       -2.63139733895850325000        8.80138330429254978000       -0.63982626680335775000       -3.92191431408681623000       10.75483913060331176000       -3.02501044914342687000       -2.00215465525911362000        8.84849449392304876000        3.92470210277455722000        0.89867422514199635000      -10.77777905271816472000        6.21717924117947174000       -4.12855810518464494000       -0.31685517031934340000        0.24629149350614996000       -3.50038586334813617000        4.74144834238673063000       -0.19023323186619548000        0.41780078719563113000        2.90064179647734299000        1.99636111432888885000       -0.87599901259131330000        2.48506032683258704000      -14.94103788867892568000        0.40907545268646150000       -4.54037739785068251000        2.22294584137481133000        0.10030442934297285000       -1.30014708420073744000        7.56029061498088417000       -0.42384204830087280000       -3.71990981582122204000        9.94136786742820178000       -0.58593656002006222000       -2.17996168159636605000       15.53870193694597646000        1.50868203281627866000        1.43604525236353231000       -8.07387922238050848000        5.32665296123673482000       -3.57796138393514518000       -1.84818302520678079000        0.88599507008730116000       -2.72083761026533644000        5.65126440553634790000       -1.65410442042837680000        2.33233852474391501000       -0.74237041477261412000        1.21792196371716233000       -0.01897347822634998000        1.89202205846826077000      -15.50658619217994882000        0.96596039348330953000       -2.95148714021794900000        3.57283320630155110000       -0.34437680578645974000       -0.51285999191249898000        2.34263058007826119000       -0.58383807472594151000       -1.18425526303243389000        9.91449250601787035000        1.59539183480070035000       -0.85694531452623479000       20.88576985491789980000       -0.52862199465995952000        2.05138795354698944000       -8.28212586188944932000        3.57544846468199973000       -3.06117777555187365000       -2.81543543871146129000        0.74525863721384333000       -4.04980954734929899000        5.68402951608133922000       -4.84949485081048515000        3.31586951237957139000       -3.54274429714990680000        0.48735510918524516000        1.73568417772534067000        1.43133825715237850000      -15.38530993527043655000        0.85484154918371658000       -2.22800849281201696000        4.07565747887068053000       -1.39548023093034490000        0.89253154215655162000       -0.68405372419073529000       -0.24119620743543604000       -0.09994172369418323000        8.84449771683424046000        3.38452585738000478000       -2.35121860056556553000       24.16558756654210430000       -2.52092649898894505000        3.21941276443753699000       -5.77641923310690242000        2.25709788494772878000       -1.86153117948591773000       -4.01029441065211500000        0.71725803815065503000       -1.17020958853347334000        5.42240449595986362000       -7.06258179066360103000        3.66702466305730068000       -6.59658455663556698000       -0.05914575059523666000        1.02795833235841982000        0.97701519955052230000      -14.42249591247755802000       -0.10614154936662251000       -1.76434699535886641000        4.99869512470522803000       -2.69915862818697505000        1.71974954267426949000       -2.15215249354151572000       -0.14147466732803474000       -0.02736773131355445000        6.15180923400535651000        4.92670945531801952000       -2.57896530802776391000       27.88044726615773070000       -4.63185332991132359000        3.69618189567797417000       -2.12204331568849991000        3.64617845779427441000       -0.64427499965501323000       -4.22220045739420247000        1.26039530180104853000        0.98994505880876882000        4.06808365573475328000       -8.83441753882995506000        5.36546386150841492000       -9.86956413174135072000       -0.63394383177155578000       -1.23572358229046220000        0.12523567908285668000      -14.84432496457600870000       -0.87393593965413197000       -0.91729167589605443000        5.78374164334687979000       -2.97104793125152833000        3.30291870541900634000       -4.53834981926323167000       -0.04914627082587420000        0.68788437292767290000        3.98096083001529255000        6.51823691375850434000       -2.68169876417477404000       27.25523651920095960000       -7.15286843835793196000        4.67636605011228124000        1.93740765992667452000        4.26370649095383758000        1.18830358566285010000       -4.22046596076170921000        1.78784127216857813000        3.77088596225821471000        2.36677834402060405000       -9.87460707490604150000        6.32884223215526021000      -11.52457710618289077000       -1.26702350237424488000       -3.32156625899836211000       -0.51641298535196167000      -12.99572683935390494000       -2.27430927279508932000       -0.10643185776951362000        6.29492331597412935000       -3.28124612280805827000        4.86652668094218210000       -7.07599716535066126000       -0.57484164166173690000        1.93536244983180006000        1.99607977787140700000        6.71567058427294050000       -1.17953273620908639000       23.94479435396189260000       -8.50011496678690826000        5.83307959697498557000        3.64515848372383200000        3.06454797329880968000        3.10362638429281823000       -4.13153728375429630000        1.81194234059747217000        5.48551282439271226000        0.70032584469645920000       -9.99943173668867580000        5.40457180071004650000      -12.40266280728309312000       -1.60587371526350653000       -3.34060004655403420000       -0.99087638419549717000       -9.17741243394226558000       -2.45318838280244567000        0.35015407265637882000        5.35515942168798897000       -3.28400799464669291000        5.83108530685751969000       -8.46244457046115528000       -1.06219042195863866000        1.97908368133547019000       -0.27379045618158054000        6.44206476961103469000       -0.67581502273260607000       19.62676730076419670000       -9.16496098283319860000        6.44993180804969413000        5.28178561873333052000        3.05708648093499136000        4.62952422457196366000       -3.56612009535686880000        2.16300499254271639000        7.78139514292859413000       -1.33787342351932947000       -8.95066074555272273000        4.62073556494414284000      -12.34987057008142486000       -1.49220410544586102000       -3.14225403081396015000       -1.27277478634658081000       -6.80680535712367352000       -2.88044534796825502000        0.47288665533824087000        3.95575287398761644000       -3.83947562592237634000        6.79569483792142925000       -8.94684590314282602000       -0.93532820046770515000        2.42309260829241957000       -3.48006509149673482000        6.23054571425328785000       -2.10485531651331836000       13.50137617224902797000       -9.29362516347732637000        6.27669421128689375000        8.53241577308723365000        3.62735026375714709000        5.80784082414669101000       -3.19117449299085054000        2.40674038679326774000       10.67884975620567367000       -3.19958384696819387000       -7.10038568143143500000        3.94137101862119055000      -11.10669565558915295000       -2.16474520082346533000       -4.86056543690501286000       -1.96651059379203774000       -4.21520304305654125000       -3.23858237454182074000        1.91027523631927187000        2.23989751610250742000       -3.31870843717114905000        6.48381619956030963000       -9.96458247989242096000       -0.76975029682093266000        3.94561134291092808000       -5.91257420359310437000        5.22561143819454355000       -1.31359774231294590000        7.62457805277682699000       -7.93485657632439345000        5.29043690598899374000       10.17007453776471060000        3.20644553343123828000        5.81087079100976389000       -1.75738220330958428000        1.93106041800527639000       10.57379389523576663000       -4.80178270341370084000       -6.30535618647614093000        2.32650222290293041000       -8.36871725861235660000       -2.42248764462332344000       -4.25270045870459956000       -2.09857026587238371000       -2.29452293189727818000       -3.72435929572031554000        2.71153449414303438000       -0.07680842075723428000       -2.36202458768342849000        5.68634143308602447000       -8.77422502718961894000       -1.07354454450508996000        3.75531410113992825000       -7.85949644208845655000        3.72150607405013423000        1.30309155836008639000        2.57634159336229729000       -6.32825247824662096000        3.45503648042352474000       10.84621642843677591000        1.75556386055585656000        5.02166207802297038000       -0.71858868997872483000        1.40465412488112218000        7.80886388946501508000       -5.53509583500236690000       -3.62227160988237396000        1.20089381325385025000       -5.96351438830647140000       -2.11156289460727464000       -1.65362978446314601000       -1.76050813845363940000        0.20421028286268758000       -2.89213424537275454000        3.14651290737595612000       -3.02303445392376258000       -0.94441118358781218000        5.26668633011890108000       -7.79226489132993283000       -0.25073039970799266000        3.43714491975603220000       -9.19568415038250109000        2.03683786340284945000        2.69841790007344517000       -0.10270167266642760000       -4.95042615854706192000        1.52673347053508923000       12.11134080956962933000        2.06734304333137819000        3.40796241303556968000        0.79647375345567328000        0.66435808317863376000        4.88168767065650666000       -6.34592569454911715000       -1.79284123669579754000        0.54871642803955345000       -4.30440924864426933000       -1.66296057283743970000       -0.88092017589187255000       -1.49266250034699155000        0.53219279584968182000       -2.84207318978158430000        3.88786549109156088000       -4.73676642483074239000        1.17625662472907533000        4.26485678810908020000       -6.74851864165251136000        0.68608791046829631000        2.84932466561974929000       -9.53283478763898096000        0.72735595665582531000        4.35551007036671756000       -2.38321024310721841000       -3.75718986046263392000       -0.62888701416084225000       13.10645820267070505000        2.05015605513395416000        1.73397148890875608000        2.11482064914392431000       -0.04695869947218299000        1.19310358052630572000       -6.70329706254593383000       -0.74956632308638560000        0.52256149307005828000       -2.21555512296611345000       -1.17835098511197978000       -0.40790205975223176000       -1.08173892380356951000        1.13028174539479620000       -3.29800744426160275000        4.31069784057519279000       -5.02593112031410527000        2.62850794901483509000        2.41163458175832712000       -5.66790640989878813000        1.18254853377978608000        1.63343157400209060000       -8.82421873485630215000       -0.23709193680957213000        4.87275252707964146000       -5.09144283654856800000       -2.91512839312913341000       -2.27740603095768313000       12.01529120831257202000        1.60754062321487190000        0.38370447002189678000        2.76297557413327199000       -0.61311230215969126000       -1.53707938773675012000       -6.74754270784144783000        0.06177237129011421000        0.41182382268766432000        0.11642020156845514000       -0.52792689047634456000       -0.07210535770894061000       -0.50800452697392440000        2.38389742062087295000       -3.78137697149456464000        2.24447251597742792000       -3.86403544862664505000        1.43550905302330767000        1.21781097521787252000       -3.74633605823992166000        0.63905472864788559000        1.57568925261570003000       -8.26892242560032820000       -1.10767871995225620000        4.49418561613039991000       -8.82876513128863394000       -0.31621741589231750000       -3.39902393072874176000        7.77016737569917115000        1.35864154126251169000       -0.49473767570442323000        3.28441885176085080000       -1.48059043268959312000       -3.43467408858133139000       -6.35272779862480164000        2.82877532172980706000       -0.37191404936591449000        2.27452600371349867000       -0.50759453667918664000       -0.86204671656889809000       -0.21586750276384140000        2.69134361658260790000       -2.06108764912210640000        1.33971379753057462000       -2.92961271264404122000        1.46495673265484294000       -0.11256564448453574000       -1.48933865105835772000        1.28616367870006165000        1.37395933971534134000       -6.74077458595983092000       -2.21760972776942866000        4.52527523779899088000      -11.20073675962768256000        1.06941959157123323000       -4.17767538552033191000        3.94187799471920020000        0.54007809233029003000       -1.51426406326359109000        3.66364037629286665000       -1.96942732665889220000       -5.97465829524616332000       -5.56708857827298775000        4.58835030486367490000       -0.77324849634876613000        4.27701868385426298000       -0.20949168467057885000       -1.39869384460464308000        0.33394911266705019000        3.67850736891891250000       -0.54967808282273867000        0.94438934511632966000       -3.95899997141079840000        2.73792375242704944000       -1.01630007805994871000        1.12695990353264830000        2.79019051439976096000        0.36390089336386544000       -4.83705231819272097000       -4.89862200812225801000        2.83280618301430254000      -11.75853910792781854000        1.07780032395745273000       -4.12876018767480701000        2.31277589651913207000        1.12971943789073936000       -2.94481244674553544000        3.61243860398511396000       -1.82566916169885451000       -6.69108888857568207000       -5.44956197360091110000        4.85387537438715011000       -1.76620067615513809000        6.06256538837035741000        0.19930330668317539000       -2.90681987201085246000        0.73960540284927845000        3.55360823937742332000       -0.49873339055674071000       -0.20453485952488509000       -3.90818597531032452000        4.21803224218711126000       -2.24033778509610526000        4.35211458341625335000        2.92471072852960168000       -1.94846463343333620000       -2.07853359944184435000       -6.50458107247651096000        1.53309322637304835000      -10.09257858200582447000        0.31419789270712573000       -4.18434522359365957000        1.86865482300272201000        2.79851242182414150000       -3.28223554462049849000        3.26434537676266245000       -1.22167531544182473000       -7.05694354233602716000       -4.80363163612522648000        5.17223298940964948000       -1.16378907529932829000        6.13216310032634038000        0.75303196447707454000       -3.77726922254406983000        1.00764633881170140000        1.96873039212489598000       -1.24984227308313112000