12         8        30        48        56
        0.00    0
       1.000000       1.000000      31.197000      31.197000      31.197000      31.197000      31.197000      31.197000      31.240000      31.240000      31.240000      31.240000      31.240000      31.240000      31.240000      31.240000      31.240000      31.228000      31.228000      31.228000      31.228000      31.228000      31.228000      31.228000      31.240000      31.240000      31.240000      31.240000      31.240000      31.240000      31.228000      31.228000      31.228000      31.228000      31.228000      31.228000      31.228000      31.228000      31.228000      31.228000      31.228000      31.228000      31.228000      31.228000      31.228000      31.228000      31.228000      31.228000      31.228000      31.228000      31.228000      31.228000      31.266000      31.266000      31.266000      31.266000
      -1.000000      -1.000000       0.201000       0.201000       0.201000       0.201000       0.201000       0.189000       0.189000       0.189000       0.189000       0.189000       0.189000       0.189000       0.189000       0.201000       0.201000       0.201000       0.201000       0.201000       0.201000       0.201000       0.201000       0.201000       0.201000       0.201000       0.201000       0.201000       0.201000       0.201000       0.201000       0.201000       0.201000       0.201000       0.201000       0.201000       0.201000       0.201000       0.201000       0.201000       0.201000       0.201000       0.201000       0.201000       0.201000       0.201000       0.201000       0.249000       0.249000       0.249000       0.249000       0.249000       0.266000       0.266000       0.265000       0.265000
       -0.29799999999999999000
       -0.07000000000000001000
       -0.32800000000000001000
       -0.19800000000000001000
        0.07199999999999999000
       -0.36399999999999999000
       -0.24399999999999999000
        0.23400000000000001000
        0.04800000000000000000
       -0.13200000000000001000
       -0.21400000000000000000
        0.03800000000000000000
       -0.05800000000000000000
        0.34999999999999998000
       -0.11200000000000000000
        0.31600000000000000000
       -0.16200000000000001000
       -0.07000000000000001000
       -0.32400000000000001000
        0.39800000000000002000
       -0.40200000000000002000
        0.01200000000000000000
       -0.37000000000000000000
       -0.25000000000000000000
        0.19200000000000000000
        0.12600000000000000000
        0.35399999999999998000
        0.28999999999999998000
       -0.39200000000000002000
       -0.11000000000000000000
        0.00600000000000000000
       -0.06200000000000000000
       -0.35199999999999998000
        0.08400000000000001000
        0.35999999999999999000
       -0.37200000000000000000
        0.08000000000000000000
        0.37600000000000000000
       -0.22600000000000001000
        0.26000000000000001000
       -0.35399999999999998000
       -0.01400000000000000000
        0.20799999999999999000
       -0.04800000000000000000
        0.37600000000000000000
       -0.04400000000000000000
       -0.28999999999999998000
       -0.27800000000000002000
        0.02800000000000000000
        0.12400000000000000000
        0.42799999999999999000
       -0.07800000000000000000
        0.09600000000000000000
        0.30399999999999999000
        0.14000000000000001000
       -0.38400000000000001000
       -0.07000000000000001000
       -0.34599999999999997000
        0.29599999999999999000
        0.36399999999999999000
       -0.27600000000000002000
       -0.04400000000000000000
       -0.26600000000000001000
       -0.04000000000000000000
        0.14000000000000001000
       -0.32200000000000001000
       -0.09800000000000000000
       -0.14000000000000001000
       -0.02800000000000000000
        0.24399999999999999000
        0.41199999999999998000
        0.07400000000000000000
       -0.35399999999999998000
       -0.08200000000000000000
        0.15600000000000000000
       -0.09200000000000000000
        0.35799999999999998000
       -0.21199999999999999000
        0.22800000000000001000
       -0.28199999999999997000
       -0.19400000000000001000
        0.05400000000000000000
       -0.27400000000000002000
       -0.14199999999999999000
       -0.27200000000000002000
        0.28599999999999998000
       -0.07000000000000001000
       -0.05000000000000000000
       -0.05000000000000000000
       -0.06200000000000000000
       -0.11000000000000000000
       -0.03200000000000000000
        0.00400000000000000000
        0.07199999999999999000
        0.31600000000000000000
        0.28199999999999997000
       -0.36399999999999999000
        0.00200000000000000000
       -0.34200000000000003000
       -0.01200000000000000000
       -0.11000000000000000000
       -0.01400000000000000000
       -0.31600000000000000000
        0.34799999999999998000
        0.13600000000000001000
        0.37800000000000000000
       -0.18600000000000000000
       -0.19000000000000000000
       -0.09400000000000000000
       -0.17999999999999999000
        0.04400000000000000000
        0.08599999999999999000
       -0.20399999999999999000
        0.23400000000000001000
       -0.15400000000000000000
       -0.31600000000000000000
       -0.05600000000000000000
        0.33600000000000002000
        0.21800000000000000000
        0.33200000000000002000
        0.07800000000000000000
       -0.02200000000000000000
       -0.20399999999999999000
        0.08200000000000000000
       -0.29199999999999998000
        0.02800000000000000000
       -0.10199999999999999000
        0.14199999999999999000
        0.34399999999999997000
        0.01000000000000000000
        0.37200000000000000000
        0.01600000000000000000
       -0.32600000000000001000
       -0.13000000000000000000
        0.00800000000000000000
       -0.02800000000000000000
        0.10199999999999999000
       -0.19600000000000001000
       -0.17199999999999999000
       -0.39400000000000002000
       -0.19000000000000000000
        0.02200000000000000000
       -0.37000000000000000000
        0.00800000000000000000
        0.19400000000000001000
        0.06000000000000000000
       -0.37400000000000000000
        0.10000000000000001000
        0.12600000000000000000
       -0.34000000000000002000
       -0.34000000000000002000
       -0.02400000000000000000
        0.28799999999999998000
        0.39600000000000002000
        0.25400000000000000000
        0.01400000000000000000
       -0.07800000000000000000
       -0.03000000000000000000
        0.13400000000000001000
       -0.27400000000000002000
        0.36399999999999999000
        0.02800000000000000000
        0.20399999999999999000
       -0.08000000000000000000
        0.24800000000000000000
        0.04000000000000000000
        0.19000000000000000000
       -0.10000000000000001000
        0.26800000000000002000
        0.12400000000000000000
       -0.29999999999999999000
        0.05000000000000000000
        0.22400000000000000000
       -0.08599999999999999000
       -0.17199999999999999000
        0.27400000000000002000
        0.37200000000000000000
        0.24399999999999999000
       -0.29199999999999998000
        0.20599999999999999000
        0.08200000000000000000
        0.08000000000000000000
        0.30399999999999999000
       -0.21800000000000000000
        0.05600000000000000000
        0.03200000000000000000
       -0.29599999999999999000
       -0.33800000000000002000
        0.09600000000000000000
        0.23200000000000001000
       -0.25400000000000000000
       -0.00600000000000000000
       -0.28799999999999998000
       -0.19600000000000001000
        0.27600000000000002000
       -0.08000000000000000000
       -0.17000000000000001000
        0.16000000000000000000
       -0.17399999999999999000
       -0.38600000000000001000
       -0.03200000000000000000
        0.08200000000000000000
       -0.31600000000000000000
        0.26400000000000001000
        0.28599999999999998000
        0.24199999999999999000
        0.14999999999999999000
        0.26800000000000002000
        0.27000000000000002000
        0.39600000000000002000
        0.05600000000000000000
       -0.08599999999999999000
       -0.03200000000000000000
        0.06600000000000000000
       -0.29799999999999999000
       -0.17399999999999999000
       -0.18600000000000000000
        0.15600000000000000000
        0.27600000000000002000
       -0.02400000000000000000
       -0.39000000000000001000
       -0.09800000000000000000
        0.36599999999999999000
        0.21199999999999999000
        0.25200000000000000000
        0.01200000000000000000
       -0.08200000000000000000
        0.21400000000000000000
        0.23400000000000001000
        0.39400000000000002000
        0.03200000000000000000
       -0.05800000000000000000
        0.37400000000000000000
       -0.30800000000000000000
        0.18800000000000000000
        0.23200000000000001000
        0.10000000000000001000
       -0.29199999999999998000
       -0.35999999999999999000
       -0.11799999999999999000
       -0.44400000000000001000
       -0.00400000000000000000
       -0.10000000000000001000
        0.29399999999999998000
       -0.34399999999999997000
        0.27200000000000002000
        0.38400000000000001000
        0.26800000000000002000
        0.21800000000000000000
       -0.04800000000000000000
       -0.23400000000000001000
       -0.08200000000000000000
       -0.23000000000000001000
        0.16000000000000000000
       -0.36399999999999999000
       -0.30399999999999999000
        0.17599999999999999000
       -0.05400000000000000000
        0.25400000000000000000
       -0.09600000000000000000
       -0.39200000000000002000
       -0.06000000000000000000
        0.20999999999999999000
       -0.22600000000000001000
       -0.37200000000000000000
        0.11600000000000001000
       -0.02800000000000000000
       -0.10199999999999999000
       -0.25400000000000000000
        0.20000000000000001000
        0.05600000000000000000
       -0.05800000000000000000
       -0.33800000000000002000
       -0.04600000000000000000
        0.25000000000000000000
       -0.31400000000000000000
        0.15600000000000000000
       -0.40000000000000002000
       -0.06800000000000000000
        0.10600000000000000000
       -0.32200000000000001000
       -0.08200000000000000000
       -0.13000000000000000000
        0.02400000000000000000
       -0.17399999999999999000
        0.00800000000000000000
       -0.28399999999999997000
        0.06800000000000000000
       -0.04400000000000000000
        0.27200000000000002000
        0.14599999999999999000
        0.06400000000000000000
        0.02200000000000000000
        0.15400000000000000000
       -0.28199999999999997000
        0.20599999999999999000
        0.11400000000000000000
       -0.20799999999999999000
       -0.15600000000000000000
        0.02200000000000000000
       -0.60244592847030898000        1.19509486816321520000       -1.95603864758723534000       -2.90814308313174541000       -0.77907263881820599000       -0.76872906917829020000       -9.03880758102001458000        4.54880662732731533000       -8.02651389618928057000        2.94046640920487157000        4.74216450304858395000        4.04293553014573348000       10.74237995859725103000       -0.69772834508427550000       -7.94372771232145336000       -1.61627123405482020000       -2.97577246365362891000        1.53691362392922715000       -2.48582896923544938000        4.56578668257857867000       -0.16241173601742029000        3.40559615508631719000       -0.64317327286526838000        6.93313097789242061000        0.31687669253391670000       -3.20882811940686974000        1.22655153862714861000        9.04110069242072534000        7.65346126340795596000       -8.00987775631396026000       -3.06718205394270305000       -1.77846459890522768000        0.29201706578499093000       -2.16512960832974155000       -2.94233701719217500000        0.42478719457484065000       -0.65258537239034897000       -8.18630611800727515000        5.06061242371484088000       -9.57318676808235658000        3.10030819878977137000        4.89817924703775898000        3.80691227764500084000        9.03920944795270209000       -0.23229552721098293000       -7.07930680652707434000       -4.21906984112380456000       -3.09348745214180276000        1.04514478380393538000       -2.87645546692395460000        4.77079355187166243000       -0.11597584818123566000        2.48206968734434685000       -0.40936118835619018000        5.19559341602500790000        0.28184823031576034000       -2.48666825248832390000        1.56061416565901534000        6.66099401021836357000        7.54856167172867387000       -6.71479799661272381000       -3.81576378157137919000       -1.99688241749810103000       -0.16694900050344139000       -1.78104510559069951000       -2.33593507281883461000        1.09806129820305243000       -0.74443770467394110000       -6.19412536673559977000        5.71429766438862696000      -10.10770114344492576000        2.48183041843986052000        4.92906085336305999000        2.12656342659066899000        4.07111741615770395000       -0.91773744634286736000       -4.34159640882205800000       -6.19561515850936306000       -2.73504210120621316000        0.62794584570790135000       -2.18587473378868768000        2.84358929760521972000       -0.08646511351812210000        2.45452204176700706000       -0.89456280538532262000        1.87877706979414749000        0.46889029372080365000       -1.73388391693121280000        2.05550250009256130000        3.37380891149055051000        6.34660202860051381000       -4.84381912699162331000       -3.74444775189663082000       -2.33976240321057682000       -1.68623453068149498000       -1.46876649649198554000       -1.63593699298010353000        2.40223844048677426000       -0.83467899649671184000       -4.11028391657497938000        6.14928121950133644000      -10.87013055509166648000        2.48131827905800240000        3.44177515587936655000        0.40653139068942473000        0.65662199397251830000       -0.99370946480840838000       -0.68844653128569877000       -7.98902412764100767000       -3.01058220517059416000        0.11323306615807954000       -2.87395975871007670000       -0.35547614118335891000       -0.27520843260595040000        0.84397644147415651000       -0.80610501314665739000       -1.45093075785171610000        0.25855432669615508000       -1.57518070456382864000        2.24396150937316818000        0.42735614406434519000        5.85916659039476428000       -1.55584405428702666000       -3.98734470412341757000       -3.45213329739498498000       -3.17450863451128384000       -1.12012415900336726000       -0.82554004915191859000        3.44883508480386558000       -1.29259290398279481000       -2.06429934692398254000        5.65582426194931820000      -11.17626077055153289000        3.42061259312394439000        2.05482084729885539000       -1.16274293441191645000       -1.65115366098633931000       -0.01897094868308906000        2.59352251364781861000       -9.37541688215339697000       -3.03100766604084537000        0.40011440046751717000       -2.59601764565060211000       -2.86783335666408590000       -0.41700158359575301000        0.09154949855853020000       -0.09711704642670120000       -4.56459723558495867000        0.08952410467826663000       -0.36024484625573261000        2.39617857585547300000       -1.56487197366357456000        4.42142817728354398000        0.84302185594796142000       -3.80973198773954103000       -4.22176321835177148000       -4.59481455861128740000       -0.15759140131703273000       -0.22102000398378080000        4.10266530942306229000       -0.72590883049776112000       -0.46185912112906219000        5.17460113512921982000      -10.65247423790868808000        2.25801770573372806000        1.03576799187566126000       -2.32284310774020364000       -5.44974910849758665000        0.95333671297807110000        5.61155999523474325000      -10.38566081904888172000       -3.00039787960040138000       -0.04564630417302674000       -1.69719952599836676000       -4.38397713380661624000       -0.40239819992046361000       -1.48018533875892633000        0.68088458526259632000       -7.56544442277747553000       -0.19725860801475945000        0.28159489454927100000        1.83971507147440216000       -4.70608308195730451000        4.43697847715217097000        4.04836450111641977000       -3.81768073301862865000       -4.17610002296893512000       -5.66607683616055802000        0.66481042074524854000        0.23770177159490125000        3.48076361810556278000        0.27481863796327982000        0.70162147189982371000        3.12967453604728396000      -10.04247335646457273000        0.22121845911871496000        0.45702242656570563000       -3.92769877728839756000       -7.92601089984378238000        2.66147058570158457000        7.82689894592700508000      -10.94217529646436127000       -2.45843633067546286000       -0.49198627942901596000       -0.58249857925725546000       -5.20741975722711814000       -0.56274516477078218000       -4.37061663664481426000        1.93863595780232045000       -9.92984659926392688000       -0.40082245173616743000        0.91088173112637560000        0.67154685666798930000       -7.09932328768641963000        5.19791531970563181000        6.49771437445975142000       -3.77480560629179207000       -4.49844789346004958000       -5.88912538225840976000        1.99462125844091509000       -0.44614445023936655000        2.20257467912626126000        1.93228315352203883000        3.07492579572380764000        1.58682315562283804000       -6.71027031122083173000       -1.71291566152388541000       -0.19801103752510188000       -4.14782636543664651000      -14.31690700204889488000        3.10888374429690240000       10.23808618183299046000      -10.96286684126114785000       -1.65116861122267400000       -0.95851421812066206000        0.20695802365013952000       -6.03673586841156773000       -0.74166081987294841000       -5.04974266512471104000        2.41307632842797126000      -11.94665496238807556000       -0.26404003229996009000        1.35764058251169262000       -0.83473041230642886000      -10.07527310892285222000        4.96110574758288170000        7.10277384640036047000       -2.96335588816924078000       -4.65436612750275192000       -5.48270216004932554000        3.03430098672543735000       -0.90089793747031999000        1.08027174420327610000        3.83101524972152108000        5.05801479954372990000        0.06164625578588667000       -2.14420800944984347000       -2.74753807690291385000       -1.20394557864913732000       -4.27733353177969189000      -19.06146800492009060000        3.17769324093129413000       12.10634897093099482000       -9.85144386527839089000       -0.44375041404005477000       -1.04999220074884758000        0.43252276101922388000       -6.46287223275751277000       -0.73966517319523550000       -5.45458709316149193000        2.61433625879144715000      -12.79693007519867898000       -0.30492779265477865000        2.63151591328239087000       -1.48000293869863264000      -12.19717866181262167000        3.99938203755517785000        6.35905737789670855000       -1.39613320410826991000       -4.52276542584478669000       -5.54287444158407805000        3.72306912472328566000       -0.06236012972574777000        0.21561727758311725000        4.41310505553947330000        7.18315826711178484000       -2.56468866237528115000        2.67744749391034942000       -5.13983034157857688000       -1.16131639409161980000       -3.49702590833280036000      -23.08076566383713770000        3.13416817711215190000       14.64411302685163463000       -7.75023998697429484000        0.62519186995853182000       -0.68569598384615393000        1.99718794294500457000       -7.53378192257300672000       -0.69183818364694094000       -5.60038975782100312000        2.57029320152129515000      -12.21106944997684174000        0.09964721351528863000        3.77491138601494391000       -2.08423130180235017000      -13.32237801455718795000        2.10356519857194302000        6.19310623112568148000        0.95226976553740550000       -3.65063171254873797000       -4.76850983262466155000        3.99663268545898376000       -0.12102376422030517000       -2.64636866354673250000        5.06177560371522883000        7.42586854509438332000       -5.39992238661759849000        6.84886746685789216000       -6.26041606071621182000       -1.20870856870377485000       -2.95012251088951682000      -25.72251330000949570000        1.87345070183051732000       15.88201993199555240000       -5.32340769522451485000        2.03985115801657813000       -0.78880903920772427000        3.33945905747863891000       -7.95315367610865032000       -0.61414480091317347000       -6.40760869151287604000        1.87348056772363036000      -11.20507239376298081000        0.51161278130198073000        5.27313917223856432000       -2.43536321193840744000      -12.21148764504237327000        0.65392389933155226000        3.63973464530789226000        2.87406102861850288000       -2.82714548545431876000       -4.20398250034855625000        4.42695016713558775000       -0.87558070315709513000       -4.69413920085543435000        6.29572901451948486000        6.27836854116433596000       -7.96109582125100346000       12.77678853524649050000       -8.35937154097419644000        0.68084123628422488000       -1.50897161086915066000      -29.30985326233122730000        1.39117252416540960000       13.09159490509008528000       -3.07221923851563705000        3.19839121171479412000       -1.20546926762275985000        4.17097635257342603000       -6.39816237487960038000       -0.56533077968243317000       -4.73187968823273053000        1.65301160964654281000       -9.43352734841325180000        1.09937209288008542000        5.19825641946419026000       -4.28445588463763816000      -10.70197908844236601000        1.26929908429564864000       -0.28845113768229597000        4.28416208502763407000       -1.14757746942273742000       -3.69995522259832521000        4.89895579217015786000       -1.46814048160961974000       -4.66571270433184893000        6.46098704359774700000        6.44972727409150348000       -8.58092017283860287000       15.63815805584710006000       -8.49630996062424870000        0.98030056080466288000       -0.10592502809753197000      -27.65869833213836770000        0.74950854661355282000       10.15302971700983825000       -1.00687259270983076000        3.17512616142695281000       -1.57726607194869595000        3.64017388736968250000       -5.89939059572784075000       -0.44955416634016637000       -3.44020825589584600000        1.16700941287806303000       -7.34210717093020371000        1.08136869655784595000        3.63416550232757452000       -5.17473966916009598000       -9.48377166392650395000       -0.09853483195569533000       -0.93017787447374711000        4.61157013845893626000        0.51115847612123599000       -1.59593769862986723000        5.18723186466853736000       -1.84892455574468317000       -4.27510810228609994000        5.76916232713488597000        6.66995424073067156000       -8.77373654515097456000       17.67280898950693670000      -10.60069892104928258000        1.61558347421625714000        0.25418658699914337000      -27.32863528536614340000       -0.61058608562757544000        7.98856154675825802000        1.43676171215823856000        3.45109900350247978000       -1.47406535683359086000        3.59813204003029430000       -4.60456924359674069000       -0.16253577417631801000       -1.30226097925796047000        0.20830117114498667000       -6.42042212210554553000        0.95829027695943059000        1.98817497108211549000       -5.11566638278342190000       -8.18098789435145512000       -1.69621919691114287000       -2.27913824123614850000        6.12151526312135541000        2.00159086394479369000       -0.29235855166323604000        4.68676094156452194000       -1.44017499336459132000       -3.63032464585736170000        4.17208185184901925000        6.70722629014522997000       -9.03011298227849224000       19.19437992746967230000      -10.69458867333772112000        1.79066629014456158000       -0.19150782238198691000      -24.20973614009393770000       -1.74686867157047043000        5.26731114515549237000        4.11493195221456620000        3.27071503089172699000       -0.79146009462512945000        3.35767878577139856000       -4.24024812605685231000        0.02960718603395003000        1.15336136141868195000       -0.68890497766442216000       -5.75347813598628388000        0.77413530709971567000        0.10195656469931183000       -4.75010424499762784000       -5.28590237347875380000       -3.97297532885661786000       -3.63681707934012621000        7.19523600705346844000        3.14388281483103693000        0.71204301563457906000        4.82930173984527045000       -1.64550122390849274000       -3.22614682127679009000        3.82767554675751454000        5.43157505501425941000       -6.41286575746622400000       19.18467128273337610000       -9.21172750192056178000        1.90333181478567681000       -0.53636000593677868000      -20.30102983738372660000       -3.24566277496777955000        0.55793883926498167000        6.20882281738164110000        2.54752062242458344000       -0.53743350947354462000        2.86479411384113058000       -2.47992738389612910000        0.28251897463180031000        4.94650701452281094000       -1.76354972130605558000       -5.04860357771791612000        0.36404729352142612000       -2.93126436048893257000       -4.21244078183219006000       -2.79771596106570986000       -4.05601420174248517000       -4.26006011521248951000        6.35630669421434114000        3.59535832207239814000        1.40155874766911648000        4.03216626208751894000       -1.41686356846109995000       -2.88047185130955175000        2.94385186243541064000        4.49038506953876304000       -5.01389005107168284000       18.26979248560907010000       -8.23845466678951688000        2.43892465794252455000       -0.19466970716265289000      -15.08979176923324417000       -3.10157158065362371000       -4.20793896304685067000        7.18765816711682692000        1.73450838353928005000       -0.52667568008790810000        3.29357906036309167000       -0.00038879281063971000        0.39188441059534573000        6.15420422073242612000       -2.09728200341543536000       -4.07549554200088693000        0.21189992455745851000       -4.84654779915571154000       -4.09836220141656238000       -1.00819582076113701000       -4.82947939947185390000       -4.75339797529827557000        4.91096831005750811000        3.33976669140122473000        1.48911073341751488000        3.44954224557484634000       -1.14349017655683527000       -1.28423831835737556000        2.54577069182398841000        1.91425386638433603000       -2.23897314141674419000       14.97161893929968457000       -5.81376123798654287000        2.11699894326211613000        0.41567338682660038000       -6.34922498632255383000       -2.48451033829759194000       -9.70401589106123730000        7.54606035103407891000        0.91218362494473504000       -0.58525496993097548000        2.51098742970040600000        4.13794294081101288000        0.45762844148140597000        6.67658108961184293000       -1.94853446110329420000       -2.04199956059346155000       -0.40506973236911636000       -6.46244524855519220000       -3.57690881138474603000        0.79555933807925105000       -2.92100032525308295000       -3.37067859428235828000        2.61192195952349726000        3.31466371317633124000        0.97178525376344660000        2.26756790131376951000       -0.06289437640522200000       -0.73434020583649862000        1.33089670193169685000       -1.16133278735622092000       -0.94195287221965640000       11.11814360875804297000       -3.93327299768445027000        2.94785341006246160000       -0.42084459895083126000        0.84524866866575121000       -2.17063742529963521000      -13.48804483865628967000        7.83747683861178057000        0.60871761455559936000        0.26578333323275100000        2.71143627195737569000        6.72367059656411925000        0.49647971303780641000        7.34171801956948134000       -2.01507123517661180000       -0.87262217739865555000       -0.61769914967072947000       -7.06168464073190627000       -2.65054424025179536000        3.87096651386328494000       -0.80412525941772028000       -3.23203511545142996000        1.22719442689962643000        2.88722884500372823000       -0.40386823642794611000        1.02560153495927309000       -0.02650180382889390000       -0.80166513849889831000       -0.00865325955518388000       -4.20561901060197751000        0.38776385377143091000        4.28952032377626846000        0.57580290347913043000        3.09844080835860147000        0.12154947921246438000       11.53928777638898140000       -1.80127831334027122000      -16.30844214873278730000        7.61205154285990382000        0.26371726417646729000        1.55193345338398725000        2.32849945900662103000        9.32689075218799779000        0.56273547671203161000        6.77120917068880956000       -2.13620001364360501000        2.31125899437611526000       -0.66693849721357668000       -6.89802518626653338000       -1.32068815775902126000        8.06635092141757326000        2.19625720695757121000       -2.64628597113735653000       -0.57777554719456525000        2.57850690239507419000       -2.87388674623493490000       -0.02293371614085849000        1.51674397265600391000       -0.91551077056140950000       -1.50509952594250196000       -7.47697553469405296000        2.29069207239270778000       -2.52851924644420034000        5.61594145966912439000        3.11417252586057058000        0.12722859220107224000       20.58996263230995180000       -1.56561348818521662000      -17.86832853588050440000        6.30479860958758653000       -0.37553393221692355000        2.25040405327613424000        2.67655208553497914000        9.60124522575293327000        0.35137395787113918000        7.58146860774234810000       -1.97465834032296939000        5.45060509302420115000       -0.27783338972505894000       -7.20936722244915362000       -0.83750631078788651000       11.70748945782983696000        5.05871929903833362000        0.25748087576886219000       -3.83809913979956985000        2.24001280216965171000       -5.69608284258253050000       -1.26218555725780024000        3.28268856414316579000       -0.15441440087170688000       -3.73069075602706146000       -9.55419070484965971000        3.68573077725343223000       -7.39314613109073093000        9.88165077057748142000        4.10442420904263905000        1.29961812225506623000       26.21030405195672230000       -1.20903211430093949000      -19.29028840420435030000        3.92019423194349104000       -1.45567858417051443000        2.13631644314369318000        2.95108945596655126000        8.23825135028405597000        0.10615523031012797000        8.85737110674912209000       -1.64092507994837300000        8.39279536265796011000        0.31479970300455168000       -7.40097226109217665000       -1.04519749346891722000       13.85598795453465470000        5.79797403879860163000        2.91733184664983769000       -7.01916555808460529000        1.84319519609994020000       -6.29690632136931949000       -2.17521522253907529000        4.10833468078341912000        1.67245475185188952000       -5.19759398077213675000      -11.84856313831445362000        5.44849400957930996000       -9.81419630880075822000       11.11098502337373084000        4.92130911908618529000        3.67036816739924587000       26.43096060744259650000       -1.08965797551324362000      -18.42720472491234670000        1.49128392755723804000       -2.32690645721563127000        1.42159287589723182000        2.39343973450182812000        6.40111713066833943000       -0.13638361020638312000        8.87887222414828159000       -1.49087718817097969000       11.21135091700313424000        0.87904847150104948000       -6.12350517152066320000       -0.69459862861782817000       13.81654561816738358000        6.63510772588969111000        2.93455873233410047000       -8.07990564846063819000        1.18636433368484706000       -5.89050409327157798000       -2.74334795941772303000        4.17848938497256661000        3.41878548781142522000       -5.59379634073183052000      -12.90388212198036832000        7.92304850803186156000      -13.17718357376193339000       12.41310369411373316000        4.26257696551238840000        5.21585913292617587000       26.97685189616584370000       -1.64836414215641436000      -16.07344463564122710000       -0.96282583362708785000       -2.71743119237132236000        0.81424875857138035000        1.03152973185599262000        5.35442211997126982000       -0.17063166048757444000        7.14749026753071526000       -1.74565122517819371000       13.21806978061774629000        0.73604581195748697000       -3.93238948433090396000        0.54827763867112433000       12.20906943260973421000        7.39343174103463507000        3.43792777310749775000       -8.73158990018929160000        1.24299815926992840000       -5.54107966610924674000       -3.18437464204505627000        4.33378263357079252000        4.91308783495576318000       -5.43375789643204588000      -14.37766545366951654000        9.78859213272214745000      -17.48586634741778670000       12.50735870088519519000        3.50474665329811419000        4.89132463507110415000       27.39376457277637300000       -1.35660099637239639000      -12.70288635498315699000       -3.20097645175550083000       -3.12789270087300553000        1.14739632212876153000        0.03607406587135526000        4.05411420979843307000       -0.14554827171620843000        5.01554551214968214000       -1.69108006650376019000       13.41500787455257182000        0.37585553449553338000       -2.61394368856185766000        1.81240250232981359000       10.78512154625246566000        9.13113445637496035000        4.68422592297985219000       -9.33385433051195790000       -0.07929882626600482000       -4.09194390784432116000       -2.98064418731466274000        3.51500709349466645000        5.98644728413536509000       -4.70247513030121222000      -12.37006193181062308000       12.09446022268972598000      -18.39874979191033690000       10.48774044535976913000        2.91915547247953722000        5.32700114235680022000       21.06767052250641830000       -1.24691364405527150000       -7.78620701324011311000       -5.12797280433218816000       -3.11476765873395145000        0.99710868661868635000       -1.04652235347224365000        2.28178256225149090000       -0.11216539198746667000        4.81475949675330117000       -1.77032316732165906000       12.56024168200013591000        0.27623048002371120000       -1.62803269620032420000        3.00006364530977843000        6.50844251613224412000        9.70441320281440767000        4.31772706007387796000       -8.62212040318227224000       -1.15972750551144332000       -1.91144762726605566000       -2.70860661704197403000        2.17922616251355095000        7.34086209952354007000       -3.83998452509279398000       -8.35851268672504766000       12.85193781979848104000      -18.51879984026954420000        6.45332291844506845000        3.23821753415635749000        5.76288724041618483000       14.04507016374426342000       -0.50755507720458981000       -3.95881916532278000000       -7.58348510335339387000       -3.26889923212890610000        0.30037961762027743000       -1.94804962302457807000        1.54848952585765520000        0.00422709946565664000        3.20659233653112752000       -1.63177147205346129000       10.72030114779211374000        0.01862685450938116000       -0.61574879647936187000        3.67319063869602180000        0.44271460276904862000        7.73331926488581534000        3.38387390132334964000       -7.53731139988156062000       -1.74284332096765948000       -1.78037421282973085000       -2.88643485215848816000        1.48594296627943745000        7.72547064069602829000       -2.97642910219054224000       -5.16846490511597523000       12.48948623866908747000      -18.43877154135832090000        4.76082531962932887000        3.02643544970446587000        4.86614256226390030000        8.93770684717798147000       -1.05581463021966693000       -0.20943440904989949000       -9.44675014461722817000       -3.42329120458246949000        0.28649907003226821000       -2.88777501059946617000       -0.17437657443115545000        0.12647645707645397000        1.11699625418104675000       -2.07471929543736566000        7.99315688066352159000       -0.30853236021235231000        0.14940639549087156000        4.18610928691863471000       -3.44453609156275009000        6.01293052826337160000        3.57165994498791539000       -6.79239164392225003000       -2.75150729832997776000       -1.73600324884021195000       -2.55319207290082906000        0.20359462916921578000        8.15671361027374431000       -1.79817107218725192000       -1.59068876251180669000       11.25405905515164662000      -16.35449320004050830000        2.15244102400113535000        3.40292178477518581000        4.93266613103423079000        2.39777210499471627000       -0.68038336619833006000        2.87762684985481876000      -11.17068619572337695000       -3.64399334039159406000       -0.35301796475229918000       -3.67141144505321026000       -1.56500508535998928000        0.17163682848623177000       -1.31856499583491016000       -1.56273454855767402000        5.47238621064456776000       -0.55731313717044939000        1.37627614648326158000        4.14795784570811854000       -7.97165207876961279000        4.12627927345229484000        2.84903284956578817000       -5.37072078883892612000       -2.96686110258571656000       -1.27346157172980057000       -2.08030307123293623000       -0.20885413208374792000        8.48105918277177295000        0.05619969027510982000        1.94012916067511787000        8.38580987090383267000      -12.34680141836018841000       -4.25475080066886502000        4.54304968445868518000        2.82310344255124468000       -5.70107173313031979000        0.02605779955003006000        4.78447399734712686000      -11.99123915576808308000       -4.52973609259814491000       -1.35499228681201878000       -3.62514842059007725000       -2.63885448119092336000        0.04483083244269076000       -4.76634344644696295000       -1.40734800113813474000        0.92500595816419418000       -0.46190218673885047000        0.97912041671908934000        2.83383923782162928000      -13.31964457098869126000        2.90656969159719836000        1.36759222759426269000       -3.32807605812209450000       -2.86171822804351406000       -1.31441451657711550000       -1.68364426041933268000        0.47036189036913550000        9.49659026335611500000        1.34076228748064041000        4.59321292194900099000        5.46080569260344806000       -7.78725801635920334000       -9.37085411985278327000        5.09414233752293200000        0.04179245726497029000      -12.27899443630160192000        0.66382228156204182000        7.03277787197302651000      -11.94087877722918201000       -4.65863249583448180000       -1.56817833707265009000       -4.10317572182261792000       -4.57633594287864121000       -0.26183252149520519000       -6.02917126118075952000       -0.95110821763306530000       -3.31335088762809216000       -0.62655827519913398000        0.29157214058735870000        1.76446514810388511000      -16.74150288229448340000        1.33456043152818160000        1.09439118767591825000       -1.34774874985932236000       -2.64259767861357986000       -1.69718978504579443000       -1.09630583908557200000        0.92240586874346830000       10.14271724342096448000        2.64999166422680910000        7.59304776040084750000        2.84959234459191224000       -2.44836556310701292000      -13.20564206272934094000        5.76357409817936084000       -3.59662057766553911000      -19.03468763761740940000       -0.24513325974077441000        8.95896244954950127000      -11.06467599650280675000       -3.64521584454783021000       -0.75151549785671257000       -4.70490325323970016000       -6.14457759808373449000       -0.38235071997240572000       -4.69858861051199739000       -0.98897691528476361000       -8.34957543906439348000       -1.23868585955200849000       -0.49921936704370518000        1.25502176985284164000      -18.72227706224476050000       -1.09919312690785298000        1.41390406578649674000        0.85856462777836762000       -2.66050684164718287000       -1.96882102117086455000       -0.34506898106117601000        1.52580815117640523000        9.13421524041049260000        3.94382583681946342000        9.40976960864201217000       -0.45185272079686578000        1.91015438062262977000      -16.29377476970029900000        5.65723261123953325000       -6.12345865982897220000      -22.99684624458044620000       -0.13614683523976626000       10.13659217517094113000       -9.52760223688263963000       -2.69917653568468374000       -1.02072001823102299000       -4.24682550845175122000       -6.45973787467732663000       -0.48944794169849926000       -6.22710149057482187000       -0.27858475857520049000      -11.70966407075843563000       -1.68834457409436478000       -0.15287937939360904000        0.71054686418604318000      -19.96546439570821010000       -2.04819241205312519000        1.52972267726209843000        2.81978967273418313000       -2.68709622702895246000       -3.09567974423258674000        0.73182895435252948000        3.30957325756065934000        7.81878225290918127000        4.63082023281703314000       11.96721793111689358000       -3.52040072823208527000        3.93185967326423924000      -19.87891487111282980000        6.00981577691714808000       -7.85594977214187296000      -23.09920297518294060000        0.52945233731260677000       10.51214703241713622000       -7.76736151389208196000       -2.50751736788696711000       -2.03486934573955303000       -1.69318499822765300000       -5.70958035817298004000       -0.67246020616653746000       -9.28910004243232024000        0.33722567940706499000      -13.27978246255482908000       -1.52512163369595788000       -0.63169023154866133000       -0.58956001700958494000      -22.39197407810472740000       -2.09916681181487652000        4.47978808112706961000        3.77921700305105634000       -0.43084030761093328000       -2.78409284506335908000        1.88188830641130567000        3.68780922531191901000        6.29583089412869334000        4.59676645944144635000       12.85261823112098334000       -5.98830690147468747000        5.53092170869580446000      -22.07313063122674990000        5.34619426670020648000       -8.39605439008881582000      -24.79735514538112900000       -0.11854097553137251000       12.03566490009266765000       -5.98041581886480689000       -1.46204814276993544000       -2.68068885480550678000        0.52890943494231180000       -6.45742366115263877000       -0.79612450954899283000      -10.93064253796677399000        0.18457209501773850000      -14.28545896850271113000       -0.90126018469007330000       -0.97597628369250733000       -2.13963991314178914000      -22.40739488856109670000       -3.19983899800487537000        7.41233755070148614000        4.73892837824781665000        0.99797418488938505000       -3.32261563243508817000        2.78575148766877900000        4.01259509697640393000        5.11053378808879888000        4.50731221562662743000       11.88073970188571416000       -7.56685322207514943000        8.20620672233413373000      -22.24915488092419480000        4.09323231932077825000       -8.61430187917944501000      -25.60332538749405630000       -1.34634967258322358000       12.13374716645029849000       -3.79854509643003713000       -0.79437876333015556000       -3.85527777811910255000        0.97621376199451493000       -7.33789852427412015000       -0.90900897368786360000      -11.92433882477110885000        0.06045346887318724000      -14.39024657553883380000       -0.60104705888519128000       -1.37631291013886137000       -3.54274183203424764000      -21.05317701810641400000       -1.79412997729461221000        9.17810591919194785000        5.66644515546706717000        1.99670910232272880000       -3.76385130305347104000        3.44077335688535158000        4.04990642838758586000        2.78590805819916554000        3.74817579546850865000       10.41452365739097097000       -8.45828828741880123000       10.03669586353079524000      -20.42864525769170920000        2.69344443551213697000       -8.21563276055446323000      -25.81319239882984110000       -2.69115757446379478000       12.17201491379468159000       -1.52746565570518911000       -0.21149681172452919000       -4.49429629034196765000        2.40874105059826293000       -8.57239264052748240000       -1.04554082421016226000      -11.53407453303423047000       -0.21690616823015987000      -13.91773021565962587000        0.07075028254958921000       -1.18965289333942836000       -4.76689674423290910000      -17.82165506678891020000       -1.31957460611323318000        9.68694012125623338000        5.94676091463150946000        3.29544992993979902000       -3.40414224770598883000        3.78537849866351506000        3.19909358511088282000        0.40125994725822445000        2.49163741183863596000        9.85151046181339929000       -9.05362622988104882000        9.73416159464909292000      -17.58991572880557190000        0.99680117432766668000       -8.28634327188057185000      -22.86986114370776240000       -3.71407044635227379000       10.72369454890043450000        0.42775033565343018000       -0.00138023119090129000       -4.77125710664403080000        3.11741170601144191000       -8.80265810301171570000       -1.01285591282807275000      -10.59023243867402186000       -0.56104850167796150000      -13.24901100741184656000        0.53715517576051186000       -2.12352818703089685000       -6.01865263187640487000      -13.95538188717648431000       -1.45241257890545294000       10.07821183132766585000        5.58015817247820944000        2.92753330932819278000       -1.82822064252198357000        3.87592199122868664000        3.22851897529858478000       -0.06704511312734152000        1.13132237739849817000        9.45845642192554514000       -7.38299558478433227000        8.50334101790566699000      -14.35257448790123114000       -2.32281864472194188000       -6.95697547026739471000      -16.59809557573259650000       -4.22106810269208221000       10.73193189827841465000        3.08642356563242526000        0.35333394073883978000       -4.50372501346453191000        3.37078833865109839000       -7.49322025917164947000       -0.78968743402696717000       -9.75401238762212408000       -0.81342524234819646000      -10.50319200650745799000        0.37879076362171177000       -2.08628008598619674000       -5.31098463295140899000      -10.87690651787055529000       -2.10019635867246324000       11.62310759905788871000        5.36690036411149851000        3.34116383276974993000       -0.53458679121165853000        4.01554254987327575000        2.55525857661184164000       -1.59316839151820777000        1.03673641355963997000        6.33117121768711666000       -5.58646700695571585000        6.59841118880913946000      -11.25943482555247854000       -3.58921967559136457000       -5.04135250542522950000      -11.16642669142845357000       -2.94678983612427237000        7.53503297383312720000        4.39798103919689432000        0.34624197140123580000       -4.62068814731611788000        4.74548522703987974000       -4.55482798128042354000       -0.60830256387515746000       -9.29719123964969185000       -0.29782018684417438000       -7.34658106858153648000        0.74838487432820222000       -1.87700603739714023000       -5.89090163683656431000       -8.08111736775152956000        0.22144499786277283000       11.09245027357818358000        3.83856407661860155000        4.02425514503041981000        0.86416831638384095000        4.61707689377813946000        1.54596314239073518000       -2.96921522641621616000        0.88410860709696482000        3.54458904087700599000       -2.50458385049966781000        4.77307741769101135000       -8.02005645475710338000       -3.55829376308745982000       -2.46563266078019971000       -8.71870147127132711000       -2.55746773121076032000        4.31080802183694178000        5.29074692436491478000        0.44648378705614261000       -3.96817672011720912000        6.19181161444711048000       -2.25918949325443918000       -0.43817846368402957000       -5.50250743056449298000       -0.31144376425317033000       -4.38565678803047199000        1.11087013651999666000       -2.14065687874897082000       -6.07586541068164365000       -5.39602953593147294000        1.61110793458245261000       10.04969172015948331000        2.26709748511772569000        4.14720902056854790000        2.27100365050345632000        4.53657844924645559000        1.16904925370050283000       -3.13287406800542545000        0.42710850086501756000        1.85583385828550274000        0.89981193899242162000        2.45801772198010626000       -4.76053795627335674000       -4.17920903500340479000        0.50170831085379397000       -4.59755295531116737000       -2.19869299837108079000        2.56083515139940143000        5.88583948511478283000        0.96251904254237775000       -2.97860952720256744000        6.63470250035689535000        0.03435304186993569000       -0.37026960955028243000       -2.19399708618773337000       -0.42352746795406121000       -0.60174871116998774000        1.27422845218829384000       -2.43123798414152192000       -5.42994058944314695000       -3.39600741801072648000        2.13188074883723422000       10.62123538402954104000        0.62364389624950611000        2.33303369363058621000        2.05468129297119440000        3.00445307318366606000        0.33578547837214290000       -4.59359190724062838000       -0.02990552341177643000        0.30447976403436544000        1.93500494382106636000        1.73534752519825841000       -1.20273151927573907000       -3.58927636663776761000        2.74815759955333139000       -0.77603842915749977000       -1.03811011373430473000       -0.55270413650675965000        6.05904552369115645000        1.27776599430746307000       -1.81131683367313889000        6.18007170756154967000        2.70308908741832843000       -0.41056109395332141000        0.41048536786166206000        0.04750209461920449000        2.21014327423568835000        1.53063768903449882000       -2.44584304272899589000       -4.95023881847576330000        0.20478903795391018000        3.18075710989283511000        7.54476762743799867000       -0.86232113801522581000       -0.09704855276905031000        1.56027057836482141000        1.65482909444024595000        0.36426580563812017000       -4.33078663602296565000       -0.49105669177618894000       -0.13488884380720292000        3.71084622191866975000        0.40496322044383665000        3.94503932651816580000       -3.20062167330669967000        5.94918198392501463000        6.35715302783482272000        0.12361321453185671000       -4.33402200597168097000        5.54952322936964215000        1.00562446565083286000       -0.99061792329537679000        4.99613803874250539000        5.52512745974643948000       -0.37511659388449997000        2.93019272504553729000        0.48588803714559980000        6.91239917066596288000        1.32799527866478662000       -1.59554184015988643000       -3.89971742708536784000        2.31345421889446401000        2.29376078776683157000        5.44603235227226357000       -2.79403157418681714000       -0.67136896649678224000        2.00471921784761076000       -0.37516967750018276000        0.01949724158788695000       -4.57778055714826060000       -1.26412963553791213000       -2.70020500229127824000        3.65707195959660636000       -0.78006007271290256000        4.79342293836224354000       -0.53078777068721805000        7.94937861485597796000       10.38005330000659576000        1.05230457444769998000       -8.08424740844400702000        4.65639270715163978000        0.95238289291648326000       -0.95690858984181049000        3.67977833683282496000        7.73642825949397039000       -0.32230372471298679000        2.88459336479535056000        0.77975783289997291000       10.09559651938604219000        1.12096505189199869000       -0.88405333837508948000       -2.56589625806864596000        4.80907986474287075000        2.92676070516363618000        0.56279095796333445000       -3.53363005833795230000        0.28318429357151564000        2.51345023750575658000       -1.52496989396307936000       -1.53925063554774155000       -3.65909957746760295000       -2.22907455940643473000       -4.04499201793134766000        3.59539267723960165000       -2.56620674417726580000        4.77600689353185537000        2.46270926721209360000        9.24446053387277722000       11.94307050820731497000        1.95398926342114887000      -12.17621822700949608000        2.41589214757529014000        0.63850520089487406000       -1.27632928885640684000        1.71857337063292870000        8.82078226931152898000       -0.35568196445001399000        4.27809835167902008000        1.13359700870211388000       11.48043153770733760000        1.20760811089202269000       -2.09486756113918604000       -2.63615049444512861000        6.22103243146727891000        3.08148705920512667000       -2.45658625642990058000       -4.56845198991016055000        0.48742243796363249000        2.53443545311768714000       -2.46250660524024401000       -3.03319942483237970000       -1.11472418693147435000       -2.87472670956684739000       -3.99070777475128624000        4.58437497539563399000       -5.15413731776576256000        5.81794002271293298000        3.55107242997912964000       10.71043406477147109000       15.12900359206652468000        2.76866576299185496000      -14.36299193649636408000        0.18745421917161798000        0.41410461259070641000       -1.16725225256075293000       -1.59427743720817983000        9.66758834495280262000       -0.32475398561327390000        4.96069849912495009000        1.51863710086650161000       13.08994911448845677000        0.81316245482401994000       -3.00701776982107871000       -1.94909689227464544000        6.61586562873305262000        3.02122639077369293000       -2.88556497238275433000       -5.47689976287853320000        0.56950593550159101000        1.47835748722255356000       -3.43961236656564884000       -3.88142018777799525000        0.86354999526644227000       -2.38251892108344032000       -5.01757428055246546000        5.24863888826754188000       -7.75193662993613053000        6.08239964580065529000        4.09159543227978517000       10.72445409068824063000       16.45468055542171730000        3.74697955231908164000      -14.64026907745346762000       -2.85528289451785122000       -0.02636764669819216000       -1.51682901804928250000       -4.89645314934853193000        9.58003275797099540000       -0.20380022460233674000        3.92370989361374889000        2.25921013268528714000       13.22817939252283992000        0.25241644931894497000       -3.97458087832143248000       -1.35920526627897775000        6.05784633985169219000        4.78307117797846448000       -2.06028890724396385000       -7.03446005975086397000