12         8        19        48        56
        0.00    0
       1.040550       1.040550      59.385900      59.385900      59.385900      59.385900      59.385900      59.385900      59.901450      59.901450      59.901450      59.901450      59.901450      59.901450      59.901450      59.901450      59.901450      59.901450      59.901450      59.901450      58.803150      58.803150      58.803150      58.803150      58.803150      58.803150      58.803150      58.803150      58.803150      58.803150      62.057100      62.057100      62.057100      62.057100      62.057100      62.057100      62.057100      62.057100      62.057100      62.057100      62.057100      62.057100      62.057100      62.057100      62.057100      62.057100      62.057100      62.057100      62.057100      62.057100      62.057100      62.057100      62.057100      62.057100      62.057100      62.057100
      -0.403200      -0.484000       0.121600       0.107200       0.107200       0.107200       0.107200       0.107200       0.121600       0.122400       0.122400       0.122400       0.122400       0.122400       0.122400       0.122400       0.122400       0.122400       0.122400       0.122400       0.122400       0.122400       0.122400       0.122400       0.122400       0.122400       0.122400       0.122400       0.122400       0.122400       0.122400       0.122400       0.122400       0.122400       0.122400       0.122400       0.122400       0.122400       0.122400       0.122400       0.122400       0.122400       0.122400       0.122400       0.122400       0.122400       0.122400       0.122400       0.122400       0.122400       0.122400       0.122400       0.122400       0.122400       0.122400       0.122400
        0.02000000000000000000
        0.04200000000000000000
        0.16200000000000001000
       -0.09800000000000000000
       -0.35199999999999998000
        0.05800000000000000000
       -0.12600000000000000000
       -0.24399999999999999000
       -0.01400000000000000000
        0.02400000000000000000
       -0.31600000000000000000
        0.06600000000000000000
        0.17599999999999999000
       -0.15400000000000000000
        0.29599999999999999000
        0.01600000000000000000
        0.16200000000000001000
       -0.20399999999999999000
       -0.16000000000000000000
       -0.02200000000000000000
        0.40000000000000002000
       -0.01200000000000000000
        0.02400000000000000000
       -0.09600000000000000000
       -0.02000000000000000000
        0.38800000000000001000
        0.36799999999999999000
       -0.23999999999999999000
        0.32000000000000001000
       -0.05200000000000000000
       -0.27600000000000002000
        0.03000000000000000000
       -0.26600000000000001000
       -0.14000000000000001000
        0.08400000000000001000
       -0.29399999999999998000
        0.33400000000000002000
       -0.19400000000000001000
        0.29199999999999998000
        0.29599999999999999000
       -0.36599999999999999000
        0.05800000000000000000
        0.24800000000000000000
        0.11600000000000001000
       -0.21400000000000000000
       -0.10800000000000000000
       -0.38600000000000001000
       -0.10800000000000000000
        0.14000000000000001000
        0.19200000000000000000
       -0.03400000000000000000
       -0.05800000000000000000
       -0.03800000000000000000
        0.33800000000000002000
       -0.31800000000000000000
       -0.14199999999999999000
       -0.34999999999999998000
       -0.05400000000000000000
       -0.00200000000000000000
       -0.33400000000000002000
        0.32200000000000001000
       -0.03200000000000000000
       -0.27200000000000002000
        0.05800000000000000000
        0.11200000000000000000
        0.05200000000000000000
       -0.26600000000000001000
        0.18400000000000000000
        0.08200000000000000000
       -0.24800000000000000000
       -0.33000000000000002000
       -0.05600000000000000000
        0.38200000000000001000
        0.39400000000000002000
        0.34399999999999997000
       -0.26600000000000001000
        0.00400000000000000000
       -0.15800000000000000000
        0.35999999999999999000
       -0.30399999999999999000
       -0.42199999999999999000
        0.06800000000000000000
        0.28399999999999997000
       -0.37400000000000000000
       -0.25600000000000001000
       -0.13400000000000001000
        0.07600000000000000000
       -0.34200000000000003000
        0.13600000000000001000
        0.31200000000000000000
        0.10600000000000000000
       -0.00200000000000000000
        0.23400000000000001000
        0.01800000000000000000
        0.00400000000000000000
        0.36599999999999999000
        0.02600000000000000000
       -0.17599999999999999000
        0.38800000000000001000
        0.39800000000000002000
        0.13400000000000001000
        0.06600000000000000000
        0.35599999999999998000
        0.05400000000000000000
        0.33800000000000002000
        0.03400000000000000000
       -0.36399999999999999000
        0.22200000000000000000
        0.24600000000000000000
       -0.12200000000000000000
       -0.29799999999999999000
       -0.03600000000000000000
       -0.38600000000000001000
        0.34599999999999997000
        0.20399999999999999000
       -0.21800000000000000000
        0.39000000000000001000
       -0.35599999999999998000
       -0.18600000000000000000
        0.23200000000000001000
       -0.03600000000000000000
       -0.08799999999999999000
       -0.21600000000000000000
       -0.36599999999999999000
       -0.22600000000000001000
        0.28799999999999998000
       -0.30800000000000000000
        0.36599999999999999000
        0.36399999999999999000
        0.31200000000000000000
        0.04000000000000000000
       -0.05800000000000000000
        0.23200000000000001000
        0.37400000000000000000
        0.01600000000000000000
       -0.07600000000000000000
        0.31600000000000000000
        0.35999999999999999000
       -0.36399999999999999000
        0.24800000000000000000
       -0.32000000000000001000
        0.01200000000000000000
       -0.04000000000000000000
       -0.20999999999999999000
       -0.31200000000000000000
        0.37600000000000000000
       -0.13000000000000000000
        0.04600000000000000000
       -0.36799999999999999000
        0.23799999999999999000
       -0.48399999999999999000
        0.06600000000000000000
        0.10400000000000000000
        0.20399999999999999000
        0.16600000000000001000
       -0.17199999999999999000
       -0.18600000000000000000
       -0.33400000000000002000
        0.38800000000000001000
       -0.06200000000000000000
        0.03200000000000000000
       -0.02200000000000000000
       -0.23999999999999999000
       -0.30399999999999999000
       -0.29999999999999999000
        0.17999999999999999000
        0.28799999999999998000
       -0.03600000000000000000
        0.27000000000000002000
        0.23599999999999999000
       -0.28799999999999998000
        0.00800000000000000000
       -0.06400000000000000000
        0.27000000000000002000
        0.00600000000000000000
        0.24399999999999999000
       -0.01000000000000000000
       -0.00400000000000000000
        0.13800000000000001000
       -0.20999999999999999000
        0.26600000000000001000
        0.01600000000000000000
       -0.09600000000000000000
        0.21800000000000000000
       -0.10600000000000000000
        0.26200000000000001000
        0.21199999999999999000
        0.18600000000000000000
        0.29999999999999999000
        0.19400000000000001000
        0.01555982316768418000       -0.59689389330778264000       -1.66566996503507836000        1.10011989537314281000       -2.73179301799633079000       -0.22857035847742393000        0.79567444103195195000       -1.65122834156355447000        1.55423663586695127000       -0.77025001928352088000        1.57143805726669883000       -0.30825636024774294000       -0.83820629170252725000        2.05333098637974087000        2.26258868478207731000        5.35617977589784555000        1.20075936031258501000        3.20614026033087640000       -0.04510094633843948000        3.22259376202789793000       -0.28571840887334898000       -1.09679801694315948000       -1.08472477028194669000        1.47955206700791031000       -2.68815624758382610000        0.08448007103288092000        0.53105897382462564000       -2.60676013273292773000        1.54017687902342471000       -1.07344094660603706000        2.69367664436081844000       -0.09057940070134748000       -1.36141250869587171000        1.99016574773158639000        2.54422699450275047000        5.54137051284493154000        1.35503733893946632000        3.03447265884265560000       -0.14847847437804051000        2.82955856509282855000       -0.31191588025829625000       -1.17272643381209596000       -0.40657604183197965000        1.60668401528431692000       -2.28012758463283660000        0.42232020546511639000        0.10487664814715278000       -3.13323732226728957000        1.40225237986038809000       -1.09277398936394521000        3.12549770441194319000        0.32429614376008559000       -1.23937682548066386000        1.67558847757763885000        2.02938933761947649000        4.59540830725827831000        1.01176642092935887000        2.92815294818216554000       -0.33281016352091436000        2.15220254473949124000        0.27994876343563496000       -0.86780521616158668000        0.17219830461173485000        1.84276601261508644000       -1.57111129413806916000        0.62338731220405674000        0.24167670333160446000       -3.35791529095097996000        1.19138940809120442000       -1.12869830160615425000        3.55014881452961628000        0.89828963158907360000       -1.04897028115897428000        1.43384058940090275000        1.28644335189354986000        2.86041320426265777000        0.65691630497086084000        2.68120172265640733000       -0.32282632779136150000        1.16920947242078266000        0.61822115641259534000       -0.27926823959458313000        0.62920061956425888000        1.70140905819046062000       -0.53795667781879664000        0.81478855327198896000        0.42890227873955722000       -3.25126466522213820000        0.88846089499076164000       -0.88838708642613617000        3.36442708818278158000        1.40798473623941955000       -0.62424472841915246000        1.01512100078407963000        0.15000593004976462000        0.77687133939299724000        0.31181135599805648000        2.28834620274024747000       -0.36399375545557588000        0.12401339286784178000        0.90276103895140003000        0.42608888783675358000        0.98407288656009839000        1.49205412547590344000        0.47817602668759424000        1.00011840975103872000        0.35952812808324325000       -3.11375805602168976000        0.34653574638985390000       -0.43379637431209067000        2.76301375671496086000        1.72879540900501727000       -0.02638432475130590000        0.51374169859051644000       -1.15573555122822769000       -1.19141027396539823000       -0.21582632427556211000        1.82142038447071930000       -0.44387480677569996000       -0.88057703601362813000        1.29259122880006605000        1.35796745855138146000        1.16068923908826971000        1.22135785391125173000        1.48205390291307593000        1.18471412372137253000        0.36169769932120072000       -2.63791457409580499000       -0.19348030322659251000        0.18916264883701173000        1.83907594863153090000        2.08666536414272219000        0.82265911575705908000       -0.02270164055841731000       -2.45933311502857332000       -3.51727156076026981000       -0.97703999467541180000        1.28761922816108876000       -0.43329086615285101000       -1.84399549774876115000        1.31205068322847351000        2.08135495281187355000        1.28128939183696455000        0.94851259181619918000        2.19956316924251460000        1.34063951245472990000       -0.20332747966163403000       -2.10204642711891676000       -0.78509123906383549000        0.91534644196084147000        0.36347653904873234000        2.10064600241218979000        1.92701648186135288000       -0.63059255315820817000       -3.72191444944385674000       -5.44888749632792724000       -2.21317208314549729000        0.92090288246826768000       -0.54133655892291976000       -2.51309118916104390000        1.04146269512106060000        2.43213133790271430000        1.36313559948769281000        0.52290767726060783000        2.61775320893404162000        1.47644364491276847000       -0.87321119611900255000       -1.40984066945546282000       -1.32502398246442854000        1.68765911000750957000       -1.17427742792464040000        2.01769385695771897000        2.95440976343145856000       -1.26872535235392547000       -4.74294354325413181000       -7.00955279545149690000       -3.40434433954174365000        0.28827163910664078000       -0.69075227864025346000       -3.16169931689714412000        0.41237715405945291000        2.20723813047207429000        1.51020255859882058000        0.27828735167480340000        2.59117015109768944000        1.61267535756966884000       -1.76889067956419055000       -0.78992758697667564000       -1.76205486317639926000        2.16741724044392114000       -2.26658321660412820000        1.75426276810067483000        3.59453820061470353000       -1.84266629303021756000       -4.99935111281812450000       -7.59813595475857628000       -4.33831338850549386000       -0.42288697825927796000       -0.82289295591415090000       -3.47232567902629441000       -0.30947688015525876000        1.68748371422782961000        1.59160439253436325000        0.16422777115112436000        2.37896502894991491000        1.60740812226114027000       -2.68349884490273727000       -0.10564145688177037000       -2.06402796032268920000        2.48145315420193224000       -3.18926812088131806000        1.39360422255340266000        3.97434886714575386000       -2.39389787684001831000       -4.81456914170110384000       -7.72449959890631810000       -5.11035444383996751000       -0.98066997312639503000       -0.92161286008258259000       -3.47690734926047940000       -0.79974130681848454000        1.19505462980857602000        1.57301786392665810000       -0.17850415411478848000        2.43181631303845069000        1.41055569599013908000       -2.82545181859024153000        0.95164183421902715000       -2.14911053719638900000        2.76348689541070236000       -3.87665306743479032000        1.33067759576183642000        4.08960023029408770000       -2.87744715045186128000       -4.47358293931145923000       -8.25363549999922874000       -5.35057959636895841000       -1.72652979761766634000       -0.92616114354674561000       -3.64230299805012692000       -1.39360064298965103000        0.87434922248449665000        1.45475708195552733000       -0.58457278818283553000        2.82707929048346962000        1.10298909340064055000       -2.67505015283294378000        2.19305683920343553000       -2.13786794651925627000        2.92437916856179081000       -4.51312978233867668000        1.33735415788187306000        4.03662355495745828000       -3.37395768877887425000       -4.13089760545255658000       -8.96258630870260653000       -5.16375237314534630000       -2.35531665830950754000       -0.92672875747213246000       -3.64094195624922001000       -2.11278831219762386000        0.46211773102692061000        1.13053708870365677000       -0.77142539098964968000        3.09624940771522228000        0.59642616528002734000       -2.26283368923810357000        3.00057005143242828000       -2.01999850944096959000        2.57719577816065870000       -4.48425037828864781000        1.05327346282687762000        3.31038857857237323000       -3.50233540333820148000       -3.05666036363287885000       -8.30789291390131090000       -4.14291553791637934000       -2.64818926733265503000       -0.83880893778383248000       -3.05223235986657127000       -2.55223876944868877000       -0.03331859673170003000        0.71294524829143202000       -0.62210595698063820000        3.16369000203475759000       -0.01328703151271378000       -1.63496785787729748000        3.45413544801830996000       -1.87593895910877162000        2.13712035086424512000       -4.09527290522907350000        0.59058119042664792000        2.24848454156788247000       -3.44519648003157020000       -1.71663110572297173000       -7.15573549894021799000       -2.97314201823328084000       -2.60459102001587617000       -0.72657135191511679000       -2.31568372471246153000       -2.96814649184859336000       -0.79911489050066964000        0.43834646678669620000       -0.49147143963882695000        2.70714515681482926000       -0.59817160656804491000       -1.02891641860887728000        3.69772587953101572000       -1.49546820222961285000        1.68464526138367754000       -3.67434669608645770000        0.15133909033869652000        1.29828771330506276000       -3.17111123661318883000       -0.29776157643492518000       -5.49204862695245044000       -2.13226471401478968000       -2.67882674684848521000       -0.68551863853072004000       -1.60930827426596124000       -3.08831500877976861000       -1.60091682959819237000        0.17282517408696660000       -0.18064746240220414000        2.06029203667499283000       -1.14494824417766861000       -0.11740391446150848000        3.61874315045768347000       -1.04697962990330518000        1.16501956512753702000       -2.85800700691816845000       -0.35174982775159808000        0.07011230356587203000       -2.68363056279320578000        1.24179894293218474000       -3.56718526162639860000       -1.07408138817826848000       -2.65432149168957610000       -0.58270862526280376000       -1.00989327801711903000       -2.90879957019671087000       -2.16111755922999604000        0.07538656537948143000        0.38716730446943004000        1.47413589057264494000       -1.49038118144568621000        0.93961642002163326000        3.25660003933713726000       -0.63922032510156612000        0.55260845132264835000       -1.76876779254222338000       -0.93598835841868022000       -1.32492370359682887000       -2.00568886673693481000        2.75246884837390882000       -1.58223601186441432000        0.24586715532734249000       -2.41212216424604309000       -0.43889868848164437000       -0.44554903042769772000       -2.29471689109243515000       -2.04402306775035658000       -0.04357941004383261000        0.86591877651657634000        1.32294158809698303000       -1.74432501885434954000        2.62857981826131537000        2.87429189231022164000       -0.18517850887393100000       -0.06894614794598293000       -0.62694145397366341000       -1.27528902252992093000       -2.63866121009196997000       -1.08701728146532073000        3.67073228080644354000       -0.25631279993356043000        1.85266626894565101000       -2.35063282125073325000       -0.18590179242984092000       -0.23020716144292838000       -1.46571235076108541000       -1.56660793632452955000       -0.24511127516786788000        1.30061161242378520000        1.15629000176628804000       -1.87150234113123193000        4.08148225013021548000        2.29375097465657873000        0.24923475102405571000       -0.55134498935510912000        0.21292708916365316000       -1.64550610897565996000       -3.33340923377895271000       -0.18196849270143625000        4.14506055097436032000        0.82963427461023387000        2.83586456959886046000       -1.89310247548316291000        0.10305160493098725000        0.03313907692945075000       -0.85708992281225893000       -1.09589670974965214000       -0.51068450005317512000        1.49379728047049420000        0.57361316440364463000       -1.94242153378944193000        4.87413106436851962000        1.63800307543346668000        0.87428345981812550000       -0.78991238574750489000        0.41850397616573476000       -2.00814538128472408000       -3.49858145194100967000        0.56897812039841011000        4.15011319102093967000        2.18301745758612808000        3.11030573681928280000       -1.30515525999241966000        0.32199857800517245000        0.50613050279778760000       -0.42809060087535322000       -0.83117548662294005000       -0.81241493613674320000        1.56513507816377673000       -0.11797428666980704000       -2.12472144693086262000        5.41357075741445026000        0.78519114968323733000        1.52188831848622064000       -1.10543975984642118000        0.70132055638213842000       -2.25627676755084483000       -3.55892071726912684000        1.32420726413793499000        4.27180836281162968000        3.75958216243063559000        3.07744587917631840000       -0.85341008538509444000        0.55869883043325586000        1.03276318671284817000       -0.14642955658877455000       -0.71115796363767625000       -0.82972751229682107000        1.52795382271745273000       -0.66916725336676708000       -1.99897976854536963000        5.09438232183940620000       -0.26763307063523462000        1.80449027470860623000       -1.23091411512795967000        1.06103113783794800000       -2.32868083578916707000       -3.44538650857141704000        1.70617619007270815000        4.03122758328522579000        4.84607503798047556000        2.79432509456809086000       -0.29358373670001031000        0.63621108007360649000        1.21622079139755379000       -0.18960455452898836000       -0.73230917531097994000       -0.92777363966859838000        1.52640819967052765000       -1.28304012159758551000       -1.97613536629927089000        4.94242671633166886000       -1.34138830189371183000        2.30218338006687251000       -1.30163540021333879000        1.27071082295532500000       -2.56505966348077186000       -3.67367560007044158000        2.08449639686740529000        3.81774858688362295000        6.02665424528483307000        2.62556655396298932000        0.09615232579660243000        0.72250765076806078000        1.45068796000704436000       -0.29211312805783257000       -0.77517675823652388000       -1.17968080686723509000        1.49069386676141669000       -1.94773348492179910000       -1.87119956613055827000        4.27162445638919497000       -2.42121647319322086000        2.68628971686564100000       -1.19785032039902362000        1.29562115983687698000       -2.83127840363468986000       -3.52541390013993317000        2.17127738395326020000        3.34825082789617090000        6.66255998013104556000        1.90910834762438864000        0.80239749392685999000        0.81682682652237704000        1.62983168426799385000       -0.02030241121949902000       -0.69120741870575308000       -1.27525454635019231000        1.67224843068553430000       -2.36187190784278656000       -1.69531269307541810000        3.45740051483687161000       -3.34781234546877959000        2.87065666718924328000       -1.16993418529670312000        1.59058967146414498000       -2.89793714137963532000       -3.39203946546527346000        2.03275057406842219000        2.63736990574320762000        6.66561469778671967000        1.30326497186272539000        1.63671471663617885000        0.93616109284036919000        1.64531218265339541000        0.57113014503364246000       -0.21767438483526505000       -1.46734269869557488000        1.76087222810785837000       -2.50656596352039029000       -1.46292709433593537000        2.66290167935343858000       -3.77444919071241092000        2.98325442821770004000       -1.15550987218774237000        1.93762625928397103000       -2.50248002424304428000       -2.87225345215983907000        1.74526540170333422000        1.80542884553599015000        5.69228379365891612000        0.60076139597959777000        2.34329640139746731000        1.18937894704279357000        1.58015973310711066000        1.05237656136471602000        0.46585605274367980000       -1.40197176539002788000        1.84212643472377291000       -2.15153036588239566000       -1.07503674729552201000        1.78039767549031969000       -4.01004692542829044000        2.81131765634549335000       -1.22445209585248938000        2.37002763448222531000       -1.98772283817878992000       -2.29910904351676537000        1.37096003418238355000        0.98467928782063008000        4.32200499541175809000        0.14991832171116815000        2.92498819971312018000        1.35367445107013218000        1.47232541393712357000        1.42738237398351719000        1.16930735192880109000       -1.27548959219657876000        1.72797302700033528000       -1.53590278660415591000       -0.69845154856345282000        0.80139309410815229000       -3.91233984752865727000        2.47203501987922847000       -1.12560449776884863000        2.48702881691494282000       -1.35559554205872090000       -1.54429071920295891000        0.85482435221652142000       -0.03636930051046548000        2.47529291571742416000       -0.35347825673729422000        3.28501472995154442000        1.38526676062025045000        1.21598430007753966000        1.60930859168916340000        1.72878956771508663000       -0.95714703184002858000        1.43034698492217638000       -0.85701797159997894000       -0.18254127955262681000       -0.28152030282262408000       -3.52830820236134368000        2.01986079087796222000       -0.84050389717082363000        2.40348866094641034000       -0.60118268424372190000       -0.55957666805155837000        0.25162468567660551000       -1.09908899801360538000        0.22989056114166231000       -1.04684574298227595000        3.24473836220350664000        1.27228283234014583000        0.69488282541598789000        1.55311538150491346000        2.03904182614802965000       -0.67333969964080853000        1.28236435178634678000       -0.17264561209159157000        0.41548437675493310000       -1.56902897139875352000       -3.06058921804045303000        1.36442060462320303000       -0.39182733490028004000        2.29879690054100871000       -0.05615675674727105000        0.13387754325889326000       -0.49388191626312633000       -2.00242766187347554000       -2.02670950956839224000       -1.53590620969638203000        3.15038923448911490000        1.05919270397407339000        0.14701397276734171000        1.32760449799760960000        2.27318792156462335000       -0.45452715842675895000        1.09337694297914156000        0.64794210147850673000        0.98731646873526369000       -2.51807243022048999000       -2.41652804188124648000        0.62023125401937229000        0.15200608338565161000        2.18908001264583474000        0.45239490959884465000        0.53326887155347846000       -1.16579297308200358000       -2.72906723442954524000       -4.24958919186264605000       -1.66218608632430631000        2.59591451713491494000        0.82861118090429542000       -0.53657420554216217000        0.98355308828477483000        2.49344826293485466000       -0.21974357585641388000        0.81201689745843042000        1.59217877202819791000        1.49519678939012568000       -3.00471074251288872000       -1.55097904894419858000       -0.09675920814756309000        0.66026850515589708000        2.09742408293887905000        0.96732462756215798000        0.77399663458403534000       -1.74423544433271527000       -3.19598770567306856000       -6.23485775643060070000       -1.46919368789938609000        1.73768995901258583000        0.61312072939862261000       -1.19740244257715700000        0.57337310337936798000        2.49970088364611476000       -0.00169710298031054000        0.57730841425464230000        2.27350986632795227000        1.85997172369403918000       -3.59488197604901716000       -0.62676281008747592000       -0.78704954093012225000        1.04713527198942868000        1.90527274421760029000        1.34257253575447844000        1.01943045330974513000       -2.25281662457691745000       -3.22829827799944624000       -7.50080395101759212000       -1.32626667139907806000        1.01380931513777428000        0.39218521309791327000       -1.46957464676739935000        0.40342733520207902000        2.43987828911836102000        0.16943802337549316000        0.45688945857431973000        2.74099887046105861000        1.98059874117389101000       -4.07936500573749949000        0.28562356936102595000       -1.43422218074603292000        1.29338358164823419000        1.57714145837578767000        1.65440981386065800000        1.32936607512327121000       -2.55013234010959744000       -3.19628317987030020000       -8.36644249780741056000       -1.36393774970819104000        0.34670740905024017000        0.16753017065070347000       -1.59929670238310906000        0.26811551729041472000        2.34597430772560633000        0.33538358406288199000        0.48749322389926103000        3.11689229761346143000        2.00627882595987206000       -4.27004254481065804000        1.08916741327498423000       -2.00515119999959435000        1.37534268442552876000        1.28003720237693108000        1.74602318540923762000        1.57559944208899738000       -2.62784378417583442000       -2.80868838765515916000       -8.74845164047938617000       -1.40992170550416063000       -0.07658485579588772000       -0.01626452912253920000       -1.50928754485033023000        0.09288954118061610000        2.33136422019571077000        0.48434553202633218000        0.60047207538662228000        3.39882318280796003000        1.95482826007898147000       -4.01171677106296620000        1.81653309092738291000       -2.31690169956295877000        1.28181918401861039000        0.99929689720658299000        1.68025371569182136000        1.52108378606981010000       -2.47906453655870651000       -2.33897923528390184000       -8.55900847171037782000       -1.08701344303379499000       -0.39291571625979149000       -0.15250442967369585000       -1.23304308100845295000       -0.12514846028209523000        2.35848444029780557000        0.42185681706774486000        0.78005265355496634000        3.54338593089790521000        1.77404225300589213000       -3.45520225670280823000        2.41373546707449282000       -2.45247102354574853000        1.07767854493033499000        0.73992202970003806000        1.47718206801112761000        1.39742851135258905000       -2.12685042694186732000       -1.64503711706477640000       -7.94033045680111993000       -0.74004295231662476000       -0.52270064828988694000       -0.23043639927373386000       -0.71805449193397808000       -0.38334066827306174000        2.23030945322629170000        0.35945307569242752000        0.84794567338306548000        3.37715926380390963000        1.56236573023618641000       -2.69242211729980596000        2.86321338940599679000       -2.39373042666006031000        0.95933848952566059000        0.43483162252932073000        1.18858097068849866000        1.18924123719722163000       -1.71172923506375629000       -0.90570676475244194000       -6.81626289777275129000       -0.36108525908613776000       -0.61655729210897392000       -0.34012468382621497000       -0.19864550827441402000       -0.59222974434978415000        2.09479234749076637000        0.27760675116236022000        0.88746310898779923000        2.88914088878590114000        1.40494264191909690000       -1.95613566383341153000        3.22080232051651016000       -2.10450607012627477000        0.89474065656642932000        0.02280000713807714000        0.92193718892051146000        1.11637930972383637000       -1.22153725724354723000       -0.15942616665154596000       -5.55417034976002277000       -0.21613016598999957000       -0.59444019583882257000       -0.41541728286845725000        0.37771261994313443000       -0.77002964182774192000        1.84549294802858688000        0.07954008298803379000        1.14536522775262162000        2.21168659011867330000        1.17548625570117560000       -1.15640962753798870000        3.07707526794513697000       -1.80002091904917894000        0.59078554968153452000       -0.02384906447085226000        0.38584120388115095000        0.58071022176968634000       -0.51564670547366864000        0.81482558534515204000       -3.55933834915403446000        0.32235275044288708000       -0.37980553083261692000       -0.39476342348176602000        1.08806065349276748000       -0.32888821028844489000        1.66161362741164664000       -0.37342049515499287000        1.58269852355967355000        1.40749634291716075000        0.80310869551547148000       -0.11649094594988027000        2.72359057666947502000       -1.41604999401208298000        0.22606498641577277000        0.24627317146512609000       -0.11394028261280212000       -0.04677366965692172000        0.19850630329030866000        1.58738492811296483000       -1.79536079711893315000        0.86905319186748453000        0.18604761595935460000       -0.17342709048671628000        1.64733413662032202000       -0.08592939374318481000        1.43578333123676916000       -0.51053670980727195000        1.71915627009076033000        0.54597355034420725000        0.66305594714685223000        0.73367619275847828000        2.47696456224468875000       -0.82779996534040579000       -0.05211800873232349000        0.32489361631153035000       -0.38473182870139366000       -0.23672187159331798000        0.84184627324237815000        2.21645279478051682000       -0.24935600730116197000        1.06964432804111675000        0.59043217495196143000       -0.03275882402494873000        2.08975619956734882000        0.39578386821671840000        1.12941712265156613000       -0.74601460042841594000        1.90018268731041884000       -0.14714738111855086000        0.30078079226695448000        1.46435063973859747000        1.96928079768367459000       -0.34239186501689522000       -0.52742856546915162000        0.73317114136304529000       -0.57484468993086002000       -0.71466160786308586000        1.45213414326798773000        2.73887863467873771000        1.33295572295619480000        1.59383383780386345000        1.08975928412750811000        0.18319325325123670000        2.49877684986998094000        0.42848366507635499000        0.62235039901389555000       -0.94214880611431118000        1.80918771368413323000       -0.94100165411001613000       -0.00990271498396241000        1.72026924520495816000        1.32431083997936749000        0.19546303351005118000       -0.82900846252557114000        0.82781101062527329000       -0.75668271336169024000       -0.85785931129411497000        1.90779749692737099000        3.01717994385503552000        2.96548984689566808000        1.64031533211623581000        1.48801671197317154000        0.24379505335815202000        2.87444600450063792000        0.18041873183886489000        0.27542611570279790000       -1.04126613553452363000        1.42384088848692314000       -1.51413773096482562000       -0.15069408878020871000        1.84575914433563826000        0.67070094906190858000        0.76188657054345987000       -0.93342013277011959000        0.80336745011820088000       -0.72855710567530230000       -0.81177871297908366000        2.16572555427828073000        2.92843899824848508000        4.17837512414295276000        1.62712877443156967000        1.72074414527151465000        0.19303480544724172000        3.06314515943404553000       -0.01668498274476319000        0.21008355023740782000       -1.21097896643087921000        1.20543821817537444000       -1.79333162441273752000       -0.18215751768941515000        2.14188951069086198000       -0.05411062055618678000        1.26841186691831442000       -1.15273444674876302000        1.30093476074406422000       -0.52923753803394458000       -1.08943988950304660000        2.37296931581364845000        3.05099495410785382000        5.08977270369563417000        2.07480540092182730000        1.95567679957888751000        0.26733099402684474000        3.27494366051991292000       -0.22661713724137708000        0.13923694989031954000       -1.14664094235457892000        1.23884537303551445000       -2.02894657985271332000        0.00540661454118377000        2.03475133706004607000       -0.85004657808595641000        1.64999883804981584000       -1.34651097008530440000        1.86144069867551143000       -0.34355408786133185000       -1.21433637598857480000        2.42400721822391985000        3.25068651293658384000        5.58839593188577854000        2.12247925597884191000        2.37859465447571994000        0.32449602154549062000        3.44273797096558010000