10         8        20        48        56
        0.00    0
       1.040550       1.040550      59.385900      59.385900      59.385900      59.385900      59.385900      59.385900      59.901450      59.901450      59.901450      59.901450      59.901450      59.901450      59.901450      59.901450      59.901450      59.901450      59.901450      59.901450      58.803150      58.803150      58.803150      58.803150      58.803150      58.803150      58.803150      60.998700      60.998700      60.998700      60.998700      60.998700      60.998700      60.998700      60.998700      60.998700      60.998700      60.998700      60.998700      60.998700      60.998700      60.998700      60.998700      60.998700      60.998700      60.998700      60.998700      60.998700      60.998700      60.998700      60.998700      60.998700      60.998700      60.998700      60.998700      60.998700
      -0.403200      -0.484000       0.121600       0.122400       0.122400       0.122400       0.107200       0.107200       0.121600       0.122400       0.122400       0.122400       0.122400       0.122400       0.122400       0.122400       0.122400       0.122400       0.122400       0.122400       0.122400       0.122400       0.122400       0.122400       0.122400       0.122400       0.122400       0.122400       0.122400       0.122400       0.122400       0.122400       0.122400       0.122400       0.122400       0.122400       0.122400       0.122400       0.122400       0.122400       0.122400       0.122400       0.122400       0.122400       0.122400       0.122400       0.122400       0.122400       0.122400       0.122400       0.122400       0.122400       0.122400       0.122400       0.122400       0.122400
        0.19800000000000001000
       -0.06800000000000000000
       -0.17399999999999999000
       -0.18200000000000000000
        0.27000000000000002000
       -0.19000000000000000000
       -0.31400000000000000000
        0.21199999999999999000
        0.11600000000000001000
       -0.10199999999999999000
        0.27800000000000002000
        0.03000000000000000000
        0.03000000000000000000
       -0.33600000000000002000
        0.03400000000000000000
        0.08799999999999999000
        0.33800000000000002000
       -0.09600000000000000000
        0.29399999999999998000
       -0.32000000000000001000
       -0.12800000000000000000
       -0.06400000000000000000
       -0.13800000000000001000
        0.33000000000000002000
       -0.18600000000000000000
       -0.18400000000000000000
        0.31400000000000000000
        0.28000000000000003000
       -0.28599999999999998000
        0.10199999999999999000
        0.45000000000000001000
       -0.09800000000000000000
       -0.34000000000000002000
       -0.23799999999999999000
        0.08200000000000000000
       -0.01800000000000000000
        0.31400000000000000000
       -0.00600000000000000000
       -0.38400000000000001000
       -0.22000000000000000000
       -0.47999999999999998000
        0.01000000000000000000
        0.33600000000000002000
        0.20200000000000001000
       -0.23999999999999999000
       -0.16400000000000001000
       -0.04000000000000000000
        0.12600000000000000000
        0.00000000000000000000
       -0.28199999999999997000
       -0.46800000000000003000
       -0.09000000000000000000
       -0.19600000000000001000
        0.00200000000000000000
        0.36199999999999999000
        0.18400000000000000000
        0.31800000000000000000
        0.01200000000000000000
        0.22200000000000000000
       -0.11400000000000000000
        0.30199999999999999000
       -0.08200000000000000000
        0.26600000000000001000
       -0.28000000000000003000
        0.11400000000000000000
       -0.19600000000000001000
       -0.11000000000000000000
        0.22400000000000000000
        0.27000000000000002000
       -0.27000000000000002000
       -0.39200000000000002000
       -0.00200000000000000000
       -0.32200000000000001000
       -0.05400000000000000000
       -0.09400000000000000000
        0.14999999999999999000
       -0.26600000000000001000
        0.11000000000000000000
        0.34999999999999998000
       -0.10400000000000000000
       -0.25200000000000000000
       -0.09200000000000000000
       -0.27800000000000002000
       -0.11400000000000000000
        0.19000000000000000000
        0.39800000000000002000
       -0.11200000000000000000
       -0.34200000000000003000
       -0.23200000000000001000
        0.03200000000000000000
       -0.14799999999999999000
       -0.05600000000000000000
        0.25400000000000000000
       -0.31800000000000000000
       -0.12200000000000000000
        0.31200000000000000000
        0.03400000000000000000
       -0.05600000000000000000
        0.39200000000000002000
        0.13000000000000000000
        0.45400000000000001000
       -0.09000000000000000000
       -0.26600000000000001000
        0.33000000000000002000
       -0.08599999999999999000
        0.34599999999999997000
        0.14000000000000001000
       -0.11799999999999999000
        0.22000000000000000000
       -0.28799999999999998000
       -0.43400000000000000000
       -0.01600000000000000000
       -0.06400000000000000000
        0.14799999999999999000
       -0.24800000000000000000
       -0.24600000000000000000
        0.06000000000000000000
        0.26400000000000001000
       -0.19600000000000001000
        0.26600000000000001000
        0.07000000000000001000
        0.00600000000000000000
       -0.07199999999999999000
        0.23200000000000001000
        0.19600000000000001000
        0.26400000000000001000
       -0.22800000000000001000
       -0.21199999999999999000
        0.10199999999999999000
       -0.11799999999999999000
       -0.01800000000000000000
       -0.00200000000000000000
        0.37800000000000000000
       -0.22800000000000001000
       -0.15200000000000000000
       -0.05000000000000000000
        0.09200000000000000000
        0.39600000000000002000
       -0.10199999999999999000
       -0.37800000000000000000
       -0.19400000000000001000
        0.02000000000000000000
        0.17399999999999999000
        0.09800000000000000000
        0.37200000000000000000
       -0.23599999999999999000
        0.14799999999999999000
        0.09800000000000000000
        0.38400000000000001000
       -0.05600000000000000000
        0.16600000000000001000
        0.01000000000000000000
        0.03200000000000000000
        0.14599999999999999000
        0.25400000000000000000
        0.22200000000000000000
       -0.32200000000000001000
       -0.23200000000000001000
        0.39000000000000001000
       -0.14599999999999999000
       -0.04800000000000000000
       -0.06800000000000000000
       -0.06800000000000000000
        0.03600000000000000000
       -0.33200000000000002000
        0.36799999999999999000
        0.39000000000000001000
        0.14199999999999999000
        0.14599999999999999000
        0.06000000000000000000
       -0.36399999999999999000
       -0.02200000000000000000
       -0.40000000000000002000
        0.08599999999999999000
        0.09200000000000000000
        0.34999999999999998000
        0.02800000000000000000
       -0.19800000000000001000
        0.20200000000000001000
        0.08599999999999999000
        0.11799999999999999000
       -0.00200000000000000000
        0.36599999999999999000
       -0.07199999999999999000
        0.31200000000000000000
       -0.22800000000000001000
        0.02400000000000000000
       -0.15400000000000000000
       -0.12800000000000000000
        0.35599999999999998000
       -0.45000000000000001000
       -0.01800000000000000000
       -0.18600000000000000000
        0.01600000000000000000
        0.35599999999999998000
        0.36599999999999999000
        0.34599999999999997000
        0.29799999999999999000
        0.37800000000000000000
        0.30800000000000000000
       -2.54170044599371137000       -1.57017189830922344000        2.32872285242296639000       -1.20091462138432359000       -3.19936964191783746000        0.54182281188699011000        1.85243256460538097000       -2.86239988899223041000       -0.07598465439988975000       -0.54831622821367032000       -2.09467008903622798000       -0.65152673414701601000       -3.72989150646254775000        0.49732436531207819000        0.03942323291491063000        4.16974984590670505000       -1.28634607970580794000        2.27977688020492897000       -3.62014327395231517000       -0.21467590904152939000        0.09627685880961714000       -2.01203221490600503000       -1.28420511928095826000        2.53327868498834441000       -0.81158336320245505000       -3.03193631611983294000        0.07566533598450829000        1.73935226579108626000       -3.84610189632607291000        0.04872799644836937000       -0.32433063102278614000       -2.41707261309373012000        0.22632381705251314000       -4.12861401127213057000        0.69664194408640012000        0.04232572469062436000        5.12563935166815821000       -1.43506902337755871000        3.27427768511467798000       -3.90125123937892448000       -0.16114266186004336000        0.08100148133566294000       -1.45831307580150193000       -1.01782484192440004000        1.91358323375561379000       -0.37186107399744178000       -2.81679119725852534000       -0.21765326643151886000        1.39010154252713081000       -4.40441171635544126000       -0.07845265030411787000       -0.19457740016527603000       -2.72235117826477602000        1.45238023010170014000       -3.24136090111701547000        1.04863027755698779000        0.20024523237562747000        5.01412697682372421000       -1.28425847172174823000        4.10650053729781295000       -3.95876893112651551000       -0.20488001078757442000        0.32777813420836122000       -0.64316259125532527000       -0.28566327582601708000        0.70793319008477462000        0.04948071647029518000       -2.52379717202180176000       -0.11106191779563568000        0.17289775884041869000       -4.59846796838551963000       -0.54731474818245396000       -0.24264993220795844000       -2.69675765223832098000        2.93945262728543444000       -2.12640563004181660000        1.40819850085502662000        0.17433144521627580000        4.70243505383976768000       -0.97346409855644556000        4.21873967508687286000       -3.60732100887501117000       -0.29550232061429704000        0.47466539268363928000       -0.35163990470967044000        0.36710340797436264000       -0.32175760712681628000        0.44612617756053219000       -2.28812689350427823000        0.19597746800939095000       -1.19763003972022020000       -3.90370942987313452000       -0.81035529431916420000       -0.34370094322917238000       -2.44401360751343777000        4.33284872567046264000       -1.46136711641719241000        2.11560189212324623000        0.18295160423723864000        4.53427522485593570000       -0.95194687819747947000        4.05366644431309897000       -2.90668079026880788000       -0.37552873489651378000        0.98140389287854779000       -0.42489591392745135000        0.85575589821498554000       -0.64098480193184015000        0.74965058015489061000       -1.97407743155942872000        0.43170591331797564000       -2.70213223680560244000       -2.34534238384425642000       -0.77001934729299326000       -0.43294786645159006000       -1.88948734314669409000        4.79345280469661272000       -1.92742204104572701000        2.99548140450636291000        0.32430774885034497000        4.71683007327337922000       -1.34192375614091075000        3.70686136792848586000       -1.82944913434052769000       -0.38873587010658722000        1.60505336057083214000       -0.06925117970414539000        1.12800129236648283000       -1.20271763672184262000        0.89763683120749549000       -1.35370904326712527000        0.33603914013878483000       -4.15133496386800172000       -0.76988119970026669000       -0.70625083551285428000       -0.52543357081871966000       -1.37315728733250442000        4.68816688721109109000       -1.74941899038379356000        3.62891196210001299000        0.75674678282908758000        3.96800220277336768000       -1.30464508607189344000        3.30333118051721630000       -0.77240607232562475000       -0.36312417705461669000        2.19523786347552319000        0.75138742554531812000        1.66122316695758654000       -1.96514248425098792000        0.73485767234563348000       -0.67907026475001431000        0.21882465842941062000       -5.81353751175821376000        0.47728950515290858000       -0.92944147645714748000       -0.64038787757096893000       -0.57957686164652622000        4.25497682665474208000       -1.43911995281192162000        3.93631585777765602000        0.92132775803575595000        2.84430579539014916000       -1.19067968847104289000        2.74300418852534067000        0.35824894379162686000       -0.28276224022532326000        2.34430755951971692000        1.35325640536572611000        2.28295952947978353000       -1.99272083756215479000        0.29145749882681526000       -0.04123864274186024000        0.05526002654716585000       -7.22529425727227892000        2.28038093301736922000       -0.81480485827083537000       -0.77500266493365355000        0.18725347691193067000        3.31720140454438583000       -1.28343422080628855000        4.20241256524976148000        0.83553201635365848000        1.74539057426942579000       -1.11577929734668779000        1.93035064453180882000        1.87255140660791208000       -0.15384416271924761000        2.54908648620157763000        2.24238830261609623000        3.54336202453598492000       -1.50581744254447480000       -0.27791698949602778000        0.65652151660251645000       -0.04211449827116420000       -8.05671436841498867000        3.76981358286828039000       -0.62721308907627771000       -0.70253622344962197000        1.07631046649772610000        2.88091187698550621000       -0.52748350826094592000        4.00993893109834243000        0.31093187039457620000        0.54074303806637503000       -1.16187791490494763000        0.85641869356397282000        3.51377547175512328000        0.01883054436431670000        2.43398534348216433000        3.17533881520837724000        4.36615395202873113000       -1.71212836103736743000       -0.88687411231188484000        1.17834802291089291000        0.18467614811716210000       -8.30158692570656420000        5.03941364453754925000       -0.78446294284005580000       -0.73553853315727835000        1.91230527209271606000        2.61397996458050530000        1.36340694433231890000        3.59280947331601208000       -0.31241982868767948000       -1.65639887386676965000       -0.86144408435493469000       -0.27828497859782908000        4.98021478568406639000        0.10489227531497242000        2.22157522901342741000        3.55776986174883048000        4.63354911975502581000       -1.97594447859764721000       -1.22376064074017621000        1.39558120481340819000        0.50040663639395155000       -7.86984646893365092000        6.08177039019574295000       -1.26623045182101990000       -0.86442559834759514000        2.69418203996581918000        1.73943559684141347000        2.89656491568325913000        2.83653706855124943000       -0.96061840902481621000       -3.74899261160846464000       -0.63830863076122091000       -1.23809638474102512000        6.12252649820118400000        0.18402887048974084000        1.56449077704972361000        3.66012815152117765000        4.53370713045345752000       -2.08737627210639243000       -1.42333051305814084000        1.52377146981949996000        0.99113717471544760000       -7.34685970401748101000        7.07689051936925129000       -1.51402351301206428000       -1.01414717287464762000        3.54488239385793191000        0.75857936735300169000        3.39454083555501818000        2.13978354820483752000       -1.57153403626899579000       -5.11424458042087693000       -0.55717500057353242000       -2.18350405814437920000        7.15804280295340067000        0.23568430574892757000        0.98863335808206709000        3.61156239439874316000        4.04587991627179910000       -2.00976929459206977000       -1.50389394659321951000        1.66363534808737779000        1.39153396622715153000       -6.34639934286731311000        7.59650427993887600000       -1.58280789987471571000       -1.19278335874294661000        3.77519568660831961000       -0.71985987389730677000        3.72841362767506457000        1.03380048776770872000       -1.95334678285392016000       -6.15454425260312110000       -0.01050453890683673000       -3.24628360540337813000        7.52213428604030643000        0.21995189828753473000        0.27798599451145933000        3.50252677500856402000        3.40291292294692527000       -2.26502597136482775000       -1.36136675274903185000        1.94899163829584943000        1.46376741383424336000       -4.56916514387124906000        7.13259606941967572000       -1.47064413185091891000       -1.21819556151119457000        3.31729650128442888000       -1.65975228087871840000        4.98307457365761230000       -0.50393952314535928000       -1.76545998063405341000       -7.65268015213833230000        0.91038775534031802000       -3.89367923808205241000        6.90996949161864293000        0.15877340746495081000       -0.24097425314974591000        3.08000025656941157000        2.85083488977026978000       -1.90487008714869499000       -1.17698458087314473000        2.06384480519996050000        1.29569538067936318000       -2.51783865996793343000        6.45078574185688502000       -1.11489573122636698000       -1.12934580135708718000        2.64463777854020377000       -2.50096369468035906000        5.60873597827871251000       -1.87307349283656421000       -1.58210254653546234000       -8.27341201249382685000        1.53516758438982537000       -4.25040431000524510000        5.96488277517414112000        0.17815379131274287000       -0.74357903691625649000        2.60131318872491368000        2.44524721414856705000       -1.61962975240731999000       -0.89640733768750303000        2.01835074481135956000        1.35301935571479137000       -0.48035537421575786000        5.40149439110118923000       -0.73088024114821615000       -1.17536042938044405000        1.87697379065592518000       -2.71667668897983239000        5.61879163554736483000       -3.24530034231177344000       -1.55369231857865708000       -7.90638603505037452000        2.19187810426517471000       -4.75159825235931876000        4.80414352339618222000        0.16872281398240627000       -1.31747746443972358000        1.82220384715174166000        1.58703713137663782000       -1.63159630586279714000       -0.43522749426994023000        1.80867082779188593000        1.21408378694181573000        2.05269976798881038000        3.89261601370155530000       -0.34711677939215052000       -1.05209214339529256000        0.99292196368134178000       -2.47245837059620266000        5.88802309608277774000       -4.38931920706200351000       -1.24105142941446367000       -7.70981378120090977000        2.69390838610510075000       -4.47672279855533795000        3.22422773300705190000        0.13502698791402243000       -1.67473449938566410000        0.95146794005657287000        0.27818662467481053000       -2.14415549067591638000        0.08187490531861426000        1.48500213538704151000        0.85492132355678585000        4.17348766761536627000        1.86823607013419979000       -0.00845326252475624000       -1.05692598690275164000        0.17727933273510027000       -2.22026423072674017000        5.17114429741554726000       -5.04286260108164441000       -0.59888516989821683000       -7.00852516896917699000        3.15112804257720169000       -3.44876447240479678000        1.30654704358688689000        0.07906103771832354000       -1.91419645431803853000        0.65878899310690620000       -0.61745686771032859000       -2.93793039084096375000        0.42721832260167980000        1.35432824772277849000        0.41009169515216637000        5.08955272429955929000       -0.40047858415349635000        0.27041616453186246000       -1.04106174653547989000       -0.83498706126033317000       -1.45919817283186326000        4.61553177630016354000       -5.21889650728547228000        0.22234632889711406000       -6.14287950594573928000        3.75987538078035710000       -2.37210381345026544000       -0.64049720505414787000       -0.02718027074373563000       -1.82103188516928016000        0.54901574116768681000       -0.99174176522480140000       -3.22216520775238324000        0.65577172093650193000        1.17764995676339601000        0.42594878906076877000        5.96547361846941815000       -2.56134261407270536000        0.67736472597716002000       -0.92723750383724424000       -1.59208073430507113000       -0.18820696517428684000        3.52638757884726850000       -5.46832701604834170000        0.46946102335787465000       -4.46048671345718706000        4.06229319243561626000       -1.81336867880302655000       -2.30916226192270502000       -0.13559691018683734000       -1.77384473145075128000        0.31669074652457480000       -1.43240099076848093000       -3.62027501915691063000        0.92759641714675867000        0.74062960634579700000        0.71169817265382218000        6.97967485683598721000       -4.38362472524931679000        0.82016414863778309000       -0.86221971593673363000       -2.25289782741749045000        1.44019016436471881000        2.91025687395516375000       -5.47084082776439917000        0.41061366594271903000       -2.87936022931865265000        4.25543906702023822000       -1.20704599591945505000       -3.62625465800880864000       -0.29360696156069899000       -1.70920037918806700000       -0.17403208561492942000       -2.09877494272999154000       -4.18907038181736358000        1.35171881181775677000        0.21567739756961782000        0.99969687632747095000        7.80245972357858619000       -5.83354733165709849000        0.73011368041114533000       -0.75040049140032239000       -2.85657606937225594000        2.83518877537643466000        2.51018392699126025000       -5.31037713329842109000        0.39346519103119615000       -1.58752929104822016000        4.32891326068068061000       -0.48972594241006373000       -4.73625934043731256000       -0.46185362957275716000       -1.58476393708950347000       -0.52338430702492778000       -2.77541493991016308000       -4.36057027023722199000        1.73688573636386301000       -0.37425963499783838000        1.38795481568777834000        7.63937410453936128000       -6.90227402743899710000        0.58838069331816478000       -0.47552038850973466000       -2.89652658570781929000        3.79608934241157669000        1.02981285384108423000       -4.56758757400790305000        0.18506931396272089000        0.20173154989875905000        3.81182539953003285000        0.20883445041138615000       -5.31856654339744495000       -0.55268248244410600000       -1.48689402761142619000       -0.82590816784923637000       -3.59612237777605959000       -4.22454943751109635000        2.19112216130353499000       -0.89268528917877843000        1.53715432208574732000        7.17007694812090168000       -7.62096256870007682000        0.43722598626952952000       -0.05840065962708563000       -2.80976762783970502000        4.22817301526913969000       -0.55991326107009187000       -3.49940189860167150000        0.19551100065855612000        1.81598083259801091000        3.00309777054067828000        1.12620196389763838000       -5.72050441707020063000       -0.57478293193858165000       -1.31736145125659987000       -0.95822286434356108000       -4.07443896570119346000       -3.60815689218264390000        2.65934545763840369000       -1.10783803647407564000        1.17733111607682606000        6.54452139964771362000       -8.01594380468099033000        0.36220753236706593000        0.63613517780993012000       -2.86019426237109853000        4.20716191315476529000       -1.50490999775902923000       -2.49825064642543193000        0.45169683267927896000        2.95204540250804914000        2.06352920826756714000        2.09170183803983312000       -6.02769568874101580000       -0.48101118995732989000       -1.09662131416024988000       -0.98072165910717291000       -4.00287743431934473000       -2.72251068488775338000        2.91125989433630483000       -1.13813976930019001000        0.66298044475638518000        5.30567142891422883000       -7.76286904562794433000        0.26119636484258563000        1.44542672425842666000       -2.80854701471933943000        3.92023237463417562000       -1.95154122073502911000       -1.37145517335149636000        0.63912935887168365000        3.61158493655849577000        0.94973629733898901000        2.82033102023736770000       -5.87129759675443541000       -0.30507826741730593000       -0.72193487067373119000       -0.84289794772214177000       -3.49616863789924137000       -1.71630130752004750000        2.96614010391459537000       -0.96365955358197131000        0.10866374549650831000        3.88677810005711111000       -6.95234156382759139000        0.15809533339372164000        2.28766166509002122000       -2.68482093528299037000        3.65065651561288629000       -1.44539678095866364000       -0.23559858664961936000        0.81450508886923201000        3.36246058885601240000       -0.15482536899723023000        3.35582273537906284000       -5.23048790371695560000       -0.12627987897622092000       -0.13306004747909286000       -0.37308884615429661000       -2.68130008928494146000       -0.88014254217619958000        2.80621547191645027000       -0.68046089522455189000       -0.27003292473214741000        2.05923327033224002000       -5.66263758526287297000       -0.10218481370132855000        2.84678282601358701000       -2.35262324153990798000        3.27003105954652540000       -0.66863030339437024000        0.90260239872286174000        0.84519684492594316000        2.76838162767121432000       -1.02623043100238975000        3.47043343386625791000       -4.07367101472220838000        0.01711106081529367000        0.39710519203775735000        0.36361204483224480000       -1.58363384749792901000       -0.55967973153597828000        2.52716716664557950000       -0.34253796700377720000       -0.44712776646293412000        0.06891882361143181000       -4.29353675580374006000       -0.54579158681926288000        3.13437700037656120000       -1.82513709135878077000        3.20115452138084633000        0.44652302712113889000        1.84734162834810944000        0.77015945116555606000        1.94430970510404189000       -1.64055258734256859000        3.21595680454743960000       -2.69092643055171754000        0.12742333558524230000        0.78701607732253653000        0.84242046337958099000       -0.61098866186910961000       -0.77471479698955614000        2.14840808125824267000       -0.06982847163926661000       -0.49060498559112192000       -1.86147869456642079000       -2.50219085253501383000       -1.15246052168030655000        3.17576306440515355000       -1.22845585352772035000        3.03688459729225935000        2.10995326059788368000        2.69665669411915943000        0.66570475135490970000        0.44419717746249981000       -1.99187693485631767000        2.77474304442134567000       -1.09067340080128083000        0.20168737441898288000        1.23977994145098669000        1.24074694423071419000        0.40326533684021643000       -1.39329382191946505000        1.73526668335955048000        0.18495428721131987000       -0.46820322387565455000       -3.82049060556976450000       -0.53885014753513616000       -2.00857664906664635000        2.93997362513617810000       -0.55283245856789487000        2.66491706871822354000        4.14033131518774411000        3.33567693469433912000        0.65382831317629164000       -1.73439671487967062000       -2.13982354157834598000        2.23472233002584897000        0.71121813110928656000        0.22352542439186290000        1.57644571769110531000        1.88772482666178321000        1.38358196987430437000       -2.36334246826685623000        1.20474676389293367000        0.61080717249244931000       -0.46192534671068747000       -5.49278099416404331000        1.15513857774089268000       -2.74565336114908565000        2.60500931904990196000       -0.00150811600206393000        2.57252441483594163000        6.74340726599060503000        3.77218716459184078000        0.81124047461726467000       -4.39674308413612014000       -1.87758328684211318000        1.66705629167835290000        2.28725489740881693000        0.18357336823622933000        2.02654380577666737000        2.73809330218137159000        2.83480841822070895000       -3.33123250566477269000        0.61018061040537563000        1.10852229537316793000       -0.30823120420430522000       -6.81352160291412012000        2.40253485287651269000       -3.56425998449395243000        2.20440906406026249000        0.52849405557168616000        2.76835872058701016000        9.49350252083904955000        3.57671939995734478000        0.72114246831481521000       -6.87687244658923458000       -1.47279313393059375000        0.74976743197622464000        3.67555808673205409000        0.13301645312850108000        2.09274174735564111000        3.11407682567322608000        3.87549536959205776000       -3.66853763471354943000       -0.13408667945659866000        1.40214814001294719000       -0.01710903626061449000       -7.24147728302438232000        3.86262923620900889000       -3.96786984060766290000        1.77693416180163788000        0.94101758014392634000        2.68562916664095752000       11.83027603045032983000        3.31917598823726800000        0.36614402659816869000       -8.98960084488317790000       -1.08792698137962862000       -0.17205149284397095000        5.02044064454348238000        0.06739294588344882000        2.23519766254894980000        2.89075732924006124000        4.62506491646155116000       -3.82384594099515018000       -0.69586449005575979000        1.49773901791142805000        0.40709641605783109000       -7.01726309779405622000        4.87113102668158238000       -4.04962086951587352000        1.23304109968329167000        1.40887543118443404000        2.79173106754331801000       12.77229054358855187000        2.86677194289363202000        0.09895748735742430000      -10.02585205173094352000       -0.97816476330686652000       -0.87691517322842139000        5.95083500748425642000       -0.02007570463718264000        2.28844249811345701000        2.15127397736996517000        4.52355726610073372000       -3.50009271161860713000       -1.15710200409983965000        1.49209875714369655000        0.67758576208416832000       -5.92173677675436139000        5.53339822292285177000       -3.33404190690956570000        0.74101249041712169000        1.72567053963085759000        2.84858367354279185000       12.39444616057950377000        2.60227453930673924000        0.13074346807271686000      -10.09697488080119854000       -0.95927577046681889000       -1.08540892295875824000        6.32253847986016293000       -0.10162582823814070000        2.64766657715516951000        1.37184762213757572000        4.28153832542199275000       -3.26749143153570465000       -1.41611667640390415000        1.43284319934890858000        0.87539743087999045000       -4.36489904354473346000        5.08718856191476920000       -2.55287819968253515000        0.38704049500725091000        2.11070434722936229000        3.29175503685884996000       11.16670593591372551000        2.06232645969494977000        0.15181477709305535000       -9.32730441072048322000       -1.06881963832034210000       -0.95174133820805862000        5.93145549997888644000       -0.13526269643948752000        2.66605647343344332000        0.25445580550588814000        3.26249705983113936000       -2.55137483666129983000       -1.52400618348869421000        1.08300788163404471000        0.93565919599595160000       -2.48215190607911795000        4.78529106081612010000       -1.70817527032492111000        0.06688222488479922000        2.47504936714138069000        2.86374782150718943000        9.15573221580521945000        1.77844008435253631000        0.27715286160864971000       -8.29686965748891403000       -1.36476496295715322000       -0.45245811732643226000        5.46408715862532190000       -0.14548994438017057000        2.56198777924298859000       -0.74615834547188475000        1.90902726188407224000       -1.85539425012494030000       -1.49244463267180949000        0.71762383142173480000        0.89615418561694471000       -0.60321118344194824000        4.28250547080670607000       -0.95816524011887116000       -0.14008513145220264000        2.56920468127720270000        2.04318724872861379000        7.17042018879759269000        1.40267037947946416000        0.52855444509256422000       -7.21592000930048538000       -1.43124843958835357000        0.06066363605198143000        4.64441743164063414000       -0.19185466143637633000        2.33891043810141230000       -1.44316209585136424000        0.68147226476628753000       -1.47590699612113352000       -1.33598464550410156000        0.42409445856165690000        0.84102502464238738000        1.03411423849670636000        3.40829276554480076000       -0.36723987810724312000       -0.27016709930243865000        2.27653041488579833000        1.40438963464059352000        5.81460999051555660000        0.76022523945770093000        0.96816266990016275000       -6.43533616349326021000       -1.19421278840743050000        0.38895695208659403000        3.50108100119434029000       -0.28851440474025841000        2.09634769121705489000       -1.98368307560300461000       -0.35163385617981047000       -1.02137950990808624000       -1.27171147190485323000       -0.00700621839271623000        0.89689253642398714000        2.28750786752546231000        2.77714326658978106000       -0.07089984084946221000       -0.23614979811945869000        1.77561161434241233000        0.69105638670300962000        5.26256330966820940000        0.26079862940947596000        1.13023897937714324000       -6.05490907476589513000       -0.97852883859254458000        0.49543144559424518000        2.44711162894857148000       -0.36206461423094022000        1.87854658152012810000       -2.44156519491658708000       -1.11712656307996872000       -0.66738695506522117000       -1.02555430301905104000       -0.39942078305843776000        0.87881634548511289000        3.29104743600163108000        1.84807364703342270000        0.03725619650108498000       -0.13235797134443320000        1.07031872922057381000        0.11573367569890113000        4.77344172474662898000       -0.42506180920751785000        1.33145849384684878000       -5.48677158027931977000       -0.69150186394790070000        0.50211835794776538000        1.13119860579379172000       -0.42657661209987052000        1.51035811725266922000       -2.46387315546269203000       -1.47731860354378641000       -0.60798595917407094000       -0.75712140765328195000       -0.74977428979084382000        0.86189055833408090000        4.09296534984648197000        1.01382741899788176000       -0.24678655493667895000        0.09046010134311347000        0.11794724194611972000        0.00253704964394144000        5.97493293737232456000       -1.16515838342864386000        1.36319338573158255000       -5.88657351437055798000       -0.14100235394201793000        0.24747236873282957000       -0.04371967357650897000       -0.46747924367054822000        1.14649354712535945000       -2.43917282604952623000       -1.44217109709028524000       -1.04031418130898401000       -0.53533515377727259000       -1.32370042617387607000        1.41734526542372419000        4.06678852895906040000        0.34399231724849411000       -1.00769758224166228000        0.10730345466139338000       -0.55482052341623989000        0.46208022369340868000        6.76171730268876203000       -1.61523382979680874000        1.02398437696086009000       -5.78746781543663769000        0.06835508687544052000       -0.28733703411310701000       -0.93467251790963857000       -0.52323736004458721000        0.76551792225318527000       -2.61349203776493688000       -1.65233287311811727000       -0.79507409497733095000       -0.38223737835159322000       -1.87498271058167476000        1.74914958533702558000        4.02497897439942332000       -0.19242763709415878000       -1.41595783745905734000        0.30037023596818674000       -1.13424952741585194000        0.50115412077591337000        6.37742921827797193000       -1.66680550067087929000        0.60364715970840310000       -4.85512595289206939000       -0.15859057846523758000       -0.32690592624935649000       -1.76311281647600415000       -0.49517643211720225000        0.55527801164894885000       -2.59353459964129129000       -1.80990649828836170000       -0.40703908213346079000       -0.12657630098161354000       -2.24816087099108985000        1.84149636511011905000        3.60339181550053933000       -1.44275326551060212000       -1.51317541666781352000        0.44099215682142767000       -1.40815474126581575000        0.59042207160005034000        4.13554875342374295000       -1.61322289891063630000        0.35534042921539988000       -2.64808937063553618000       -0.65705619109543412000        0.07989442272971620000       -2.73662667789895497000       -0.40379326767864476000        0.18532929059045528000       -2.40502751635424117000       -2.05038444049315460000       -0.01985209949420402000        0.01981393802829058000       -2.56698822434493312000        1.50044502769522015000        3.67294797714453303000       -2.68665012775573953000       -1.47480288167100060000        0.73822085331107912000       -1.81716089054913899000        1.01725609925238691000        3.29979344227985338000       -1.18955711065601100000        0.19831554255799083000       -1.50941040106729285000       -1.09746037784841888000        1.19050134147373754000       -3.58864437792313051000       -0.24962032800410000000        0.12646379727336982000