 7         8        29        48        56
        0.00    0
       1.000000       1.000000      58.604000      58.604000      58.604000      58.604000      58.604000      58.604000      58.604000      58.604000      58.604000      58.604000      58.604000      58.604000      58.604000      58.604000      58.604000      58.604000      58.604000      58.604000      58.604000      58.604000      58.604000      58.604000      58.604000      58.604000      58.604000      58.604000      58.604000      58.604000      59.102000      59.102000      59.102000      59.102000      59.102000      59.102000      59.102000      59.102000      59.102000      59.102000      59.102000      59.102000      59.102000      59.102000      59.102000      59.102000      59.102000      59.102000      59.102000      59.102000      59.102000      59.102000      59.102000      59.102000      59.102000      59.102000
      -1.000000      -1.000000       0.153000       0.153000       0.153000       0.153000       0.153000       0.153000       0.153000       0.153000       0.153000       0.153000       0.153000       0.153000       0.153000       0.153000       0.153000       0.153000       0.153000       0.153000       0.153000       0.153000       0.153000       0.153000       0.153000       0.153000       0.153000       0.153000       0.153000       0.153000       0.153000       0.153000       0.134000       0.134000       0.134000       0.134000       0.134000       0.153000       0.153000       0.153000       0.153000       0.153000       0.153000       0.153000       0.153000       0.153000       0.153000       0.153000       0.153000       0.153000       0.153000       0.153000       0.153000       0.153000       0.153000       0.153000
        0.13200000000000001000
       -0.04200000000000000000
       -0.09800000000000000000
        0.01400000000000000000
        0.37200000000000000000
       -0.32000000000000001000
       -0.12800000000000000000
        0.27000000000000002000
       -0.01400000000000000000
       -0.29199999999999998000
       -0.49800000000000000000
        0.06400000000000000000
       -0.30599999999999999000
        0.00200000000000000000
        0.28199999999999997000
        0.05800000000000000000
       -0.08599999999999999000
        0.06800000000000000000
       -0.02600000000000000000
        0.33200000000000002000
        0.42999999999999999000
        0.05800000000000000000
       -0.31800000000000000000
       -0.34200000000000003000
       -0.15600000000000000000
       -0.38800000000000001000
       -0.39000000000000001000
        0.34999999999999998000
        0.24600000000000000000
        0.07800000000000000000
       -0.34399999999999997000
       -0.04600000000000000000
        0.30599999999999999000
        0.19400000000000001000
       -0.23799999999999999000
       -0.04200000000000000000
       -0.14799999999999999000
        0.10000000000000001000
       -0.38000000000000000000
        0.09400000000000000000
       -0.05000000000000000000
        0.03600000000000000000
       -0.31600000000000000000
       -0.09600000000000000000
       -0.40000000000000002000
        0.26000000000000001000
        0.00200000000000000000
       -0.13400000000000001000
       -0.22200000000000000000
        0.03000000000000000000
       -0.17999999999999999000
       -0.08200000000000000000
        0.03400000000000000000
       -0.29999999999999999000
        0.27600000000000002000
        0.17000000000000001000
        0.29399999999999998000
        0.05400000000000000000
        0.22400000000000000000
       -0.03400000000000000000
       -0.28399999999999997000
        0.04600000000000000000
       -0.21600000000000000000
        0.00200000000000000000
       -0.10600000000000000000
        0.33000000000000002000
       -0.09000000000000000000
        0.38400000000000001000
        0.12800000000000000000
        0.37600000000000000000
       -0.44800000000000001000
       -0.03400000000000000000
       -0.24800000000000000000
       -0.01400000000000000000
       -0.03400000000000000000
       -0.34599999999999997000
        0.36599999999999999000
        0.18200000000000000000
       -0.38400000000000001000
       -0.21800000000000000000
        0.28999999999999998000
       -0.01800000000000000000
        0.38200000000000001000
       -0.18200000000000000000
       -0.37000000000000000000
       -0.06600000000000000000
       -0.34599999999999997000
       -0.28799999999999998000
       -0.07600000000000000000
       -0.34999999999999998000
        0.16800000000000001000
        0.03000000000000000000
       -0.09400000000000000000
        0.03000000000000000000
       -0.33600000000000002000
        0.08000000000000000000
       -0.26200000000000001000
        0.09200000000000000000
        0.29399999999999998000
       -0.27600000000000002000
       -0.45000000000000001000
        0.05200000000000000000
       -0.05600000000000000000
       -0.08799999999999999000
        0.04600000000000000000
       -0.24199999999999999000
       -0.21800000000000000000
       -0.31200000000000000000
       -0.39800000000000002000
        0.09800000000000000000
       -0.16800000000000001000
       -0.04400000000000000000
       -0.32600000000000001000
        0.06800000000000000000
       -0.22400000000000000000
        0.19000000000000000000
        0.20799999999999999000
        0.19400000000000001000
        0.39600000000000002000
        0.31200000000000000000
       -0.06800000000000000000
       -0.00600000000000000000
       -0.04400000000000000000
        0.20399999999999999000
       -0.11400000000000000000
        0.10000000000000001000
        0.08599999999999999000
       -0.02000000000000000000
        0.17000000000000001000
       -0.16000000000000000000
        0.27600000000000002000
       -0.09600000000000000000
        0.09000000000000000000
       -0.38800000000000001000
       -0.30800000000000000000
        0.35199999999999998000
       -0.20799999999999999000
        0.09800000000000000000
       -0.16800000000000001000
       -0.20200000000000001000
        0.21600000000000000000
        0.06200000000000000000
        0.25800000000000001000
        0.23999999999999999000
       -0.02800000000000000000
       -0.33000000000000002000
       -0.37000000000000000000
        0.23999999999999999000
       -0.30199999999999999000
        0.04800000000000000000
        0.31800000000000000000
       -0.05000000000000000000
       -0.15800000000000000000
        0.34399999999999997000
        0.07400000000000000000
        0.01800000000000000000
        0.20799999999999999000
       -0.00600000000000000000
       -0.25800000000000001000
       -0.16200000000000001000
        0.23599999999999999000
       -0.08799999999999999000
       -0.03800000000000000000
        0.11200000000000000000
        0.04400000000000000000
       -0.28999999999999998000
       -0.38800000000000001000
        0.33200000000000002000
        0.19800000000000001000
        0.16200000000000001000
       -0.27800000000000002000
        0.04800000000000000000
       -0.19000000000000000000
       -0.01200000000000000000
       -0.13600000000000001000
       -0.14000000000000001000
        0.04800000000000000000
        0.06200000000000000000
        0.09200000000000000000
        0.22600000000000001000
        0.12000000000000000000
        0.04400000000000000000
        0.13600000000000001000
       -0.16400000000000001000
       -0.24800000000000000000
        0.14999999999999999000
       -0.17399999999999999000
       -0.22800000000000001000
        0.23400000000000001000
        0.02000000000000000000
        0.10000000000000001000
        0.00000000000000000000
       -0.15400000000000000000
        0.11000000000000000000
       -0.04800000000000000000
       -0.32000000000000001000
       -0.27200000000000002000
        0.34200000000000003000
        0.39600000000000002000
       -0.39400000000000002000
       -0.07600000000000000000
        0.00200000000000000000
       -0.16000000000000000000
       -0.11400000000000000000
       -0.09000000000000000000
        0.18200000000000000000
       -0.28599999999999998000
        0.14399999999999999000
       -0.10600000000000000000
       -0.11400000000000000000
       -0.14999999999999999000
       -0.09600000000000000000
        0.26400000000000001000
       -0.02400000000000000000
        0.11200000000000000000
        0.26800000000000002000
       -0.31800000000000000000
       -0.28399999999999997000
       -0.07800000000000000000
        0.09000000000000000000
       -0.25800000000000001000
       -0.10000000000000001000
       -0.28799999999999998000
        0.25000000000000000000
        0.26600000000000001000
       -0.08400000000000001000
       -0.01800000000000000000
       -0.00200000000000000000
        0.23400000000000001000
        0.06000000000000000000
        0.37400000000000000000
        0.03400000000000000000
       -0.05200000000000000000
       -0.17199999999999999000
        0.00800000000000000000
       -0.08599999999999999000
       -0.07600000000000000000
        0.00800000000000000000
       -0.40000000000000002000
        0.36599999999999999000
       -0.30199999999999999000
       -0.02600000000000000000
        0.27000000000000002000
        0.30800000000000000000
       -0.08000000000000000000
       -0.04800000000000000000
        0.22000000000000000000
       -0.02400000000000000000
        0.29799999999999999000
        0.27800000000000002000
        0.03000000000000000000
       -0.09800000000000000000
       -0.03200000000000000000
       -0.32600000000000001000
        0.01600000000000000000
       -0.25600000000000001000
       -0.37000000000000000000
       -0.12000000000000000000
        0.01400000000000000000
        0.35399999999999998000
        0.39200000000000002000
        0.03000000000000000000
       -0.06600000000000000000
       -0.28399999999999997000
        0.22600000000000001000
       -0.10199999999999999000
        0.02800000000000000000
        0.12000000000000000000
       -0.22800000000000001000
        0.16200000000000001000
       -0.40000000000000002000
        0.00000000000000000000
        0.15600000000000000000
       -0.22800000000000001000
        0.29999999999999999000
        0.18600000000000000000
       -0.34799999999999998000
        0.12400000000000000000
       -0.34599999999999997000
        0.04400000000000000000
       -0.34000000000000002000
       -0.00600000000000000000
        0.36599999999999999000
       -0.20999999999999999000
       -0.09000000000000000000
        0.28199999999999997000
        0.33000000000000002000
        0.28000000000000003000
        0.38200000000000001000
       -0.27400000000000002000
       -9.63115184717696948000        1.25060125445320303000        0.51113707768015315000       -0.70773978600183407000       -4.08124150641886185000       -0.16197126272774451000       -0.69280333658471116000        0.60345644620738648000        0.32907556331247861000       -0.39932057062187842000        0.50776914169999221000       -0.08508554352135260000       -0.30355283062710736000       -3.12668941799076716000       -0.23322985754197975000        0.82555538060310740000        1.74966099748884263000        0.38209550067486620000       -2.42395762753232669000        0.97072335178634928000        3.75217521207276050000       -1.39051357858138447000       -0.92327438865806166000        0.52197543190898188000       -1.44529533030477042000        0.10262264241977301000        1.15428546550864075000        1.97497394215424471000        0.17639343961729051000        1.52172593592363437000      -12.84060162028955077000        2.37106674533104478000        1.17203553645834990000       -1.56899679293613681000       -6.92250275547206684000        1.16216807219949980000       -1.98699384561522496000        0.55107781760427210000        0.13732755187891774000       -0.92283525714988546000        1.29805280381142940000        1.17860740553314725000        2.01521883300602500000       -3.62604386901853237000        1.84531659834696815000        1.20924122297201220000       -0.17233346139931982000       -0.08572448050725293000       -1.68494268333393471000        2.67338115888710970000        5.94104982524114344000       -2.08596398763854562000       -1.55954059074748308000        2.00850110857587749000       -2.69901273007429943000       -0.74631569900582451000        1.27053664019014168000        2.06276234353770560000       -0.38771615875221238000        0.99976774769215626000      -13.60319160790529658000        2.82188112152662685000        1.36528784433335182000       -1.53346423725613112000       -9.13917627966293367000        1.69580950270118125000       -3.50101080973662304000        0.74621736815900086000       -0.17809057596876141000       -0.18448451686344816000        1.85294251123418907000        2.03584345297449465000        6.55543212540789089000       -4.17028940477139098000        2.46168380666431030000        1.20659126934444871000       -0.34851104363183194000        0.16624906992179703000        0.76498193668988768000        2.39258892238795173000        7.12495683097124921000       -3.21149334747267545000       -1.41793627578431214000        4.37746754986482145000       -3.76702721756976144000       -1.90759895334774110000        2.69912836774546827000        3.04211877810978448000       -0.53553570378319792000        0.05691588810015985000      -13.93173372854793612000        3.58041720361482829000        1.52699965301324125000       -2.10377826685084646000      -10.81394749844023728000        1.89400141346389850000       -4.30808777569262347000        1.00808006889191804000       -0.41143188268557290000        1.36492890970835590000        2.28528642564831008000        2.55039976139252822000        7.79968110090640465000       -3.94898463787588971000        3.32588410004982782000        1.45680724701777309000       -0.57060318624320305000        0.93462492660195240000        2.27432683589588880000        1.80805076051818148000        6.93292210490098615000       -3.22109165056808555000       -1.15329244121189589000        5.75975639600064682000       -4.87715512505603499000       -3.28994803439913897000        3.32171170607092359000        3.00113350154848701000       -0.44008761993137380000       -0.88644582549310991000      -12.00906671911273627000        4.44347117999522823000        1.56548993727325758000       -2.27331560820399359000      -10.15386424374480434000        1.76202474445626689000       -5.47817246711239214000        0.47209188031768862000       -0.54202579797625561000        1.79900391656670111000        2.64818289359262327000        3.19721424313850378000        9.02712259503739212000       -1.38341813086527399000        3.96820081215163301000        1.34660210445401907000       -0.38698777130291262000        1.44479644632552828000        4.05691072408480302000        1.31562349762546704000        4.24726145905683161000       -3.75489885693506276000        0.63032890575222300000        7.64095186214770461000       -4.62142757750859889000       -4.78795740312133944000        3.48718182808740362000        3.44051556385944846000       -0.23396956819086978000       -2.08467570385715817000       -8.33685745940936407000        5.95510269607754772000        1.73465098083322444000       -2.12591028879671562000       -8.32779425016008012000        1.12522843261568828000       -7.46064367293628727000       -0.52715241658332224000       -0.76923368152349048000        2.43888835819717897000        2.75893953462621155000        4.11263229636819805000       11.18594391072341487000        0.75113652976785228000        4.02120933351778564000        0.71409228875135244000       -0.04692495252664400000        2.77351626208091728000        4.56037350957986121000        0.40969697400023974000        1.70240206381691217000       -3.12761964063272835000        0.87550130508330781000        9.29056429174985965000       -3.56353734219895779000       -6.02594099546872197000        4.10240858794835450000        3.63849041464246659000        0.38891217459587490000       -2.88103242778300350000       -7.05267801913585313000        6.27707641803147887000        2.22807941027897005000       -2.07770905563853825000       -5.69072554388884999000        0.72944680494733538000       -7.44369014545168106000       -0.89033710107941166000       -0.60785058193816166000        0.07568590867087240000        2.36555728868168558000        4.29171905302400347000        9.30268615186923498000        3.32292680012297570000        4.21400389706870637000        0.70348428853834910000       -0.67234210759416013000        3.85224623445430447000        3.46393811351527514000        2.76536815515534240000       -0.81424219426817546000       -0.14347116447959787000        1.88617399086908044000        8.48973660456085710000       -2.56997688359396248000       -6.67018999929022183000        4.44717227273934146000        2.46881258243481883000        0.67534156398566991000       -2.82202048074034240000       -4.73969214168545783000        7.25296735898838296000        1.94451467162388547000       -1.54918583823787470000       -3.87231128468355656000        0.64022198116306228000       -9.00398468941671837000       -0.08176922781602151000       -0.78873085178910729000        2.09887475208667418000        1.75330357088540922000        4.74415727994395997000       10.12242961972134125000        5.33162480420991614000        3.44161872062354757000        0.88950797280378180000        0.90692264677908185000        4.34660852170506651000        3.20729579403609533000        1.51116462285104758000       -3.75383333721732138000        1.24399165377279419000        2.57826396910919531000        8.38450084528463968000       -1.16050307170554134000       -6.28276794985632137000        5.57496975211318979000        3.07064177925777537000        0.86956921171516732000       -2.87326088816129044000       -2.88447406635879711000        7.63125108940051433000        1.65334934059505545000       -1.13810470488676296000       -1.01269328709110185000        0.39957145728957083000       -9.20711622634981275000       -0.70757323010010509000       -0.67403254543696844000        1.27070788970402559000        1.24248192840724569000        5.08448676452208836000       13.46169779365090236000        6.77685269739462015000        2.67161304792747512000        1.24454643891887429000        1.36274320913238989000        3.45159476802331699000        2.38749246531133652000        3.42223903124807727000       -6.68789868849908142000        3.34539853797393016000        1.88451605708724013000        9.48851977129691093000        0.15485054277673699000       -5.39866256214114149000        8.30544770553077072000        2.71881438977966772000        1.01870340743407950000       -4.68884519161734570000       -1.28736692283280352000        7.89016929599783445000        1.70658762144661491000       -0.87346109788304793000        1.12780934279819611000        0.62232159751539040000       -9.90180869560852806000       -1.28687648210634098000       -0.49630067178787951000        0.88406629506472978000        0.93854231946545952000        5.91878200046404412000       11.88030846344324765000        7.81929451272236164000        2.26519076273374420000        1.84479148614392185000        1.69787462961770275000        3.70886395437834038000        0.87685319538794793000        4.28595804864039476000       -7.93490148945390228000        5.52722500615171342000        0.96609270966470118000        8.74807410837048316000        1.34129703129436906000       -5.34713589357821828000        9.21009568282712898000        1.60043942333894162000        0.97284639316133537000       -5.50645832913930278000        0.25430429445114466000        6.90310291796547659000        1.94597590168880519000        0.05700878972712733000        2.85193204836288405000        0.68323292093716603000       -9.26616696288960640000       -1.39933062109650841000       -0.31104689868561725000       -1.39795921642633258000        0.30776778120506243000        5.77179862544304356000        8.18248144166806846000        8.25828846198825595000        1.75591308252864087000        2.83605370045980454000        2.36442506927473239000        4.85138394144443286000        1.45454415640061097000        4.38779675262660884000       -6.97760390519164009000        6.99603133381493603000        0.91613363481009136000        5.38860858233500206000        1.98999497026665173000       -5.47531749912292032000        9.75980040630668810000        0.11230586949422268000        0.70958664227683155000       -5.32718228172644537000        0.89423594894629388000        5.51441228665487948000        1.76807812452286250000        1.09905931645160959000        3.78805571680759590000        0.03141387581277252000       -8.01345910665703620000       -0.65853001583355997000       -0.29722735585664622000       -3.98238916576448032000       -0.66460834282091408000        4.92812239531026997000        6.32315258558280835000        7.59561316199164871000        0.27354546905753052000        3.54879640347035386000        3.08974745154780894000        5.21195673839149354000        2.51114634499685740000        4.85007505946259165000       -5.45170748995069321000        7.98780777263064667000        0.70026484310245007000        2.31935003302147269000        2.12204777495361530000       -4.37914783772497884000       10.38399689697756401000       -0.83077545290460475000        0.65402907788481091000       -4.56026430502031044000        0.80459083333082049000        3.66298910322697013000        1.45023692250067238000        1.71472027331313837000        4.09357260947890023000       -0.70210494863151651000       -5.96877080560203233000       -0.34261454566301569000       -0.32709431233616731000       -6.75701809352749905000       -1.39254328078092504000        3.75266322377573047000        4.14174301473967610000        6.74225553613757800000       -1.07898225046049667000        4.41590259181614275000        3.51689648752942841000        5.22526835280352753000        2.65480143291880299000        5.49765854126786024000       -3.55379785250011215000        8.37767377477278430000       -0.01492777385640410000       -0.80794582504104240000        1.79363667934479154000       -2.69476953101387506000       10.39532280405034648000       -1.98220962277526502000        0.47820426337062533000       -4.08074522249799188000        0.17268135261397000000        1.68362306886562352000        1.07712398475939786000        2.21291274316856335000        4.10257223514556113000       -1.11378222426064055000       -4.99610188417412093000       -0.93164020890852528000       -0.29730213177609854000       -8.67744609542850576000       -1.65493113049513862000        3.39133051276029684000       -0.74825633003820258000        5.79648786448185049000       -2.42594602434304996000        4.93014820437214407000        3.39267781717334627000        5.32703749350472577000        1.39704136132568890000        6.68236321280567491000       -0.79661216157860126000        8.73568685438822179000       -0.39894538327066187000       -2.85063724118869199000        1.71848245567140645000       -1.95854281505523287000        9.44470783559469318000       -3.29815833822677895000        0.38708799908039876000       -3.69019745744585981000        0.42659375696164192000       -0.44515768354822177000        0.69727256501171830000        2.28734148345362964000        3.48359420523726504000       -1.50455806126945157000       -3.36869329621214408000       -1.20172287346845974000       -0.28824404924308555000       -8.77440848999047063000       -1.77542511756533594000        2.56286134109609121000       -8.53611052185205743000        5.13128488229667035000       -3.27544030329877112000        5.06035547647778738000        3.10607856525220205000        5.75582487252788066000        0.45063578352612804000        5.63150906052379518000        1.75806535665478214000        8.23313366741234098000        0.28650025723367112000       -5.23306795266588853000        1.42428855357100326000       -1.77846291992463090000        6.57112378360840488000       -4.93777773510735152000        0.23718765511086121000       -2.83998825814058309000       -1.22497837852393454000       -2.09039317263500690000        0.40329576306693049000        2.51011544054919211000        2.01530109189877127000       -1.78949850818216660000       -2.35791153759222638000       -0.98478496006123184000       -0.22044951383095540000       -9.85932733879753620000       -1.87443157555732554000        2.11886019662725555000      -15.82462440882268595000        4.01975424302595297000       -4.05642866213182174000        5.04728303094090336000        2.64813066972912603000        5.61086472474773146000       -0.53858508945012251000        5.44650361748048262000        5.69717439571334427000        7.12966988878309404000        0.75231838004128082000       -8.02848804690701279000        0.96363248111863131000       -1.36399597437004982000        3.57700390691704095000       -5.94298800363134294000       -0.06109739990822618000       -1.01194284079364971000       -1.25324977765063639000       -2.82235215125262551000        0.01410353127916235000        2.39549537065587925000       -0.27301032226460814000       -2.10013302750930109000       -1.77334049560268170000       -0.57167108063890038000       -0.24345807971735825000       -7.27701375530959016000       -1.83201643983597418000        1.86370286439966959000      -21.71012252943647520000        2.22102686983898767000       -4.66555637217674590000        4.65805528522554724000        2.59053845619053247000        5.28444422134330161000       -1.63485015688732971000        2.12311038958481291000        9.26894613926051036000        5.18028270866693852000        0.25120732008163227000      -10.14434356382327174000        0.43655451778024362000       -0.76428064017365194000        0.36582810436310842000       -6.66212281176603849000       -0.22762799503712494000        0.47376233936128170000       -2.25438792428296964000       -3.92770938095519195000       -0.30176268385031069000        2.28636533248080820000       -1.27858591303801683000       -2.43747337856001822000       -0.87294770093298357000       -1.12614403318323331000       -0.01979287640238714000       -8.08917088399973494000       -1.56029902908297124000        1.72557969849116399000      -26.61771897802093180000        1.93704932874584101000       -5.02364824616087535000        3.92331698562081543000        1.51284363726157456000        3.58695958719689489000       -2.27311537612387804000        2.27714109190742775000       11.58368481027386920000        2.72302353288078702000        1.24501464236216863000      -10.65472146869026915000        0.42685253388154393000       -0.58582491609255949000       -2.88766197172368999000       -6.88704322941265978000       -0.51954933742755760000        1.39035263467898296000       -3.28537982214379465000       -4.85663719163005680000       -0.43533728271911259000        1.91844124412833228000       -2.30705982675830379000       -2.62546697399993523000       -0.33235329416506831000       -1.35488914737750998000        0.21293177410542247000       -6.99558087917197824000       -1.10246875626721175000        1.76262740306329357000      -30.06886209777568910000        1.07254111396035645000       -5.56988059727848484000        2.89331056234846207000        0.73791202307236392000        2.39152707176600643000       -4.13128314176167244000        2.07084736294086280000       12.52674446821263210000        1.25286582688130888000        1.31886578866016335000      -10.47946767733452056000        0.33918207606263973000       -0.65697282004965296000       -5.28283696801293434000       -6.54001273163133323000       -0.76620393400764641000        2.17417741089966787000       -4.95702213955401660000       -5.17878706614175144000       -0.61189668621705828000        1.33792926692167380000       -3.13470332817917541000       -2.08046443061480835000        0.02524598763691885000       -0.68631304052817066000        0.56396311990300541000       -3.73453861556318900000       -0.85079785508513939000        1.87018210311962507000      -34.37613234062804680000        0.51785682471560579000       -5.52301577738460203000        1.59695880596293627000       -0.04651594216315122000        1.40671951544667073000       -7.60551569038252584000        1.44875993763404076000       12.18303750699659460000        0.60307882006073799000        1.68628246269357729000      -10.96951545608658130000        0.48211419902434977000       -0.36316270459688949000       -8.00098781510194890000       -5.58069329450311447000       -1.19624758701618861000        4.03017309900490162000       -5.68327401070771021000       -5.47983777545580253000       -0.88833937280889830000        1.24042166877958704000       -3.33067270186518805000       -1.51775176263881906000        0.50795993001318263000       -0.22272286417856935000        0.92476484466241227000       -2.33942096798316035000       -0.67521375065013312000        1.76786452053321841000      -33.37705741126207930000        0.21489361455183320000       -5.30848350840906669000       -0.07649827295036572000       -0.92825349856996620000        0.02452597346959007000       -8.61736031515533085000        1.27473980969448952000       11.24482366012166246000       -1.01345240594802743000        2.51422262604821878000      -10.37707844695395742000        0.75322750933916649000        0.31968225265403827000       -9.30167265511316010000       -3.80729010779611121000       -1.74857437798701731000        5.45496691480965445000       -5.99950372244269925000       -4.59533267580736737000       -1.15690185845025040000        0.75230334493431661000       -3.80834964635464601000       -0.57385508560223675000       -0.04943277286843113000       -0.51372114628383370000        1.06064322809597589000        0.27186042395230309000       -0.11016968293380393000        2.16042930437491432000      -29.13697991930164830000       -0.42614378106639927000       -4.29997902867146387000       -1.54416336307134761000       -1.78514623484095680000       -1.23657923348584542000       -9.75989028405089876000        0.45082549966023833000        9.78440613066708487000       -3.02685217904004533000        1.77787518359879981000       -8.45199858260765424000        0.77970214258140447000        1.09004348061685885000       -9.55707898611647266000       -1.88826806381333312000       -2.13526593826065492000        5.68555164276137326000       -6.44201101178569058000       -2.75092154873391426000       -1.23706060071736479000       -0.04246419416151814000       -3.32614007466555384000        0.58200433138842711000       -1.03499398965954259000       -1.38525474110260127000        1.10450214877130204000        2.35178275921503266000        0.54117387231345981000        2.69068402969866849000      -24.55191513468448150000       -1.12288574885093828000       -2.49337154588092824000       -2.80473697541615596000       -2.53590343572468724000       -2.50573713707612677000      -10.60652048591512830000        0.48052290973680778000        7.53385536936114608000       -4.64601531487102193000        0.41551363168757044000       -6.35805314034459013000        0.55430383147021700000        1.17595306554259271000       -9.36126804236851662000        0.01440902357245696000       -2.23225632040260802000        5.39647319879203113000       -6.93307068699923867000       -0.86597664610372516000       -1.24077443218882966000       -0.97238277504337389000       -2.16262121042001398000        1.61877969094939211000       -1.61395176171691213000       -1.86213987664564451000        1.18851532346594602000        4.14892754765367844000        1.10894363679517127000        2.95909235450382058000      -19.10569288589434930000       -1.67074543968976741000       -0.79753385552709311000       -4.34652467754369365000       -2.94014440387399034000       -4.06681692599974465000      -11.44011773956803246000        0.91596030539447570000        3.90944829186059328000       -5.50722343832611116000       -0.83857913352833302000       -4.18268249971126060000        0.05299673742825299000        1.16839944048261701000       -8.89558808254306399000        1.94613341090039960000       -2.22052831712474275000        5.12995029716217665000       -8.38203346778992753000        0.93873435039865039000       -1.11047826336565003000       -1.43318011074341456000       -1.62674647204925393000        2.33479883098457197000       -2.45097050787908621000       -1.43351403352231666000        1.15811755630772018000        5.49569251186117569000        1.44964695443865677000        3.14067235107061471000      -12.96356222115156065000       -2.82257236591257454000        0.42330101871658654000       -5.47880593385620163000       -2.59124712497573473000       -5.32549903052278761000      -11.72563111566052640000        1.19512646720207893000        1.09622627358232627000       -5.99256920836449414000       -2.15056685863845232000       -2.94809490242921379000       -0.93906755718988344000        1.41119857251254088000       -7.42213228534673686000        4.07488309924655301000       -1.99668036914160218000        5.36345231553305801000       -9.01112500200214583000        2.41249467656931893000       -0.82356574390298576000       -1.85910454940099279000       -1.01311190749973701000        2.79981008367133555000       -2.88222027198360431000       -1.06794329779091779000        1.04459769405804459000        6.90995087844272149000        1.77959720655108700000        3.04393018301466389000       -6.45509456932836212000       -3.47868553175760775000        1.57355390004958617000       -6.06857031048021334000       -1.80759017310438952000       -6.51935926572462243000      -11.06310948833019836000        0.90806717413993876000       -2.21775131225177224000       -6.35422831827441037000       -2.93162470175172807000       -1.48889007270905505000       -1.96931249440153455000        1.42793054762416438000       -5.44715377340899920000        5.95708403194133140000       -1.59593462531513741000        4.72224270820141001000       -7.36395075532091425000        2.50490730508095272000       -0.42779617655845631000       -1.60067615581234834000       -0.51512965378947351000        2.53627341775350645000       -2.59195068641110371000       -1.11222404938735342000        0.81420953263813522000        6.20965741357514744000        2.14959583275574095000        2.37948900285151010000        2.55316104352816264000       -3.08222295767200638000        2.17084497825734823000       -6.51708164601930573000       -1.04860881848825338000       -6.89357195401761924000       -7.35903632576182343000       -0.08457844137305709000       -5.05059186814364303000       -7.47472596413436818000       -2.01228068936112869000        0.77935322519418859000       -2.71249274469542856000        1.16411895733012449000       -2.76541108087447496000        7.48346643729258432000       -1.12318085950405155000        3.22021938825958864000       -7.49513481365990319000        2.90176514530855734000        0.13091325666386541000       -1.56624237430570257000        0.22870459038594945000        2.05359182294524567000       -2.69538705759882724000       -1.11956494360869052000        0.62799717202365879000        3.87695216162354850000        2.39802704869377292000        2.11630873434499289000        9.33642508704411789000       -2.43696119584016602000        2.60353236483871919000       -6.68555566464972362000       -1.08443690312534335000       -6.79871213847657874000       -5.60170280714245550000        1.77477351700391073000       -7.45161894625677590000       -6.68509003708199945000       -1.55875531744624340000        2.89637337543125151000       -3.17094049319816840000        0.79642797721238545000       -0.44665602804254595000        8.56346362215086465000       -0.39478222451929362000        2.47431943656044906000       -7.41874009847267146000        2.67131752488823304000        0.66485817286388849000       -1.51969388091440094000        0.90328517101760752000        1.68069403864295763000       -2.29882577532523058000       -1.13333509165358426000        0.39561348618805842000        2.00815468667561081000        2.48106922818927789000        1.53600212448065454000       14.62482775951053604000       -1.02874786675110674000        3.06730860690746532000       -6.52084522745952988000       -1.61283437326291712000       -5.96997773872973081000       -4.60901436206627224000        3.85344447713556448000       -9.73090558716667253000       -4.68178434221417206000       -0.28491942936570386000        5.06708096357538018000       -3.26968366126083421000        0.45453019321886090000        1.96429333005149309000        8.68157866516833998000        0.36204658387833011000        1.45713548600885034000       -6.07724566765034790000        2.43662076205526334000        1.09202359092735368000       -1.03729462585277887000        0.82927907751372731000        1.20148432354475010000       -2.30417058909607597000       -1.03388826237944631000       -0.09483305326253816000        0.34717435556138160000        2.45604552837395307000        0.88212056385854598000       21.85634544890938360000        0.46742706073900098000        3.29293035427076131000       -6.18784425659484771000       -1.85310075333224078000       -4.44392057726400047000       -2.38066756149806302000        4.31057926899441224000      -10.79256575166359156000       -3.20357819518829912000        0.82800020736193813000        7.03718869185191398000       -3.13157920466645434000        0.56409156198779120000        5.00382030574255321000        8.40148020172896715000        1.01600125033775912000        0.24777788882545665000       -6.85660319605889956000        2.96418080755653079000        1.16691379655746941000       -1.15879469579053640000        1.46814130225971406000        1.17786295303948862000       -2.39717607013889156000       -0.57225576905918818000       -0.47146183445306278000       -0.32576423226006940000        2.23344420114034348000        0.54337917122986201000       25.34286878371618100000        2.49047491812332789000        3.73822178304617347000       -4.89636622800679167000       -1.67585379578050087000       -4.34393434889272712000       -2.06509577511938369000        6.28571712791252146000      -13.66364602272211748000       -1.36724542043250175000        1.60067705580721809000        8.11494402564199646000       -2.85794193704930777000        1.14682439793389013000        7.36647380318478540000        8.54428024528333552000        1.45400939634240500000       -0.98816885931761045000       -6.98643160730663659000        3.30430704852336588000        1.13404341606568848000       -0.81180578242106716000        2.44259461514816856000        0.67020142538227678000       -2.59916706779051143000        0.10714107295103713000       -0.57485584877612561000       -1.18536966697675727000        1.71571098730469895000        0.69959704688498392000       28.04280820610978610000        3.83595043101611877000        3.31001891025002593000       -3.57910961720159859000       -1.13173675771099158000       -4.48957415111003932000       -1.90730298563615186000        8.11834261772556332000      -15.88948777363627585000        0.98542491022846446000        1.93592424692083043000        8.38248022363826095000       -2.34152578808571521000        2.03798985452005610000       10.04113173574551965000        8.52020568106825848000        1.98496641308021782000       -1.90293748095272819000       -5.67241292528744800000        3.89993359062419298000        1.06108014929968153000       -0.69804222441069752000        2.23495802019180712000        0.43990992699138315000       -2.88729165108249664000        0.90585029169739673000       -0.80595999879635816000       -1.01397490743610574000        1.32986286838301471000        0.97644133167185321000       32.92434506685682290000        5.01189476668036349000        3.23251505295977504000       -2.31747648971099318000       -0.22280357820781860000       -4.08892759672641493000       -1.07985663322830661000        7.40526516946811420000      -16.61067996303847850000        2.73738159115795465000        1.19869919381376944000        8.58345915167917362000       -1.84293370134533241000        3.29063958652211319000       12.49080284608980840000        7.94443943895231630000        2.16218511447878470000       -3.08056829702812651000       -5.81352039199058179000        3.33117785229959784000        1.15385499653949131000       -0.09746951429181511000        2.24953315133057918000       -0.25640559843657679000       -2.17411550317195701000        1.45238838903566059000       -0.70872766898364459000       -4.38361675352582658000        0.76732577335115459000        1.03622514640030916000       35.05087816081584150000        5.45508755003910295000        2.70034113650056673000       -0.52560379468167884000        0.23994884192495661000       -3.51886247873737812000        0.16506165370493958000        8.72276523830877437000      -15.53349548133381930000        4.58369757760648877000        0.59654225670998084000        6.66081974864427195000       -1.77206792133932267000        4.47806350838937917000       14.96401399719927383000        6.80785021528034928000        2.22095337592065745000       -3.60754210939429809000       -6.52993831759418875000        3.34975046383900743000        0.97353417363694006000       -0.02548965076064860000        2.41625925249648699000       -0.86214505105583428000       -1.68430733902219276000        2.29090613237035257000       -0.56799319376300761000       -6.83816254318354666000        0.22405222019569468000        1.14914382819269600000       32.85806973771369140000        6.26359143787988692000        2.28494684783117297000        1.08621257335789378000        0.88231709896049204000       -2.78392130946964444000        0.42089180042681429000       10.03375330209610183000      -14.84039851905426843000        6.14303327277955891000        0.17461348800999271000        4.10617338348098659000       -1.52797045290543054000        5.07314058594385386000       15.23294036939816287000        6.01827920052127308000        2.19511293636264737000       -2.99828250067698932000       -5.08651640200193711000        3.28435367908329212000        0.60335144545615116000        0.21356471633204710000        2.68867740678270639000       -1.55747685003017011000       -1.54234686375824714000        2.52608151818971161000       -0.65745739702426775000       -8.49830643460533608000       -0.14832601769269405000        1.02203421491234403000       32.82678495208824640000        6.66047124473654684000        1.40404474759708875000        1.94904126945126421000        1.87512721585292907000       -1.35965223538049784000        1.38151745044661634000        9.71450876345646819000      -13.77940214457899870000        6.77111942311843062000       -0.84058007788788602000        2.44700356567397082000       -0.97255550883253372000        5.50932887608887079000       15.28218490287566134000        5.51494279663514320000        2.11684381538668331000       -2.53678321551182773000       -2.14251645557473491000        2.99868697961843589000        0.34941931682075339000        0.19567519658308488000        3.13757162007641011000       -1.94670285557985090000       -1.15118975101759546000        2.04022389843393670000       -0.82786644832891332000       -8.90499330997442584000       -0.24439592408988300000        0.69954175827920106000       33.61466692264327350000        6.67835701600885656000        0.74157430584268191000        2.57630705418507056000        2.83913899722168361000        0.45063473520245306000        1.89592156526043598000        7.88971170428367330000      -12.94277216182971735000        7.08359475016743278000       -2.66564540399220906000        1.16901395655594853000       -0.37027159785696123000        5.93031517836538580000       15.09080517483709904000        4.72464431289131603000        1.90160624429653558000       -2.71897253053365606000        0.03747125940391720000        1.81171585767626797000        0.18520521215319813000        0.52850071843938595000        2.60423744066411400000       -2.12362578351422826000       -0.23965539086661902000        1.95243480294089355000       -0.90593747603955987000       -8.53565480265346643000       -0.56775457359333747000        0.06003292318039021000       30.13470811087405470000        5.61906647047559638000       -0.01134970571089688000        3.82076384162640092000        3.52011530454168398000        2.56387930291580268000        2.24696577639422257000        4.91329561446323737000      -10.19225672220524004000        6.71742234421791728000       -3.77761046043767834000       -2.07136525063139620000       -0.15740433314281840000        6.76876613396026094000       13.69130448231189590000        3.65312860529935168000        1.61243012762937088000       -1.92495867000674337000       -0.58357708476395520000        0.76410877382104536000       -0.20783958369878255000        0.50461242150153818000        2.57095259659842501000       -2.00192876744386750000        1.20182094576191423000        1.81035974333185323000       -0.51749760082119822000       -9.07697481819868379000       -1.08378770332103347000       -0.33700602965927490000       22.88964766470864380000        4.25904974218940247000       -0.37612973849770098000        5.03833587880371336000        2.80570325710667978000        2.57644676135650608000        1.13803087080189358000        5.33720549097149366000       -7.49471598957752416000        6.70873822434211498000       -4.04364630622953314000       -4.59357614919138246000       -0.00464899213929030000        7.61860240120664756000       11.27189340299833553000        2.43010832339446603000        1.42143269920727144000       -0.86990746950832765000       -0.91986260727706060000        0.71262248829543484000       -0.97548579318939943000        0.19457742365842973000        2.95368808869139210000       -1.52731524345744973000        1.64317452249519946000        1.71506281622814671000       -0.16469282645708233000       -6.64279837237291293000       -1.40937566393205205000       -0.40603441539567625000       14.62699672436305320000        2.57913352479210278000       -0.68341064455859590000        5.93460546967440461000        2.89790846640952671000        1.60810663897761219000        0.23023607753839809000        4.53930006403038178000       -6.58139556495108913000        5.52095526227774336000       -4.21757785067533231000       -5.81823879282093603000        0.15807361884838014000        7.69025443594112623000        8.34963325775479070000        2.16784899921786289000        1.34708300712152695000       -0.27155935695418498000       -1.36150763080272097000        1.04426502074941485000       -0.98846949849263288000       -0.15594647892372118000        3.22399596078862594000       -1.19171053083962297000        2.00301742753034917000        0.79725607823726041000        0.06653840325936093000       -9.16771135563074679000       -1.33399905745229441000       -0.42383687247074742000       10.41420733952397626000        0.99887959530516157000       -0.27162664254784780000        5.81953890862918222000        2.30091955975744744000        1.00244578252390171000        0.52362230225178563000        5.43064003310382848000       -3.35864795546988804000        3.99443007339399037000       -5.61249043149587745000       -6.91017311557629998000        0.10447744437176902000        7.05403429773528678000        5.48969295406726854000        1.32666932828544826000        1.01585747250376190000        0.62720666154169058000       -1.44773794335168837000        1.87935151024330072000       -0.94580474925750513000       -0.63293679133898706000        1.74341025451735732000       -0.36902976290714246000        1.05555615014302062000        0.83003441205680939000        0.07653972382888101000       -6.08755243812374047000       -1.10720955771476604000       -0.07458350892285319000        7.01729056526307193000       -1.14452807350000585000       -0.01919532487669217000        5.23392526699072125000        2.56866881252383239000        0.95545264459719426000       -0.73496857473683030000        2.52079145515743441000        0.16262006029110262000        2.66143724835320139000       -7.26228774907770269000       -7.51125167878219902000        0.05780508789922115000        6.51089362671638039000        2.78504927646209088000        0.85690043370080038000        0.73238542355856151000        1.72502881282841991000       -1.91957758956238633000        0.64101885393161950000       -0.84866498037144456000       -0.48667058951738618000        0.87764404801673912000        0.73733212311148999000        1.74836255497692572000        0.77708901212353754000        0.55675106375201711000       -3.81965558503736080000       -0.98582925196211468000       -0.26609340000920095000        0.66285926670541495000       -2.11345695377958576000        0.30437950210046577000        4.89857883934749339000        1.72186336475646651000        0.27457770287479083000       -2.02039028595275649000        0.86936672379042568000        2.23177966847795650000        1.55603123511714481000       -5.57907389732800585000       -8.28241481872491470000        0.18030052709283037000        6.02108052429285223000        0.61893383799096180000       -0.40665597405843634000        0.17853437408433576000        2.13353030375364749000       -2.07216552350653638000       -1.40400268003454509000       -0.89235110491457470000        0.10940659365882408000        0.00808941675068847000        1.30089654524531895000        2.47385003473310983000        0.32355945710311695000        0.94554070264508705000       -3.14462160313378147000       -0.68117999303733789000       -0.62952228094605334000       -2.24133132707410887000       -2.79095293234255104000       -0.08199563369777188000        4.13268589453653501000        1.25006516123915112000       -0.59673163054702705000       -1.51318347559899036000        0.32029276918715471000        4.40132598532549490000       -0.07633479089560186000       -2.98971348948263493000       -6.46521735054919322000        0.34887179929920614000        4.73942591179760520000       -0.25208958216570032000       -0.91889432187906195000       -0.22886279451146782000        1.51517554788637288000       -2.47341893697505677000       -1.50940826060004296000       -0.82067546666077096000       -0.64195349905140986000       -0.69984886062770291000        1.72951834557161921000        2.29928984946815440000       -0.03397593338612573000        1.16036113449145928000       -0.38115923356490417000       -0.03867384778262461000       -0.43526217215999224000       -3.87978327596556172000       -4.20546511889222607000       -0.04561584246992172000        2.98911890673238201000        0.95293621232672920000       -0.95005498577895986000       -2.55250444349519068000       -0.30539157385980698000        4.78024058701136045000       -0.38469797123936272000       -3.16420390477988978000       -4.19697522303608661000        0.08562462007537680000        2.99256602921985904000       -1.23290848879494486000       -0.94828528347927066000       -0.35060153554794937000        1.04562219256369637000       -1.71473498706181426000       -0.89754862051329110000       -0.89096199094353523000       -1.16171836960410491000       -2.17216566966589264000        2.70063679416459879000        0.71683551818691937000       -0.08784488802864407000        1.13173453944685320000        4.63553879161333882000        0.74255371293485639000        0.31532477372157269000       -1.88041297066904578000       -4.74458617455551845000        0.55011195123452616000        0.92620160393256579000        0.54827317552582566000       -0.67573505425022307000       -4.15187885821624203000       -2.99863289202918937000        5.07282479531252228000       -1.13961052214218705000       -3.05334301433379229000       -0.68084262058522260000        0.48962973166750129000        1.71039166417677069000       -1.59041152125717633000       -0.49116536080128942000       -0.68375032767978117000        0.76353097703210049000       -1.55380442617112524000       -1.00943503912335042000       -0.64370671091626519000       -1.11260829926321780000       -2.98233865680627153000        3.44986477637864564000        0.46185670934758588000       -0.24088392655363555000        1.19140858438026687000        5.22077222848704547000        1.10723304146865265000        0.29878237231759741000       -1.15911086577802669000       -3.96648920380718728000        1.91481922998714671000       -1.07813051719914443000       -1.12252916513843370000       -0.38802978995946374000       -4.10033304912214547000       -3.72814822751960362000        6.07362430656053398000       -2.31900186862320368000       -0.69005734770096738000        0.96732415764801372000        0.83415978398767954000        0.70221504822777969000       -2.42594734228592568000       -0.57731568081206774000       -1.15622118865743784000        1.43675699438352966000       -1.90879879030816557000       -0.60019482330761198000       -0.19586222717890234000       -1.39257947989491337000       -2.71665256730184357000        3.35726331926179622000        0.77934371814867487000       -0.03069033095803710000        1.26161122617795995000        5.11424562385610670000        1.15173221121594826000       -0.08637931342610478000       -2.16646623534435490000       -3.41984039643158555000        2.98295104325568827000       -2.14206211674786795000       -2.11676613830694738000       -0.82642147146207690000       -3.37258102801130422000       -3.82974087249297446000        4.99613880455715620000       -3.38074273289218530000        1.35912276356986017000        1.08236785223996868000        0.61205238447705057000       -0.07953377535778056000       -3.43539985184428609000       -0.02555477989522584000       -1.16649618995524662000        2.20763438306296367000