11         8         5        48        56
        0.00    0
       1.040550       1.040550      60.998700      60.998700      60.998700      60.998700      60.998700      60.998700      60.998700      60.998700      60.998700      60.998700      60.998700      60.998700      60.998700      60.998700      60.998700      60.998700      60.998700      60.998700      60.998700      60.998700      60.998700      60.998700      58.803150      60.998700      61.488000      59.901450      60.073650      58.803150      60.998700      60.998700      60.998700      60.998700      60.998700      60.998700      60.998700      60.998700      60.998700      60.998700      60.998700      60.998700      60.998700      60.998700      60.998700      60.998700      60.998700      60.998700      60.998700      60.998700      60.998700      60.998700      60.998700      60.998700      60.998700      60.998700
      -0.403200      -0.484000       0.121600       0.162400       0.220000       0.186400       0.186400       0.153600       0.121600       0.122400       0.122400       0.122400       0.122400       0.122400       0.122400       0.122400       0.122400       0.122400       0.122400       0.122400       0.122400       0.122400       0.122400       0.122400       0.122400       0.122400       0.122400       0.122400       0.122400       0.122400       0.122400       0.122400       0.122400       0.122400       0.122400       0.122400       0.122400       0.122400       0.122400       0.122400       0.122400       0.122400       0.122400       0.122400       0.122400       0.220000       0.220000       0.220000       0.220000       0.220000       0.238400       0.238400       0.238400       0.251200       0.251200       0.251200
       -0.20599999999999999000
        0.09000000000000000000
       -0.25600000000000001000
        0.35799999999999998000
       -0.33400000000000002000
       -0.00600000000000000000
        0.09200000000000000000
        0.30800000000000000000
       -0.21800000000000000000
        0.16000000000000000000
       -0.46400000000000002000
        0.06200000000000000000
       -0.53539999999999999000
        0.10600000000000000000
       -0.29999999999999999000
        0.25800000000000001000
       -0.28199999999999997000
       -1.61099999999999999000
        0.09000000000000000000
        0.08000000000000000000
       -0.36799999999999999000
        0.03200000000000000000
       -0.70760000000000001000
        0.01400000000000000000
       -1.66359999999999997000
        0.05200000000000000000
        0.39400000000000002000
        0.37400000000000000000
        0.28000000000000003000
        0.22000000000000000000
        0.07600000000000000000
       -0.06400000000000000000
       -0.12800000000000000000
        0.37000000000000000000
       -1.90379999999999994000
       -0.38479999999999998000
        0.24600000000000000000
       -1.22280000000000011000
       -0.12400000000000000000
       -0.22800000000000001000
        0.06800000000000000000
       -0.01600000000000000000
        0.31000000000000000000
       -0.28000000000000003000
        0.08799999999999999000
        0.25800000000000001000
        0.15400000000000000000
       -0.09200000000000000000
       -1.51140000000000008000
        0.39600000000000002000
        1.61401813445993048000        0.05574888355585582000       -0.43193391564716899000       -0.10598510561698672000       -0.29724626431210222000        0.26644813344454082000        1.58624046928385964000        0.10150963564720233000       -0.30761639175590266000       -0.12592566773557429000       -0.27560457319615572000        0.27360685428240289000        1.49007896689150532000        0.15887577222178162000       -0.18735069919824585000       -0.14426271281366618000       -0.28585987998920120000        0.26947143881703856000        1.36412178299391740000        0.23999548540499066000       -0.06991605158584478000       -0.18128610430738568000       -0.28922115324213771000        0.26408248571611426000        1.26635336708611979000        0.32572863243883154000        0.05671153357179986000       -0.24319493181616597000       -0.22879953359842606000        0.26508006780123106000        1.15325553031126327000        0.40258394764059924000        0.18826451136095451000       -0.30994612422789158000       -0.14985481117859106000        0.26287593499834383000        1.00169610325438363000        0.47893623459931212000        0.31699962478402433000       -0.37938682219618702000       -0.07824717479365483000        0.25437546442523423000        0.80489676346422201000        0.55472617233368815000        0.44578097536494854000       -0.45500972789362620000       -0.01819301194137008000        0.23906086413283820000        0.54912510138123760000        0.62782013966542771000        0.56598703830251229000       -0.52410148400067813000        0.00732187502489941000        0.21281466393953039000        0.29212648707713490000        0.68316960772936408000        0.68489829615019926000       -0.58847258139134617000        0.04610926886055201000        0.18302345064083542000        0.03502239553304071000        0.71142036687418919000        0.79917869257370289000       -0.63805606299809270000        0.08875360487362575000        0.14791364960619932000       -0.27677815927714938000        0.73480215516002290000        0.88956944453379660000       -0.66921590567549560000        0.07495457824497810000        0.10160977335936291000       -0.62329578503311822000        0.75887775808328328000        0.95717722639378988000       -0.68815211777674801000        0.02195073488756247000        0.04822094693897782000       -0.96056234461694867000        0.78495809551249895000        0.99706850853177653000       -0.70145328652230743000       -0.04023204688999744000       -0.00460455660338130000       -1.26554055369911445000        0.80192047650995291000        1.01967849116902887000       -0.71312487123389312000       -0.08495328631818787000       -0.05470121185059550000       -1.54119115757148406000        0.79910695627718220000        1.03168598009381784000       -0.71762128569941452000       -0.11362461484799399000       -0.10367868317379450000       -1.85860614835197069000        0.79568659057855684000        1.11357600076051799000       -0.75122470204345959000       -0.10022778792371771000       -0.07983351070046871000       -1.96539922623865682000        0.65178055016638226000        1.07334999944726994000       -0.66883700080652619000       -0.07081145277197730000       -0.20642900576566134000       -2.12337506367149453000        0.49475735135657778000        1.08545325735642573000       -0.58619352180523232000       -0.04916351856538351000       -0.28048723067144488000       -2.38487926121133276000        0.33528195490677493000        1.14385726661376874000       -0.50564361445377881000       -0.05495808234584727000       -0.30139119300756412000       -2.51423052616840481000        0.14689442444525652000        1.12822473967299786000       -0.38148661751173363000       -0.06831783382583655000       -0.36607256145795852000       -2.71547385184123513000       -0.02269844336331449000        1.12354168656237485000       -0.26266531648040553000       -0.10958559277819048000       -0.38726736803530781000       -2.60918933853927948000       -0.15406477952834477000        0.97489077858577111000       -0.13397643941896512000       -0.13358422192047306000       -0.47764599000743757000       -2.59815003569097724000       -0.24211308688721087000        0.85605323614140849000       -0.04156580136778565000       -0.16262531793925153000       -0.49776808940329226000       -2.48779197974149646000       -0.30758955518595582000        0.71952204303719669000        0.02688883909728946000       -0.14082401184525867000       -0.49759531435823839000       -2.30526139798439234000       -0.36294453944721622000        0.57604015817740162000        0.07620987000299283000       -0.08134815706299557000       -0.48284576571181981000       -2.09817011382895124000       -0.42384128289584605000        0.43349313044184362000        0.12437268739986995000       -0.01974347929681679000       -0.46451953274498486000       -1.87581666562458516000       -0.50130554826793161000        0.29966222216123495000        0.18115222761816796000        0.03527444639332053000       -0.44565887685034644000       -1.63151080896894607000       -0.58352288020653775000        0.17348036251426491000        0.23418331396608541000        0.09190430878061560000       -0.42199586651825605000       -1.43337498334172753000       -0.63350105037593207000        0.02755318054100577000        0.28647896133078915000        0.07722449399013809000       -0.40000068555404883000       -1.21383044012261854000       -0.65824413166596996000       -0.12371080277502253000        0.32392933205533775000        0.06003952152360143000       -0.36910932517594702000       -0.96430500789361029000       -0.66198677972394571000       -0.27091878601424979000        0.33962151617800801000        0.05919859676338608000       -0.32858279949179009000       -0.73472604672807562000       -0.63145728655859645000       -0.41758352794737985000        0.33662269923950688000        0.03320888469153828000       -0.28429778945578343000       -0.48011863447599146000       -0.59510211147338798000       -0.54210060561342654000        0.31582171376667845000        0.03291189338615622000       -0.23367491682330815000       -0.21589952113506691000       -0.57067022024580460000       -0.63989503995944763000        0.29245535138982931000        0.04784507830834613000       -0.18186260386278552000        0.01986188672687214000       -0.54044892854734428000       -0.72757548366004443000        0.26987050664424328000        0.03519663495973210000       -0.13241109378083621000        0.21518686665339012000       -0.49051512959649168000       -0.81167733784734175000        0.24345314073012372000       -0.01637313114515477000       -0.08642180450140109000        0.39921759019867847000       -0.44213430531107006000       -0.87260544104496929000        0.21400490383874859000       -0.06673891810031489000       -0.04581165525230675000        0.58506998305531910000       -0.39964688421779632000       -0.90818110161575472000        0.18150229478781515000       -0.10165509391657959000       -0.00151753827086693000        0.75283701882194798000       -0.34970130159744489000       -0.93182203216009352000        0.14479619780198388000       -0.14533093622690021000        0.04099371065149127000        0.88215906319811244000       -0.28232003086516488000       -0.94266614842428520000        0.10240164487849719000       -0.20960737224636236000        0.07959716448317050000        1.03994786797376992000       -0.21939994460270970000       -0.92583327566282037000        0.04857538127449428000       -0.22574897758697046000        0.12212209643043047000        1.18555560417359418000       -0.18395576772830488000       -0.86960569609587846000        0.00234519500024849000       -0.21902839147211770000        0.15768956263863032000        1.31398554092175157000       -0.18349149926854780000       -0.77613097798965192000       -0.02507959967986866000       -0.19617330271641992000        0.18593132423146713000        1.40280296808430549000       -0.18136938666883345000       -0.67849258408926993000       -0.04061858009697403000       -0.19353957442408823000        0.20687781714230302000        1.41233936614400335000       -0.13918092826716266000       -0.59845638913278298000       -0.05172262384815273000       -0.25496106762110077000        0.21831610576229096000        1.41611409595481930000       -0.06444527435568442000       -0.52689080493910245000       -0.07550652817033779000       -0.30909765694966368000        0.23318958117501778000        1.43564564886050960000        0.01504327122662381000       -0.44727189233813208000       -0.10833061052362940000       -0.32478161939476297000        0.25019524045031483000