 8         8        25        48        56
        0.00    0
       1.000000       1.000000      58.719000      58.719000      58.719000      58.719000      58.719000      58.719000      58.604000      58.604000      58.604000      58.604000      58.604000      58.604000      58.604000      58.604000      58.604000      58.604000      58.604000      58.604000      58.604000      58.604000      58.604000      58.604000      58.604000      58.604000      58.604000      58.604000      58.604000      58.604000      59.102000      59.102000      59.102000      59.102000      59.102000      59.102000      59.102000      59.102000      59.102000      59.102000      59.102000      59.102000      59.102000      59.102000      59.102000      59.102000      59.102000      59.102000      58.719000      58.719000      58.719000      58.719000      58.604000      58.604000      59.102000      59.102000
      -1.000000      -1.000000       0.152000       0.203000       0.207000       0.233000       0.233000       0.153000       0.152000       0.153000       0.153000       0.153000       0.153000       0.153000       0.153000       0.153000       0.153000       0.153000       0.153000       0.153000       0.153000       0.153000       0.153000       0.153000       0.153000       0.153000       0.153000       0.153000       0.153000       0.153000       0.153000       0.153000       0.134000       0.134000       0.134000       0.134000       0.134000       0.134000       0.134000       0.134000       0.134000       0.134000       0.134000       0.153000       0.153000       0.153000       0.153000       0.207000       0.207000       0.207000       0.207000       0.207000       0.207000       0.207000       0.207000       0.207000
       -0.45600000000000002000
        0.00600000000000000000
       -0.37800000000000000000
        0.13800000000000001000
        0.36399999999999999000
       -0.28799999999999998000
        0.25000000000000000000
        0.04000000000000000000
        0.06200000000000000000
        0.35999999999999999000
        0.32600000000000001000
        0.05800000000000000000
        0.09400000000000000000
        0.06800000000000000000
       -0.06400000000000000000
       -0.34000000000000002000
        0.03000000000000000000
       -0.38400000000000001000
        0.01800000000000000000
       -0.35799999999999998000
        0.18400000000000000000
        0.03000000000000000000
       -0.23000000000000001000
       -0.17799999999999999000
       -0.19200000000000000000
        0.08799999999999999000
       -0.06000000000000000000
        0.09400000000000000000
       -0.19400000000000001000
        0.26600000000000001000
        0.01600000000000000000
        0.09400000000000000000
        0.15200000000000000000
        0.15600000000000000000
        0.10600000000000000000
       -0.25800000000000001000
        0.21199999999999999000
       -0.17999999999999999000
       -0.24199999999999999000
       -0.21400000000000000000
        0.31600000000000000000
        0.00200000000000000000
        0.33200000000000002000
       -0.11200000000000000000
       -0.27400000000000002000
        0.28399999999999997000
       -0.33400000000000002000
       -0.03000000000000000000
       -0.27000000000000002000
       -0.33200000000000002000
       -0.32600000000000001000
        0.09800000000000000000
       -0.23200000000000001000
        0.05200000000000000000
        0.34599999999999997000
       -0.13400000000000001000
       -0.11400000000000000000
        0.37800000000000000000
       -0.03800000000000000000
       -0.26400000000000001000
        0.34200000000000003000
       -0.05200000000000000000
        0.39400000000000002000
       -0.00800000000000000000
        0.20399999999999999000
       -0.05800000000000000000
        0.00400000000000000000
       -0.28799999999999998000
        0.02800000000000000000
        0.05600000000000000000
       -0.40000000000000002000
       -0.07800000000000000000
       -0.31200000000000000000
        0.25600000000000001000
        0.35999999999999999000
        0.39000000000000001000
        0.23799999999999999000
       -0.05600000000000000000
       -0.11799999999999999000
       -0.22000000000000000000
       -0.15600000000000000000
       -0.03000000000000000000
        0.36599999999999999000
       -0.27800000000000002000
        0.15400000000000000000
        0.02800000000000000000
       -0.12400000000000000000
        0.32800000000000001000
       -0.12600000000000000000
       -0.28000000000000003000
        0.02000000000000000000
        0.04600000000000000000
       -0.06000000000000000000
       -0.08400000000000001000
        0.36799999999999999000
       -0.21199999999999999000
        0.26400000000000001000
        0.06600000000000000000
       -0.17599999999999999000
        0.10600000000000000000
       -0.49199999999999999000
        0.01600000000000000000
        0.17599999999999999000
       -0.34000000000000002000
       -0.15200000000000000000
        0.38200000000000001000
        0.33000000000000002000
       -0.00400000000000000000
        0.37200000000000000000
       -0.13000000000000000000
        0.22000000000000000000
        0.03600000000000000000
       -0.35199999999999998000
        0.07600000000000000000
       -0.33800000000000002000
       -0.03600000000000000000
       -0.30199999999999999000
       -0.06600000000000000000
       -0.31800000000000000000
       -0.29599999999999999000
       -0.30800000000000000000
        0.08599999999999999000
        0.35199999999999998000
        0.17399999999999999000
       -0.04400000000000000000
       -0.11200000000000000000
       -0.31800000000000000000
        0.00400000000000000000
        0.22200000000000000000
       -0.13000000000000000000
       -0.25800000000000001000
        0.08599999999999999000
        0.34599999999999997000
        0.37800000000000000000
        0.12200000000000000000
        0.38000000000000000000
       -0.37600000000000000000
        0.35399999999999998000
        0.34599999999999997000
       -0.08599999999999999000
        0.10600000000000000000
       -0.06600000000000000000
        0.05000000000000000000
        0.08799999999999999000
        0.04400000000000000000
        0.32000000000000001000
       -0.08799999999999999000
       -0.37600000000000000000
        0.01400000000000000000
       -0.28399999999999997000
       -0.26000000000000001000
       -0.08799999999999999000
        0.12600000000000000000
        0.34599999999999997000
       -0.27200000000000002000
       -0.20599999999999999000
        0.28399999999999997000
        0.22000000000000000000
        0.39600000000000002000
       -0.35799999999999998000
        0.22600000000000001000
       -0.06000000000000000000
       -0.15400000000000000000
        0.01800000000000000000
       -0.33200000000000002000
       -0.04000000000000000000
        0.30800000000000000000
        0.09000000000000000000
        0.12200000000000000000
       -0.00400000000000000000
       -0.22000000000000000000
        0.08000000000000000000
       -0.25400000000000000000
       -0.29999999999999999000
       -0.27800000000000002000
       -0.21400000000000000000
       -0.13000000000000000000
        0.15400000000000000000
       -0.09400000000000000000
       -0.23599999999999999000
        0.40200000000000002000
        0.04400000000000000000
       -0.24600000000000000000
        0.20000000000000001000
       -0.19800000000000001000
        0.07600000000000000000
        0.21600000000000000000
       -0.30199999999999999000
       -0.30199999999999999000
        0.28399999999999997000
       -0.39800000000000002000
       -0.08599999999999999000
       -0.34599999999999997000
       -0.38400000000000001000
       -0.36799999999999999000
       -0.33800000000000002000
       -0.20399999999999999000
        0.25200000000000000000
        0.23400000000000001000
        0.19200000000000000000
       -0.17999999999999999000
       -0.05200000000000000000
       -0.11000000000000000000
        0.35199999999999998000
        0.13600000000000001000
        0.35399999999999998000
        0.12000000000000000000
       -0.21600000000000000000
       -0.25400000000000000000
        0.18200000000000000000
       -0.31400000000000000000
        0.00200000000000000000
       -0.14399999999999999000
       -0.19800000000000001000
        0.22200000000000000000
       -0.27400000000000002000
       -0.19400000000000001000
       -0.25000000000000000000
       -0.00400000000000000000
        0.30399999999999999000
       -0.26800000000000002000
       -0.02000000000000000000
        0.22600000000000001000
       -0.20999999999999999000
       -0.03200000000000000000
        0.35799999999999998000
        0.11400000000000000000
       -0.01200000000000000000
       -0.22800000000000001000
        0.35999999999999999000
       -0.35999999999999999000
       -0.08799999999999999000
        0.35999999999999999000
        0.09200000000000000000
        0.18600000000000000000
       -0.29599999999999999000
        0.04800000000000000000
        0.37000000000000000000
       -0.31400000000000000000
        0.19000000000000000000
       -0.36799999999999999000
       -0.08400000000000001000
        0.06200000000000000000
        0.16200000000000001000
        0.26200000000000001000
        0.31200000000000000000
       -0.23200000000000001000
       -0.22000000000000000000
        0.17000000000000001000
        0.25000000000000000000
        1.88458607691281999000        2.47565521635413655000        3.09426739002256079000       -0.87937319633238875000        1.26701197775203944000        1.56364050609459504000        3.34102021362343837000       -0.18741832530895941000        1.71072743715252540000       -2.82583492510618628000       -0.40790446995053992000       -1.72340797496990161000       -2.34283334272329702000       -0.19763194189916192000       -4.59290130948915554000        3.20485484646322538000       -3.29372244706596229000        1.24408403118871758000        0.91563445492886630000       -0.55209742910625292000        3.27801563156030751000       -0.15494332392034743000       -0.32248414049219237000       -2.35120087207418127000        0.87011940647842478000       -0.13986636549114714000        2.78951438660153261000        2.39701164117012322000        4.29693409243858326000        0.80201909571647168000        1.55297034577929693000        0.91682468396801109000        3.00000213656152459000        0.34127950263362739000        0.60557578520568334000       -4.50633799321136408000       -0.81300566963643894000       -1.73848997038979025000       -3.64902698246626978000       -0.39373581991572182000       -4.90748602331178319000        3.09167477992796380000       -3.91057621540010114000        0.66346441798105837000       -1.35712914059250878000       -0.84615895212390191000        2.22819427661569858000       -0.54804391755100235000       -0.00547985157052683000       -2.25949243313117565000        1.07188892751755382000       -0.03557441119277012000        3.14082618765687194000        2.62724246001773531000        4.31645432898621895000        1.69774616083409313000        1.47535166924121497000        0.03853079794390744000        2.08124616736457080000        1.08661235037611803000        0.27091076403936631000       -6.62947373189523059000       -0.72596150288108430000       -1.89706127869596064000       -5.06453296348668491000       -0.73143384655447485000       -5.85905587676003048000        2.40114887972481217000       -4.59388628943775235000        0.15452821652136564000       -2.35796127517708465000       -1.35910814257089596000        1.19078448273873705000       -0.72995153058959017000       -0.62626292400953765000       -1.62862829687641653000        1.43655846634986761000        0.03622991126503760000        3.48453351878188755000        3.04979226360065470000        3.80717853775625326000        2.24035167608449104000        1.11021141726330064000       -0.62701507054476502000        0.91262995245428491000        1.63460023160306966000        0.13023151183648393000       -8.53095843472762105000       -0.55488594891404375000       -1.91564457680956646000       -5.88150143482314203000       -0.66122380512462275000       -6.41242910937895694000        1.28587289810085270000       -4.64371250772586119000       -0.30060989618085787000       -3.23105863562785300000       -1.78040803055093777000        0.71807145594016419000       -0.50859609734377920000       -0.78353800418158648000       -1.00424576590735337000        0.95788433384685701000        0.34769048137971731000        4.06708800261720516000        3.15563627890525744000        2.54814577285361654000        3.22147202358170093000        1.09540052729571502000       -1.52017963519980759000       -0.61226154869143012000        2.31875334969861813000       -0.39971714890791549000      -10.37484006479871113000       -0.43161687485794559000       -1.65150952174567722000       -6.96968514901683545000       -0.48784186267457980000       -6.93206044424372791000        0.17623336530044786000       -4.59713800941885253000       -0.99123241774483939000       -4.28805174716466109000       -2.10651043685141293000       -0.43243952150318771000       -0.09634819324201811000       -0.52718590770945239000       -0.42705399486263551000        0.57408813991265073000        0.87219740897393772000        4.64345292531022924000        2.98670697154518194000        1.66189305118743547000        4.22483244524291290000        1.22188426049695975000       -2.04586636096292906000       -2.27116721620118422000        2.86821439807212242000       -0.93161131775833739000      -11.46988647873831368000       -0.41149520583199223000       -1.18506786073610781000       -7.58085903114947346000       -0.29176860803582993000       -6.38165124888406687000       -0.63095861403678533000       -3.96718794935436581000       -1.86246973263160776000       -5.00246753743554695000       -2.16667416522111278000       -2.09384129184014878000        0.39925296375091579000        0.14874449209837270000        0.42315359771926170000        0.58674063035956325000        1.55325784252332277000        4.93013473803893643000        2.89054485941992079000        0.77770832111790367000        4.45561884163288102000        1.18783748648397069000       -2.69295310127101706000       -4.39806485545163373000        2.94158097248758166000       -0.73683554895398307000      -11.08397155186604976000       -0.34676744175387231000       -0.89219762138406300000       -7.08653979616657548000       -0.19498407143374707000       -4.90245548020629585000       -1.31599059748616609000       -2.41573238426497916000       -2.42796912850874724000       -5.29035604606365251000       -2.19660708888944090000       -2.91454081478063820000        1.30135645379358711000        0.41889845363990297000        1.33849631033914052000        0.69321650515241529000        2.37059733805600503000        5.07598630448546473000        2.62583589379587146000        0.40906453356780403000        3.84401343053372990000        1.23624834076207235000       -3.29333670803742518000       -6.56225054049325873000        2.41406055340517156000       -0.12293751841268988000       -9.04546782165928320000       -0.26293738374688219000       -0.64150837016228690000       -5.28817788054685600000       -0.07163754117208398000       -2.44511462433345361000       -1.75775585082928720000       -0.35387062248711876000       -2.63429547117373497000       -5.37599853976730202000       -2.05551217562929844000       -2.56702624166220650000        2.32984567814671628000        0.49342675035102840000        2.11276386366929936000        0.53631186750738846000        3.26169405721425765000        4.38759674706376312000        2.92272029144640344000       -0.87693117164366019000        2.68379622709687426000        0.50897884296562590000       -3.61637961318626910000       -8.66062552697649934000        1.80582616078171276000        0.99053307634965249000       -6.71621585374109031000        0.07040568771332437000       -0.52141694177904874000       -2.86056627353255832000        0.30735855680894580000       -1.01089311049441233000       -2.69854450201978890000        1.66037875285845615000       -2.34106587444593783000       -4.34181538637957765000       -2.07790413691937914000       -1.59547666222230089000        3.36113877925314908000        0.62255963946911841000        2.24898808187638055000        0.03139809237441079000        3.92929721169290325000        3.79606238090073411000        3.02089155362759465000       -1.78690719029815392000        1.15211641321622427000       -0.04945680677144899000       -3.86717826938718723000       -9.96459754209322668000        1.15090381286592436000        1.71113994375194767000       -4.17130033695908509000        0.45139042256214051000       -0.27194630398326053000       -0.75404493912112280000        0.62481342797905792000        0.81486548642964562000       -3.41546706925230925000        3.10178857437691313000       -2.00842537079181005000       -3.23333533474422064000       -1.79061695230596518000       -0.69519864625470984000        3.80654567590573789000        0.53351812005409871000        2.79413878774359592000       -0.59780392701875962000        4.24991138684023095000        3.46481208692339893000        2.75729366189350689000       -2.03874822177658110000       -0.36849752858612406000       -0.10321405250076014000       -3.99926510229871113000      -10.60915592474370506000        0.47952720979049329000        2.07744202710522297000       -0.91140181964826650000        0.66197296218114310000        0.07436791346461057000        1.31548656780453421000        0.65917018319902476000        3.29080377260793577000       -3.34065533664751424000        4.38613500317132576000       -1.75179582665033751000       -2.44829099059477473000       -1.17496220289426634000       -0.01914709735650701000        4.06354141482628339000        0.47318613920271768000        3.37809525007507183000       -0.87959019172929998000        4.53463588622237879000        2.72251408775676618000        2.64930920882095045000       -1.59910400412609155000       -1.83964034376446772000       -0.51118577089189898000       -3.89002386244798837000      -10.61725547163776184000        0.06552179224797625000        2.02918369326943804000        2.58769767151837682000        0.77209125075946095000        0.45500875511789413000        3.58747351881164223000        0.93852668313652432000        5.61745291888667086000       -3.31070557813088717000        5.30727924182000077000       -1.39472386138055748000       -1.68249723034782739000       -0.48172701881009616000        0.32724165093343183000        3.82530366629931873000        0.59294443215976167000        3.74733846182585895000       -1.24991219346389304000        4.43362047229333189000        1.51333335742880792000        2.25254035188884538000       -1.48274737294980996000       -2.88265377329503369000       -1.06899084843194858000       -3.56006070644342376000      -10.40689220679702309000       -0.27764504697756298000        1.95459094340786255000        5.79055021945019011000        0.40277648847484288000        0.78230577086908948000        5.65649565449809533000        1.08369271348807605000        7.53148898264261035000       -3.08230335755050922000        6.54486964150906481000       -1.02470486760543134000       -1.03770290605685034000        0.05442800782405760000        0.45028247197500748000        3.78709044017972518000        1.25914337745498961000        3.46680333730058621000       -1.32664044696478323000        4.13220895201403771000        0.61424509976509267000        1.88083534320250267000       -1.01110644804303451000       -4.07324103337308330000       -1.41998079187357762000       -3.03783652675489524000       -9.37245912673077264000       -0.62673243004057622000        1.60968297906436608000        8.60597124014610415000        0.18808424139636098000        0.96896020859176690000        7.09105846721117761000        1.13466323025266780000        9.29540269527677232000       -2.64479557637584639000        6.95332210503085513000       -0.59082065700237663000       -0.14076219436723519000        0.64644739831035702000        0.41001004684384618000        3.29103014570486740000        1.58406741631188464000        3.46898231844255056000       -1.56674461346829719000        3.46271702651135183000       -0.30147389455376100000        1.09774436905426498000       -0.40181671214670189000       -4.65587475563671571000       -1.63640989734761888000       -2.53712012457356417000       -7.49823295022729397000       -0.88131627383725830000        0.58041027408265555000       11.11059165637207791000       -0.14859935518110456000        1.25601859617672917000        7.89131827615589998000        1.31421578022757890000       10.22686318557423490000       -2.33203446042854656000        6.48332813288061693000       -0.13280837052022545000        0.25636818071097434000        1.32039632056703593000        0.03709839607485164000        1.99181369912735051000        1.72549401502542787000        2.98132980845881335000       -1.85699292833528151000        2.23391375849964247000       -1.46176583870027366000        0.27624146469864341000       -0.51490064887277864000       -5.15157737903114565000       -1.92057460031375737000       -2.15792194292281669000       -5.53046166358308078000       -1.06825825256258011000       -0.12126751828123143000       12.72271757807367365000       -0.73042823182085281000        1.33310938407843760000        8.18212990294578724000        1.27360091818281029000       10.08672119993880756000       -1.97278421115750557000        5.79588679090036241000        0.46573225720281458000        0.49808927458202917000        1.78514294157921216000        0.10442520732870755000        0.83185363591579464000        1.86583293785105941000        1.84702528421566137000       -2.10310449383828724000        0.92521140586219353000       -2.17609171245553679000       -0.25839532899419959000       -1.30317299830143862000       -5.87708270698364732000       -1.96441634630698236000       -1.76389120281001643000       -3.28250128938933949000       -1.21480768285228291000       -0.61135519184190257000       13.38365141218470633000       -1.07622449532142039000        1.29706775112686423000        7.98267769170744756000        1.40093448375967178000        8.96205884326822044000       -1.84600525956305339000        4.83673427489040098000        1.20421662205142055000        1.01503878249252377000        1.97470546966824889000        0.66055586883985640000       -0.01347262710005088000        1.93389999218715869000        0.59791536516797916000       -3.07275248210983509000       -0.42649051875799726000       -2.85160885428695376000       -0.42538186161729269000       -2.63475606166344711000       -6.74562990854727929000       -1.95577505369150950000       -1.00107970351734954000       -1.22934894492396540000       -1.07695409793756336000       -0.50877452822363389000       12.85422918499142320000       -1.13098627417069664000        1.23384529957039968000        7.30061396654697692000        1.55995654124772698000        6.76912548045940632000       -1.64527480705237328000        3.55341778920391205000        1.88991374962941805000        2.49232608270778266000        1.77094407820112543000        0.86583999650645549000       -0.35196981302362673000        2.02808872763343118000       -0.61754154092113434000       -3.86395134438470134000       -1.53393736102733680000       -3.42815176981645209000       -0.25063763800793093000       -3.40157095138040155000       -7.21354862859705381000       -2.01932638439200840000       -0.57374427974124642000        0.63559435010535237000       -0.83658154656344230000       -0.15303172793315709000       12.23762602088376816000       -0.94060323452629391000        1.21113082122948468000        6.66765557227504857000        1.97348073806846913000        4.00578492390630281000       -1.42527394362469328000        2.15253920247330965000        2.52710060961243999000        3.68841240959725791000        1.37799679219277604000        1.29959617375074310000       -0.48536520561849311000        1.91678948944391814000       -2.17483148674556359000       -4.60624889835707041000       -2.52176812768588565000       -3.38642782091527117000       -0.16584289806456948000       -2.93541862759797345000       -7.50571527990943732000       -1.55778721622738603000       -0.81285946022829025000        2.43332462866269195000       -0.53436476346694328000       -0.05746151087449927000       11.63724752958557751000       -0.68040945931094154000        1.07921659532879466000        5.65202714511034543000        2.09943714640279611000        1.74731271166113489000       -0.66701373368738326000        0.11879839386387185000        2.93543140540931935000        3.98455757907306118000        1.05674569924123429000        1.79018188696611991000       -0.77703229657103179000        1.22329315461167099000       -3.23105690087579278000       -5.15517952247650779000       -3.35338262031675338000       -3.11421531161754617000       -0.05076612803530964000       -0.77302884558211005000       -7.07826969217069735000       -1.23242169447700034000       -1.32347408304184544000        4.28901144940812529000       -0.01835735732909124000       -0.67233112632261560000       11.00746518181353828000       -0.41374940080797029000        1.09347340251268488000        4.36380256303167169000        2.26647259646600530000        0.34568699693916871000        0.42686748174468497000       -2.60448949196807567000        2.94842072290198010000        3.41805091133283900000        1.01522141531510046000        1.51392589951367862000       -1.70050037465898662000        0.63682018647963956000       -3.80907642148274483000       -5.38123541199830413000       -4.13918588735744208000       -2.93495829365277183000        0.06848839833097217000        1.79969984876389288000       -5.69017614494760515000       -1.07963315206404964000       -1.55921952558779031000        5.72522888537310415000        0.58351925174409802000       -0.92739044671115034000       10.02065305289524666000       -0.23683044756443680000        1.17154407429368312000        2.98282365282013906000        2.05773378377343796000       -0.88770908847027741000        1.68873726978750427000       -4.63947254625960870000        2.55289240925871441000        2.84927909026133541000        1.05305239342886692000        0.54510034062082446000       -2.53596410574016895000        0.25776572664179986000       -4.21736568405912937000       -4.27936561034675389000       -4.56951568328073510000       -2.66710324745941030000        0.11698195861611087000        3.85663973241099001000       -4.09497382146063860000       -0.90419050074111940000       -1.43657253891537762000        6.56193257821262943000        1.00135276530226491000       -0.52075965218749731000        8.12471953537317049000        0.00767487481329102000        1.19980648816139257000        1.56174939203133101000        1.50092488176598682000       -2.11826748068504633000        2.63609842669289884000       -5.70003185941737467000        1.97777512728403626000        2.28083138259802798000        0.97752574891741462000       -0.05791961805806636000       -2.82461618256640046000       -0.28728496849144097000       -4.16773000270596494000       -2.64621674545141561000       -4.43951567877742548000       -2.49283186465071882000        0.30261528308656349000        4.82369709469882935000       -2.68279230269490698000       -0.94267065223440838000       -1.19943895871240080000        6.86315064244780082000        1.22102209148784469000        0.44235207587898628000        5.89627152137870780000        0.22862679436581967000        1.18227011723849551000        0.45196192555120873000        1.00718963672963535000       -3.66088879546183232000        3.24881008594667087000       -5.93039033543476002000        1.54269157892304687000        1.70909694077782381000        0.62099358746901734000        0.12827402838492491000       -2.24553912224831898000       -0.53767306820079241000       -4.44688086925296666000       -1.42043253619196030000       -3.87666206984293771000       -2.39636782006567639000        0.44158376367826851000        4.26972527074346342000       -1.31866611240853593000       -0.93349430233358921000       -1.14320460251938782000        6.44669542916602722000        1.52538644459572947000        1.53245921041819555000        2.61683532359674720000        0.47713586902733407000        1.07446101770445623000       -1.15222345613714650000        0.38890339144498387000       -6.19877726734317136000        3.48497003322074583000       -6.36142557257101870000        1.18507358079827552000        1.24970049148050166000       -0.11299927073122186000        0.52172810370349487000       -1.18386689947069734000       -0.69855244771697822000       -4.74129033526315524000       -0.44310973270959275000       -2.96450434649727379000       -2.05925950669166191000        0.79372356242763786000        3.92792453430919419000       -0.11029090915123749000       -1.06066374281560716000       -1.17815334499774194000        5.85348239369774248000        1.85147988465457147000        2.01890995365633730000       -0.86733265756199818000        0.55813011826563852000        0.81643810748773349000       -2.92525897008963343000       -0.34244417519074677000       -7.96579104142923011000        3.70745120304864084000       -7.16018234549792343000        0.84449174643655800000        0.23677996426688602000       -0.72983004869983814000        0.70907323704046565000       -0.58084814518904837000       -0.53100150796690748000       -4.50738265386719572000        0.23875669389755133000       -1.94996133610094069000       -1.29483211521297870000        1.10269737857823813000        3.31295190962227260000        1.06295077723643105000       -0.95000632293583465000       -0.94875918187166353000        5.07529622612717102000        1.96527446808898421000        2.20680788524400517000       -3.93933830536712071000        0.32503689455168594000        0.49361217606110497000       -4.27943926073088488000       -1.12993320864482105000       -8.88294211181418270000        3.85454175843667901000       -7.26668846203765817000        0.51178622639227556000       -1.14883520713275300000       -1.16164005662080494000        0.89227867140847628000       -0.00519529527678958000        0.21659392658914056000       -4.16460515917754304000        0.73049259346826989000       -0.72081783584255266000       -0.61278966443075300000        1.83824035820250864000        2.44215064823506811000        1.62577554262583357000       -1.03856939584954899000       -0.51284205342780997000        3.70608246130551500000        2.07603939811133387000        2.81440533901760226000       -6.81819121136230244000        0.35270696272246815000        0.15779646087614180000       -4.92036612590696354000       -1.63315478712034312000       -9.33311273780926953000        3.54612854088309604000       -6.64877964821107259000        0.21937485184425529000       -1.81335754023977969000       -1.66830977946246262000        1.12944686136876338000        0.89682148013643148000        0.98843740954418369000       -3.45047311187485528000        1.06807908192333811000        0.72664633340870344000        0.23077727625066813000        2.54852602652978222000        1.48941970669860013000        2.11028718887316646000       -1.00712620427289701000       -0.95973258435530784000        1.90287584131625387000        2.34444034396402889000        2.80210659647638227000       -9.03591309634135875000        0.39189540065595396000       -0.17844358190980938000       -5.65666463276592069000       -2.03914642079064290000       -9.20365417253179174000        3.08305858993406545000       -6.33168694807767185000       -0.12416415453257401000       -2.86248770658564800000       -2.03040502703262815000        0.93499296326497405000        1.44516555372676403000        1.46228220850811885000       -2.29005919274312308000        1.22856881053422762000        2.02933494842328832000        1.19254868496519895000        3.13679655366947774000        0.95043638103813155000        2.58162067250553040000       -0.77348952729890907000       -1.72543125268692710000        0.16682195637893465000        2.73200338093391393000        2.14038682297437566000      -10.88492308648100781000        0.76990073907266265000       -0.39492391576944219000       -6.69402145915287949000       -2.29029435763954448000       -8.88948512767728971000        2.56828363025898421000       -7.08284602360767668000       -0.55794682519553451000       -3.80334830179474359000       -2.13221030190720029000        0.17098741553783089000        1.33035507997085145000        1.37378497490354357000       -0.54721430198879595000        1.38860874809678791000        3.17084222538459182000        2.32909074396954052000        3.79074259129739843000       -0.02058893681781582000        2.58834881259083582000       -0.54766178773355190000       -1.74423143097431943000       -1.11596244925795007000        2.76474996175288146000        1.42219642217252185000      -12.26574032187914476000        0.93090115262481454000       -0.66009504539880259000       -7.15473451869877763000       -2.35799084857779828000       -7.82348238075433322000        1.92699137167976375000       -7.12231073670231929000       -0.85257331124291114000       -4.42938889047215945000       -1.97731286845508980000       -0.36626409619009043000        1.24738750884837901000        1.89124489035177801000        0.93961176735711116000        1.10828930819079763000        4.21415641364069682000        3.31148781622087007000        3.79048150245645177000       -1.07877566127770641000        2.50415649655345973000       -0.02634007320995328000       -2.04610715015142564000       -2.58516145523333352000        2.79326432942521929000        0.69977596541035059000      -12.96475936671810025000        0.76110017946815278000       -0.75013102042550217000       -7.53155995208717588000       -2.61275035717439197000       -5.80930625474046369000        1.44391462440405571000       -6.24945579467475909000       -1.31670469466826767000       -5.20756759601976427000       -1.71691111697846943000       -1.16092337611643837000        1.50736351763849297000        2.26197792843090628000        2.82685983853174116000        1.27153200228438368000        5.19032440087893487000        3.84864826425648854000        4.50294362722579589000       -1.43772445416396377000        1.99999928555047513000       -0.24138108544623210000       -2.28705659372266901000       -4.13014919573285511000        2.68499874620568457000        0.23101945992955314000      -12.11096573489497530000        0.97687134123867025000       -0.70907330681752545000       -6.40925325977242899000       -2.05383690028886656000       -3.57416960596872313000        0.53446963312447904000       -4.94159493423582141000       -1.34787219141881742000       -5.36589467984621304000       -1.50167844548179708000       -1.32124205388043836000        1.75539058159981942000        2.81117812166961434000        4.30624336206884806000        0.74962874337977992000        6.01612473744303333000        3.76653175993126244000        4.55708336165035721000       -3.04754059417182921000        1.71285222337071041000       -0.23053511900210377000       -2.70598014203661741000       -6.11067318830527206000        2.59664012288094703000        0.29530607372694734000      -11.06257599309914319000        0.99319800885195941000       -0.56956768990297058000       -5.42859991154474208000       -1.73477764469423956000       -2.37129232296911008000       -0.38257661301298007000       -3.33670703896816478000       -1.30214464331423763000       -4.81781837154236570000       -1.44710561828126427000       -1.69388541976220308000        2.18573398134779273000        3.08248758090085007000        5.21868660980057264000        1.07336740623947513000        6.69712536573086581000        3.38333731835630003000        4.55998688152536857000       -3.30517038632140414000        1.13990940464360846000       -0.45947448268089380000       -3.44778404432694252000       -7.63056429243329770000        2.53768066503588452000        0.20220712787546966000       -9.44326108425416599000        1.16100695114395647000       -0.52595018208524835000       -4.66590626188362112000       -1.68232789438129582000       -0.47217925328268023000       -0.63993731302295886000       -2.73909768136084031000       -1.25595745353480659000       -4.36734802970079183000       -1.08417596333885968000       -2.10572406865034489000        1.99677127256215026000        2.51942906259829913000        6.61079987702527116000        1.67839650876416968000        7.10176900000507594000        3.25376737126187177000        4.27643178174577088000       -4.64820160519201853000       -0.04953469654873784000       -0.29342495231220289000       -3.70404363066995312000       -8.80921332629171694000        2.09983750298200267000        0.34793311341171501000       -7.40706007970627400000        0.96539127998639673000       -0.46172571237934901000       -3.42216166317558779000       -1.39358215552731224000        1.31225926172832286000       -0.58139571404510737000       -1.73219482147953396000       -0.88783908718458227000       -3.58631671683624509000       -0.76478537395741431000       -1.69965177091671538000        2.56097403506309140000        2.80796582926497118000        7.06340795579660608000        1.27338292843552137000        7.58899080204390852000        2.88683215013721473000        4.28769829993088702000       -6.00929325045824569000       -1.67043638902695402000       -0.40097595128955976000       -3.14112943848970261000       -9.43373311610588239000        1.61105821499992641000        1.10327423766023003000       -5.92393280400651712000        0.99827138817205541000       -0.48060678436395232000       -2.32841498442174410000       -1.06545205963080969000        2.94665906202996775000       -0.40649061682328846000       -0.49279899308361380000       -0.54802524487521698000       -1.61468012453098764000       -0.58042261040832754000       -1.40180954034628913000        3.51959467218946331000        3.02296767522911169000        7.56182191211451915000        0.96014525985440946000        7.85272220622899386000        2.66644261224203616000        4.11736470137193855000       -6.36016860505312120000       -3.04114310144131839000       -0.25052401797029611000       -3.05146810949783243000       -9.59168428742963819000        1.04572217987352967000        1.61144493363035068000       -3.68317781610646566000        1.17793497735513220000       -0.40207318168129369000       -1.26011864632225690000       -0.61038696006507376000        4.49318922601091852000       -0.17680828661788292000        0.42860982460727737000       -0.15561988456096471000       -0.04514479975588318000       -0.35759789265546810000       -0.99797342665848254000        3.98505220721628728000        2.51438598478681463000        7.94616528623005536000        0.81241686657953482000        7.64494703880492832000        2.23313937358884829000        3.99894585336765740000       -5.99883176162311571000       -4.00014471191304111000       -0.23887447112359519000       -2.87590705320952278000       -9.24707067461461563000        0.34298863081011771000        2.17246995419096001000       -0.96495208369114893000        1.32332608308569877000       -0.30124101928081248000        0.12980530035037358000       -0.00124008398441473000        5.36490426219094996000       -0.02376337581378433000        1.24714271153047718000        0.42212598217063019000        1.30054734048405374000       -0.14866065904584017000       -0.21650694500362275000        3.97406747017641049000        1.86980295229213822000        7.50737906420014500000        0.88117588841247152000        7.05063166021790977000        1.94596899519507338000        3.24531018952890804000       -6.18370132774312342000       -4.55706567016426600000        0.24291830105572074000       -2.51284305385851026000       -8.31515121139156932000       -0.41544513009415768000        2.45355824763936781000        1.15009544633886374000        0.84745580371220119000       -0.28300603518613043000        0.96847168790749905000        0.19811992346447024000        5.71942585535351711000        0.28358068451339852000        2.22232898670591661000        0.96187862101640365000        1.92693190526243785000        0.07519366243614628000        0.70611124982127593000        3.85897643004201907000        1.57907961758161708000        6.44921485900985747000        1.01336508893636901000        6.20785637813316526000        2.12623174169041151000        2.24188339943125259000       -5.48249673549145466000       -4.55839089298778877000        1.03345884824730194000       -2.16336580474488338000       -6.50726157205540456000       -0.90936690728416014000        1.77839827223568880000        2.85093410694193006000        0.53400870542127576000       -0.01271955402568911000        1.03992965268574045000        0.54629704900886622000        6.11669749553233100000        0.77024113934606653000        2.25349320295134214000        1.19619337647388257000        2.05329893334110114000        0.49369905736132291000        0.83121956696417099000        3.12861255592099452000        1.27939064155665339000        5.60721683385315561000        0.94615614161781070000        5.03602713207436903000        1.91322239190065480000        1.14102371622123777000       -4.32948763342730469000       -4.06305950030350438000        1.63513186153627199000       -1.74964816804160850000       -4.56891313657740650000       -1.23755425240884787000        1.30052524051549301000        4.05993937114054493000        0.32634760012686015000        0.22826189575543818000        0.77094734001126819000        0.68254738215259403000        5.70602000557773703000        1.59208372556630628000        1.69513080729065968000        1.27384324272612948000        2.22877890055623729000        0.79046698365835699000        0.85254898319789174000        2.41182287450347221000        0.75016768734932171000        4.39119429120861859000        1.24007853811483737000        3.80394615366259581000        1.37807966916563429000        1.18779290596254561000       -3.50569536439480123000       -4.24591586778305707000        1.28100608283097750000       -1.36023369193646904000       -2.41784510884103554000       -1.39372604806830558000        1.21016576948141985000        3.94711183769904173000        0.67437724305905644000        0.12440997859590520000        0.17714465727127277000        1.17287852099858836000        3.93785344744879273000        1.51924142098490278000        0.21180611799345164000        1.71372524678955496000        2.90609898761274943000        0.78037823682663587000        1.67729044999076837000        1.36836375264912702000       -0.34842123636476141000        3.22821785107290360000        0.51168010614425685000        2.27273023793116158000        0.92476790767489170000        1.55498082286227191000       -3.16283259694052443000       -4.39445579153743182000        0.90308129070991561000       -0.67596106032310077000       -0.64220673427058139000       -1.68668970619407910000        1.95068338154567078000        3.45394226512530134000        0.76703536498428349000       -0.16217771241244069000       -0.03024545558814888000        1.48426141297075720000        1.63763781989770196000        1.55372562196687602000       -0.45266154319404123000        2.27006420702994305000        3.58694782616034580000        0.57550874715566458000        3.25147374992238980000        1.00911574195366849000       -0.86579556910085853000        1.42455078716132877000       -0.12207651704178375000        1.20204354208929698000        0.79634654784534342000        2.07132858168888356000       -1.51005049657739487000       -4.77135674695160272000        0.62731901658953160000       -0.02479612655303746000        1.22080357049006327000       -1.67106335633219749000        2.40182735888144405000        2.81174937204004483000        0.60312846759938776000       -0.54184905654955007000       -0.31493283486272244000        1.35265359798716145000        0.54118524168970716000        2.21850753507367360000       -1.19782519365461115000        2.59021072364402594000        3.59288779609209552000        0.52768355376570808000        4.42590182072234928000        0.56294339859033204000       -1.20554897209826195000        0.51871419341695890000       -0.50486208563518375000        0.41951865166349045000        1.05339536897203856000        2.53728161184911061000       -0.03919648060498909000       -4.85334742381741968000        0.80363828190696052000       -0.10050427067274581000        2.20386540658218388000       -1.28626357188817342000        2.80460821912044844000        2.34727292794834419000        0.56909226460779083000       -0.66268697830674772000       -0.42757624976041020000        1.42823963766553552000       -0.70186696334979282000        2.70451916274673732000       -1.48515364434505015000        2.75195275410064655000        3.28781897750151586000        0.14648430107421015000        5.05407518969181968000        0.67818446075058014000       -1.55753976174793629000       -0.27786410169615144000       -0.68378226402982289000       -0.00696767686230096000        1.12750563085779065000        3.07686880658211592000        1.58675846035325496000       -4.04427632655310010000        0.60606753439805661000        0.30571109780256334000        2.61072275146980992000       -0.83211665277314728000        2.96744335750697852000        1.40252500354789289000        0.26566763198250293000       -0.71712865461662600000       -0.59270206457643915000        1.25985891929448957000       -1.78172315111457125000        3.38442841837580133000       -1.68011036818873905000        2.64576482854427653000        2.73446161246282626000       -0.27137698302030189000        4.78588905018690181000        0.83245047029776387000       -0.86884513382078399000       -1.10853853908408895000       -0.12485832203226423000        0.04919995869038703000        1.39755057251901071000        3.02248961789673398000        2.18629042191675182000       -2.73349970477918092000        0.70457216426104219000        0.22362788106600881000        2.79380806353604738000       -0.28168601304744023000        2.71760892202944815000       -0.44914697676854753000       -0.05797928890464366000       -0.66382149705340610000       -1.80027602372818074000        0.85713627056744646000       -3.24874221032973187000        3.48480334598993924000       -2.02107152359654885000        2.27105822163969551000        1.69798855554060468000       -0.72525820742576319000        3.98736971719596323000        0.77040398457362991000       -0.74285883521453688000       -1.44864284614217453000        0.70076003168208545000        0.00593964628674495000