 4         8        22        48        56
        0.00    0
       1.000000       1.000000      49.576000      49.576000      49.688000      49.688000      49.688000      49.688000      49.528000      49.528000      49.528000      49.528000      49.528000      49.528000      49.528000      49.528000      49.528000      49.528000      49.528000      49.528000      49.528000      49.528000      49.528000      49.528000      49.528000      49.528000      49.528000      49.528000      49.528000      49.528000      49.528000      49.528000      49.528000      49.528000      49.528000      49.528000      49.528000      49.528000      49.528000      49.528000      49.528000      49.528000      49.528000      49.528000      49.528000      49.528000      49.528000      49.528000      49.576000      49.576000      49.576000      49.576000      49.688000      49.688000      49.688000      49.688000
      -1.000000      -1.000000       0.291000       0.291000       0.291000       0.291000       0.402000       0.402000       0.402000       0.402000       0.402000       0.402000       0.402000       0.402000       0.402000       0.402000       0.402000       0.402000       0.402000       0.402000       0.402000       0.402000       0.402000       0.402000       0.402000       0.402000       0.402000       0.402000       0.402000       0.402000       0.402000       0.402000       0.402000       0.402000       0.402000       0.402000       0.402000       0.402000       0.402000       0.402000       0.402000       0.402000       0.402000       0.402000       0.402000       0.402000       0.402000       0.402000       0.402000       0.402000       0.402000       0.402000       0.402000       0.402000       0.402000       0.402000
       -0.27800000000000002000
       -0.01600000000000000000
        0.05800000000000000000
        0.07400000000000000000
        0.16800000000000001000
        0.07400000000000000000
        0.07600000000000000000
        0.08799999999999999000
       -0.33200000000000002000
       -0.01600000000000000000
       -0.31600000000000000000
        0.00800000000000000000
        0.17999999999999999000
        0.27200000000000002000
       -0.39400000000000002000
        0.39800000000000002000
        0.23000000000000001000
        0.15200000000000000000
       -0.25600000000000001000
       -0.04400000000000000000
        0.42399999999999999000
        0.03600000000000000000
        0.06000000000000000000
       -0.38800000000000001000
       -0.17000000000000001000
        0.18800000000000000000
       -0.13000000000000000000
       -0.23999999999999999000
        0.33400000000000002000
        0.16400000000000001000
        0.35799999999999998000
        0.08200000000000000000
        0.39600000000000002000
       -0.12800000000000000000
        0.20799999999999999000
        0.12400000000000000000
        0.08000000000000000000
        0.17799999999999999000
        0.17799999999999999000
        0.20399999999999999000
        0.39600000000000002000
        0.08599999999999999000
       -0.28199999999999997000
        0.36199999999999999000
        0.34999999999999998000
        0.19400000000000001000
       -0.39400000000000002000
        0.22400000000000000000
       -0.00400000000000000000
       -0.08799999999999999000
       -0.11799999999999999000
       -0.00800000000000000000
        0.06000000000000000000
        0.36199999999999999000
        0.01200000000000000000
       -0.09000000000000000000
        0.06200000000000000000
        0.20399999999999999000
       -0.06400000000000000000
       -0.18400000000000000000
       -0.26000000000000001000
        0.05400000000000000000
       -0.14000000000000001000
        0.10000000000000001000
        0.22600000000000001000
       -0.28799999999999998000
        0.01200000000000000000
       -0.25400000000000000000
        0.37600000000000000000
       -0.39000000000000001000
       -0.11000000000000000000
       -0.04600000000000000000
        0.37000000000000000000
        0.08000000000000000000
        0.17799999999999999000
       -0.08599999999999999000
       -0.27800000000000002000
       -0.40000000000000002000
       -0.01200000000000000000
       -0.01400000000000000000
       -0.09600000000000000000
       -0.08000000000000000000
        0.19200000000000000000
        0.08000000000000000000
       -0.10400000000000000000
        0.30199999999999999000
       -0.05800000000000000000
        0.38800000000000001000
        0.24800000000000000000
        0.06400000000000000000
       -0.44000000000000000000
        0.05400000000000000000
       -0.34999999999999998000
        0.31600000000000000000
        0.12000000000000000000
        0.27200000000000002000
       -0.29399999999999998000
        0.37600000000000000000
       -0.06800000000000000000
       -0.04600000000000000000
       -0.48799999999999999000
        0.05600000000000000000
       -0.36399999999999999000
        0.21800000000000000000
       -0.23599999999999999000
       -0.06200000000000000000
        0.05400000000000000000
        0.02400000000000000000
        0.08599999999999999000
       -0.25400000000000000000
       -0.34200000000000003000
       -0.08799999999999999000
       -0.26600000000000001000
       -0.00600000000000000000
       -0.10000000000000001000
        0.24199999999999999000
        0.37800000000000000000
       -0.27200000000000002000
        0.14000000000000001000
        0.38600000000000001000
        0.24800000000000000000
       -0.01600000000000000000
       -0.23799999999999999000
        0.27200000000000002000
        0.28599999999999998000
        0.20399999999999999000
       -0.22800000000000001000
        0.26800000000000002000
       -0.15400000000000000000
       -0.01400000000000000000
        0.11600000000000001000
        0.01600000000000000000
       -0.10800000000000000000
        0.08200000000000000000
       -0.03200000000000000000
        0.00400000000000000000
        0.19000000000000000000
       -0.09800000000000000000
       -0.06400000000000000000
       -0.05600000000000000000
       -0.00200000000000000000
        0.02400000000000000000
        0.05800000000000000000
        0.08799999999999999000
       -0.28399999999999997000
        0.16800000000000001000
        0.38600000000000001000
        0.33800000000000002000
        0.00400000000000000000
        0.20999999999999999000
        0.44000000000000000000
       -0.06000000000000000000
       -0.11000000000000000000
        0.01400000000000000000
        0.29999999999999999000
        0.37800000000000000000
       -0.37200000000000000000
        0.26200000000000001000
       -0.21800000000000000000
       -0.37600000000000000000
       -0.23799999999999999000
        0.07000000000000001000
        0.28199999999999997000
        0.12000000000000000000
       -0.30199999999999999000
       -0.14199999999999999000
        0.19000000000000000000
       -0.11400000000000000000
        0.31000000000000000000
       -0.03800000000000000000
       -0.40200000000000002000
        0.00800000000000000000
        0.37200000000000000000
       -0.06800000000000000000
       -0.32000000000000001000
       -0.10400000000000000000
       -0.08000000000000000000
       -0.05000000000000000000
        0.26400000000000001000
        0.16000000000000000000
        0.03400000000000000000
        0.08200000000000000000
       -0.20399999999999999000
       -0.31600000000000000000
        0.26600000000000001000
       -0.31400000000000000000
       -0.25200000000000000000
       -0.34599999999999997000
        0.37800000000000000000
       -0.12600000000000000000
        0.22600000000000001000
        0.09600000000000000000
        0.12800000000000000000
        0.21600000000000000000
       -0.05400000000000000000
        0.06200000000000000000
        0.26800000000000002000
       -0.35399999999999998000
       -0.14999999999999999000
        0.29199999999999998000
       -0.32200000000000001000
        0.03000000000000000000
       -0.00600000000000000000
        0.17999999999999999000
       -0.31200000000000000000
       -0.05400000000000000000
        0.35199999999999998000
        0.17399999999999999000
        0.15200000000000000000
        0.29799999999999999000
        0.27200000000000002000
        0.05200000000000000000
       -0.33200000000000002000
       -0.31400000000000000000
        0.34799999999999998000
        0.23000000000000001000
        0.02600000000000000000
       -0.03600000000000000000
       -0.14799999999999999000
       -0.06400000000000000000
       11.80347473870411079000       -2.16172062105898410000       16.34525850531468900000        1.05683973373659823000        6.82724846809468477000       15.80964789186464436000        2.88093604616839194000       -1.16853470593907760000        0.39099245800181759000       -2.74885937311522843000       -1.36390132935908426000        6.57104270801887935000       -4.45845356439596596000       18.01985569145443480000       -0.72911475886538435000      -11.15173769455916464000      -17.31414914944767250000        7.37893731269439801000       -4.49072223058125353000      -10.10166704751927469000       -7.44128951469333622000       -5.99278325838076498000        0.30378721735588499000       10.18704057113311734000       -1.01578111688757144000       16.18079130407080870000        1.08477743505197899000        5.25398948252611220000       17.42778431335391430000        3.02139356716726937000       -1.19684835590619065000        0.96533500481607937000       -3.96855260121222653000       -1.96441448245461014000        6.57013061612788896000       -2.25141596667271893000       20.30152120352836680000       -0.79481371296160619000      -10.72965180086010761000      -20.21954204928474040000        9.26820892833289456000       -2.86822395382590667000       -9.91599127896837196000       -6.87471759218101575000       -6.27982812360037634000       -0.40672938368975248000       10.26420133164586801000       -0.27938924826790823000       14.26934784184876292000        0.81784618309581758000        5.97453563045548197000       15.47628623192018971000        2.34143217979506701000       -0.44510261001881890000        0.75192059259503496000       -3.69164727074763110000       -2.22841547871889301000        6.70822873765223537000       -2.46723181290399873000       19.54141454666881830000        0.03267804967251223000      -11.05953808828027896000      -18.35639793456620340000        8.59841404962539713000       -2.02738751464094102000      -10.82158929427471961000       -6.99317220189248889000       -5.81498929650385676000        0.57218070650763242000        8.99285416484707767000        0.69443744666014051000       14.10981955918685671000        0.49027711299776094000        5.06437796827964615000       16.15515624449722050000        2.74372442340527956000        0.04706867147713172000        0.79961531412963427000       -4.07938127092429514000       -3.01674867759353615000        6.83283448605282295000       -1.01197162172930755000       19.76779032519471000000        0.74657394438626967000      -11.81187148399543752000      -19.93702074419783440000        9.01967807089442886000       -1.47281121934140136000      -11.19745735283064114000       -7.38208351098102522000       -5.84799058549122464000        0.48943581006693387000        8.91224958065817852000        1.13502698417005665000       13.57138005216634014000        0.26717671921982244000        5.97281469521877462000       15.79074970238857567000        2.35069711668598202000        0.50104042344254063000        0.24704880431506057000       -3.90337046631168105000       -3.12057568585692868000        6.86033194462361262000       -1.91137865021109699000       18.20633917217933020000        1.69711008074097469000      -11.87821259122190831000      -18.91333674355377430000        8.29088159040944816000       -0.93332022218503918000      -11.38982887515721565000       -7.40546032230223794000       -5.37870420563978691000        0.72445619891703683000        8.36999137549085859000        1.85102169149569895000       12.85895611084264978000        0.25922580156462188000        5.86879358751331637000       16.02933101392992650000        1.80348793590899770000        0.74029192297559743000        0.22353108736588206000       -4.27037154945140163000       -3.30910778817104267000        6.87407368083082115000       -1.43711637075371512000       18.77313164062307040000        1.83304237174706763000      -11.77481381126308868000      -18.54763991294214160000        8.63234522796224724000        0.21636320627914282000      -11.32052324586097747000       -7.09623067005234010000       -4.68860110084931136000        0.65797595676089971000        8.21139253561227456000        1.70536003609877707000       12.19412912255816295000        0.15724015098838620000        6.63097085159998212000       15.84741925806156182000        0.61255049448140653000        0.78531628892315963000        0.03203013983093106000       -4.19854919820897177000       -3.40327449155683626000        6.64697940112956953000       -2.42402613750936213000       18.44610552827498040000        2.08733889891277569000      -11.17434908835719298000      -17.17581525720332180000        7.84042787799453311000        0.93282804315403756000      -11.17383443886854266000       -6.68598928215600363000       -4.38344204474782106000        0.20368200552521534000        7.63655037521397340000        2.94906082244996304000       12.34922874666875003000        0.09314858561216176000        5.97701576327085426000       15.99882167567254143000        2.12314882287232098000        0.76493762535249465000       -0.50199158616189687000       -4.37652643540127606000       -3.81916100798879610000        6.57331429680302559000       -1.62857259451298564000       16.52137187418443530000        2.84397143325036517000      -11.54108909679559147000      -18.82837527969962110000        8.11967874573303661000        1.14540977594339544000      -11.07515084212163536000       -6.66714290551959898000       -4.60989699789456608000        0.63311638886847499000        8.57113220866273018000        3.89538833754181235000       11.69793765129574226000        0.04221596536623801000        6.91566721713410804000       14.52514288610933235000        2.10306846119627222000        0.62376018917344078000       -0.74896901718768583000       -3.76887573986767155000       -3.82178763859924553000        6.47926560762514381000       -2.99688987642483440000       13.52723225184140965000        3.36456228927889311000      -11.98554123289576090000      -17.61311167750915630000        6.27037573833882611000        1.99350628981388422000      -10.93951869452664916000       -6.82898559222307533000       -5.03460810851046947000        1.54147663884944452000        7.66855887440995421000        4.18995817841062301000       11.04668117737543120000        0.16615892291847503000        6.41030824580050407000       14.26556529427503328000        2.15809627855720532000        0.17332854431445940000       -0.59025891546152476000       -4.22274091012369013000       -3.89894993468948892000        6.54730740164718572000       -2.65184875024187283000       12.87493482003385203000        2.81921933481434728000      -11.43633472747652924000      -17.75516056557330560000        6.04250601768979756000        2.19387207824247676000      -10.31773549264722334000       -6.54144184073814827000       -5.23439507192795350000        1.19230282336695725000        8.02645454050177776000        4.17654318295715754000       10.19887547382672288000        0.17947625534832951000        6.28849013868162565000       12.32289001903179759000        1.77103480167350602000        0.05009602271679525000       -0.63352680558637686000       -3.96867962910823291000       -3.86050443183183711000        6.34089588546844585000       -2.56081912224602037000       11.74555556844870274000        2.72917680239200466000      -10.99835693257225699000      -16.09476258692560790000        4.45855672815553916000        2.41186463137605944000      -10.33107971141189907000       -6.22900125160477192000       -5.91183155701602825000        1.34903680575904894000        7.66283132567867131000        4.40647809790103029000        9.39284150874948232000        0.08892541991025302000        5.82365005457158080000       11.52363215637303640000        2.15929006500221199000       -0.18314206393526816000       -0.32619217174625498000       -4.06647623438408168000       -4.22136164208543274000        6.15037038174017070000       -2.06947313654936638000       11.34221804232371333000        2.74379432582043048000      -10.81495339669901945000      -16.17738752300984120000        4.27671026946655708000        2.81323586878355814000      -10.00613871409619904000       -6.15811743892354357000       -6.24159832676371718000        1.37451687744910500000        7.97068812651680236000        4.91205862097997858000        8.13974499110942595000        0.11841584898570956000        6.21798884346170055000        9.38237962993123986000        1.61605517455361314000        0.16293201500697616000       -0.56790863114173529000       -3.64571367488596110000       -4.07825860956037101000        6.14852918148513972000       -2.24722552596253955000        9.53465165542041504000        2.70621913307308048000      -10.75637882418071989000      -13.94193608844236820000        2.79445124430822611000        3.24668874168004828000      -10.36189548193942578000       -5.81275860606964212000       -6.15712544838670262000        2.13266088004861976000        7.14154092215873604000        4.74666754474709407000        7.32176269542829239000        0.13672426710466570000        5.34054213556733703000        9.11813808391114300000        0.60816744624071639000        0.26857049399364263000       -0.10457322902449485000       -4.03353929197970995000       -4.07454548429486962000        6.21065736182623240000       -1.33007568464962245000       10.22214108803506782000        2.17136449131901932000      -10.01327061736173185000      -12.90800067246787997000        2.13837708581262431000        3.96222835766679093000      -10.09619136603305201000       -5.35615970589355594000       -6.16474741759064493000        1.57173863834617111000        7.23973279085646748000        4.10266699692172665000        5.23783209421298856000       -0.02455910605561430000        6.30883587196882001000        7.05720180594174362000       -1.30929128392960026000        0.36521885428817252000        0.03437895465896251000       -3.73272273709426372000       -4.07305637095468143000        6.04101916019520946000       -2.27209032841427661000       10.41570286905594855000        1.97896428733799046000       -9.12896164033520208000       -9.57810469805956721000        1.03737370117037209000        4.50986379115574998000      -10.25204026568479421000       -4.97223558158944279000       -5.71523127106558970000        1.49063900271210237000        6.58732061133013502000        4.91299790717543861000        4.19928489347094835000       -0.05680375037121185000        4.65428141676026552000        5.65613752100346101000       -0.48317976185410233000        0.63627448738238235000        0.24370070996720455000       -3.86256957093850151000       -4.31737728669275800000        6.13861332550190930000        0.15552474476700667000        9.65093964440733743000        1.65884243320268410000       -9.50835637707738535000       -9.26685171910432714000        0.96801219191825061000        4.56541634294194854000      -10.75092430787371534000       -4.89535652009512745000       -5.72382392086994685000        2.37894749633312541000        5.65294276908927973000        5.20276556245784594000        3.75127058783205847000       -0.36968097344667011000        3.44221179399453359000        5.30562317839174291000       -1.06098873784607273000        1.00719483784692088000        0.75334239577652407000       -3.41561550474237441000       -4.63951370449823397000        6.33488581164127851000        1.81310079542695424000        8.86949463473262334000        1.31125631492128214000      -10.19691840373976532000       -7.88655092217693365000       -0.10181939034591542000        4.66488315152287214000      -11.06006781831859165000       -5.80133182206137299000       -5.43282126355305728000        2.53336910748981925000        5.30633043076375266000        5.59725966082982573000        2.17687636982410693000       -0.31281648471352053000        2.84366785378678033000        3.72583516775466794000       -0.95528537390794543000        0.55971674698751150000        1.17995686576068048000       -3.74057268186987812000       -4.79064222088268910000        6.33516247387827391000        2.73827470350037538000        9.43355027684518355000        0.39079412150459714000       -9.65772251358457368000       -7.23911890479174058000        0.59249872151890082000        4.97115525206289099000      -10.59777280441330305000       -5.32824083402696491000       -5.16758044552151308000        2.86691413403402295000        5.47515581803711449000        4.28771717144141018000       -1.18136549562850535000       -0.63629571616954728000        4.53488676421492798000       -0.57151409426015765000       -2.81055186635131760000        0.50005867966381556000        1.16023741812458026000       -2.95254864421089192000       -5.05910391415611382000        5.87495054466148048000        1.05388935651215498000        9.75817350912850934000        0.29569662397432694000       -8.23117745807830659000       -2.47395490635808457000       -0.52636249043221006000        4.70681076835662537000      -10.71991580216493567000       -4.88493090758447313000       -4.61224004737709414000        2.87403801991688468000        4.45334073506997719000        5.11139159304312241000       -2.33233596215673522000       -0.67940344607489012000        2.78689732326952644000       -2.46868735848934451000       -0.73140672188746225000       -0.01204967572055386000        1.30206353099592165000       -3.22657325723230581000       -5.72579190664757398000        5.67128194115117612000        3.48826497855226281000        9.48767116582569514000        0.00291858988287868000       -7.82146897839122524000       -3.41356780544555516000        0.76915719842512953000        4.32171015327520269000      -10.51122208391650048000       -4.62676910192245039000       -4.96339326713868267000        3.42502671941251569000        4.23135790890844632000        6.17797737906552324000       -2.77106731522108740000       -0.85128071173315178000        1.27192143145520520000       -3.57537137678505923000       -0.54632337544721088000        0.13523946693216840000        2.03163636794872948000       -2.52393846169808578000       -5.83411661352374278000        5.88505470721083768000        5.23021020892369570000        7.08727801878695374000       -0.50726898227067185000       -9.29129585177566320000       -2.41549897648794154000       -1.09470306460321254000        4.54935724776754302000      -10.78465015836337848000       -5.83671214402830607000       -5.30343358236970541000        4.52869572007281018000        4.00079477576939446000        6.38201494578160045000       -3.70788915214012738000       -0.76156215865648680000        0.27974862660177252000       -3.98325999172752665000       -0.94415034769325468000       -0.03541208542106034000        2.18403586654721948000       -3.04779731065721293000       -5.60094479787760147000        6.07423713531593279000        6.68294784821154675000        7.42758239727830194000       -1.14689914515454272000       -8.60477850343772488000       -1.46622506534120767000       -0.50029872002951359000        5.21774428325712414000      -10.34174279057336143000       -5.36482356254119530000       -4.77225776834581783000        4.67618807063717679000        5.82305904888581871000        5.99673064187939353000       -6.67222022302117068000       -0.93823850871192371000        2.28167582869574703000       -8.43614867022962045000       -2.30853310243843168000       -0.45570575418257347000        2.38542148597215808000       -1.71652417265853408000       -5.30148912931473060000        5.51864999206064954000        4.13457481095520762000        5.60332188258633046000       -1.27327569612438829000       -8.09462487045598778000        2.94865290185456752000       -2.19833250976885974000        5.61771855124759867000      -10.11642712213778061000       -5.23981059196264543000       -4.51752189643188373000        6.01591884631742246000        5.67080816189022130000        6.98429081031648646000       -6.78643478982273152000       -0.74380576458244285000        0.71453700377296347000       -8.27293100831360384000       -0.44080594546525659000       -1.35570940777059312000        2.69789762211465556000       -2.25124510223709651000       -5.46553891468186581000        5.50324245148585689000        5.83368092276008809000        4.34131622790279970000       -1.91572547413727112000       -8.17215711852368187000        0.83549039020233362000       -0.98505093229261753000        5.83914061162754638000       -9.50615729785133823000       -5.06206270240948619000       -4.97109859967289758000        6.71762097169873584000        6.27554226007248506000        7.55716122403951829000       -7.44931226297051019000       -0.90991675052519538000        0.19984130570183078000      -11.12777069693094667000       -0.18004508455762000000       -1.45869763002735242000        3.21474938536781707000       -1.08793193362284013000       -5.30873687199530586000        5.56046883849569884000        6.09908447956069200000        0.30499559099706602000       -2.54281304202491176000       -9.34971960510797118000        3.20861650530684539000       -4.21324108444914991000        5.28228796072778639000       -9.60166385583454307000       -6.09560969587130508000       -5.77036422279218630000        8.01486719005846915000        5.91636473968132037000        7.33461604740550044000       -7.92680987041414920000       -0.67216293449511588000       -1.42663289782549074000      -12.76341912327658434000        0.90090545774719177000       -2.36861870811992103000        3.51613640886418732000       -1.64119712014665375000       -5.10018503815969204000        5.53508703636928345000        7.45787925314422218000       -0.34737224321581550000       -3.68647301015720119000       -8.28684424712762535000        3.25248967860422900000       -4.65255383886909701000        4.53975924317581026000       -8.31260044479616766000       -5.54391179797167322000       -6.63080022183591655000        7.71439918883952380000        7.69176830678737833000        7.34786190442729481000      -10.16043593922444899000       -0.80481734576178199000        1.13998816745087095000      -16.96116244060705470000        0.73555461363136121000       -2.68535530136920153000        2.95961560001301693000       -0.22885547272004964000       -4.77677679988207693000        5.22057234910837042000        3.94813244464095403000       -4.56674118787679983000       -3.21457470959851399000       -8.49103382843746424000        6.56972220632575965000       -6.95239767459375368000        3.82472648547164606000       -8.38329928853792516000       -5.81941840693131329000       -6.62181939236908956000        9.42141113909174344000        8.03314961039131248000        8.65386083620167845000      -10.14498756717206618000       -0.46761334978255670000       -0.47759310896314605000      -17.66279996487432770000        2.46906902363872316000       -3.03127217939077420000        3.44998139837959128000       -0.22933684763759707000       -4.27157159472789871000        5.40130918414997918000        5.35985705998214801000       -7.56306213321623577000       -3.76472650609452453000       -9.24542678858816913000        5.80581495578169360000       -7.81733823075045819000        3.95696821590102710000       -8.36305586224063546000       -6.11413217102852435000       -7.37875716063696441000       10.92308392169920772000        6.94268794656279464000        9.69136179007731791000       -9.90465285349804425000       -0.56787686373394708000       -2.66913004804737897000      -17.44180300670986130000        3.00254967875769907000       -3.18010385537668672000        4.19589398523228674000       -0.07875478270368499000       -4.18178307892803147000        5.67394204124743506000        7.49662762548070383000      -10.43162620060879675000       -4.32967702815878486000       -9.97846333961511078000        5.19337677297386424000       -9.08464234393104775000        4.14104503289338144000       -7.82402176318361420000       -7.14558730711088508000       -7.95434627648553860000       11.28239471960880636000        6.58672106151519099000       10.29539522493851500000       -9.40222028249659481000       -0.34680575416061954000       -3.81396812448459599000      -16.88147507023982290000        4.32308206002009765000       -3.79020053205898400000        3.97864133830073863000       -0.58938267217882578000       -4.03141293378890619000        5.65055991100211852000        8.35201800805872630000      -11.51468773648172039000       -4.53700715300498381000       -9.66197239935452856000        3.64988833093473852000       -8.47311910983636274000        4.05475446514439053000       -6.67345213191766806000       -6.87723923125728476000       -8.07427497558363427000       11.20901814735869451000        6.58108169647541796000       11.04352650802773361000       -9.40421339704604975000       -0.39570906935207101000       -3.50061704123087791000      -16.84562974976141450000        5.04519673334707708000       -3.46403028662398249000        3.57433730124261251000       -0.05620492577133308000       -3.79714781630197518000        5.74810917666882126000        7.19654771203044774000      -14.81087760723245062000       -3.51759298169369039000      -10.50430786654606230000        3.02982852608871545000       -9.48767210735456956000        3.93504998606631018000       -6.60715175498645824000       -7.52362743387175126000       -8.08246520677314351000       12.12779875883371616000        7.16088337232688676000       12.85789271367216635000       -8.86809305458928598000        0.38529855604802171000       -4.33847649009197678000      -17.24521654498222390000        7.91538305516122165000       -3.96785061166634323000        2.88150627413623051000       -0.39223600294766597000       -2.80785208663576213000        5.84818264526945786000        7.29981639383383563000      -19.88130358871415740000       -3.42441257306187863000      -10.75477496308843683000        0.20589867429093417000       -9.77497713088464693000        3.78510435055909245000       -5.98541020044121552000       -6.90144174691095458000       -9.13291087669116486000       13.78590874436912905000        7.09707476170806117000       12.90834438804352935000       -9.44348125904276259000        0.52782195562290413000       -5.86420253576724182000      -19.14618341169621370000        8.47381239100535311000       -4.47333904093211121000        3.59447829817108655000       -0.42627797594754147000       -2.36644553602986818000        5.85408099068608490000        8.70258900778378219000      -21.48644971469137490000       -4.49374139708954434000      -10.32960367257606826000        0.49124987264598596000      -10.79842924696062312000        3.39021234828998086000       -5.39071685772989984000       -6.80640975979164242000      -10.21502595693856463000       14.16997485077516039000        5.87978402014631740000       12.83017741967085712000       -9.95129183070380030000        0.67820325527346947000       -6.41566178521244801000      -19.03529445310959640000        9.50427134569947185000       -5.35645761588989533000        3.56977598713413480000       -1.20804997940442305000       -2.55302258978673979000        5.76840624070114671000        8.99112111062009944000      -21.03218355903228700000       -5.22655279086304780000       -9.21735057240694644000       -0.98326471015256123000       -9.02904475276745444000        2.72899045868435142000       -4.07871853007064811000       -6.15789189416924998000       -9.89800806059644067000       13.51656839573325186000        5.58591973044196788000       11.55217554701831872000      -10.15677818379882069000        0.66579993319775488000       -7.26363352511890348000      -19.35544549903704240000        8.93476518170321476000       -5.77345766113467818000        4.09076011570695375000       -1.22505404833971032000       -2.25190889383057868000        5.68208394425343766000        9.24111511576874989000      -21.12860253748840480000       -6.10858115640231780000       -8.51838830623740506000       -0.31942140328224755000       -9.86038963429222015000        1.80677206668123880000       -3.66030746516280514000       -6.10780059509192785000      -10.37718119586375565000       12.93908819477377747000        5.27833813060556167000       12.31887823327292430000      -10.50455828364612998000        1.20818002396212210000       -9.03128117020972354000      -21.07502435066948720000       11.53422126904500544000       -6.44772712873255926000        3.93640635309649900000       -1.58599379593229983000       -1.90376199340858010000        5.69883969758449371000       11.26131165284005675000      -23.65319454980012990000       -7.38395658044951375000       -8.71205283745842962000       -1.88489997050721292000       -9.29936693583944773000        0.25134425257174625000       -3.46166618180475361000       -5.53422306381559892000      -10.98908031509093064000       14.14194776768699136000        5.66947715658305551000       12.09276793868681565000      -10.94959837539448166000        1.22737762937827100000       -8.88829344565143842000      -23.02068977831577360000       12.17904347549163191000       -6.71397243222240991000        3.73994336899733071000       -1.10318903215121056000       -1.65633630579287172000        5.43465115721465342000       10.72463219456479777000      -25.68557233700557060000       -7.43674037345587990000       -8.42338747096691520000       -1.06781508448382567000      -10.15506768731907883000       -0.57848313470308133000       -3.03153178642731058000       -5.38401388606556264000      -11.36296011972930664000       14.58132196166002004000        5.44731967623373947000       11.39390429837853524000      -10.99778565588130874000        1.40062186634452668000       -8.62448877317517137000      -22.93573557341455070000       11.95940477762745324000       -7.12492644980320566000        3.58814411930292598000       -1.12480514991864711000       -1.08636830545122254000        5.35274418433373711000        9.67762988119292089000      -27.22641110589101740000       -7.79327496580470758000       -7.62488437546402498000       -0.66956861568268877000      -10.62217018911394284000       -1.14301775112997839000       -2.18439777753969278000       -5.05209297159488902000      -11.28545819961652086000       14.21630461882272911000        5.79123155133025502000       10.92787788772562152000      -11.24438299566967636000        1.53134764920342170000       -9.31141543889155798000      -23.45404873528476840000       11.31288864108141290000       -7.03239069000770733000        3.98798051605248016000       -0.93219648551055645000       -0.56578017106509271000        5.26404761095176177000       10.35099995651877691000      -27.34956622063054610000       -8.56531021381923097000       -7.73052193104591456000        0.50587347545336581000      -11.26723900329049499000       -1.34241030850451759000       -2.28744053650296175000       -4.90366289337573047000      -11.16573868159253280000       14.53265875020838749000        4.89598835483028516000       10.94190094158480875000      -10.74322765614054909000        1.64254557589016881000      -10.40459586190814889000      -23.14089447464085230000       12.64963777249697330000       -7.55514840988594294000        4.07128655766654468000       -0.98630444592745636000       -0.43061229693910208000        5.26798040922069877000       10.94802901930776962000      -29.33403685307147410000       -8.92404364074885770000       -7.74674902881227201000       -0.35735422804629902000      -11.59553597473658115000       -2.42238085404149839000       -1.73278233671177850000       -5.29044685928674330000      -11.49018343506170936000       14.47787136186830281000        4.92207568963738229000       10.49169413523369343000       -9.85826075920289924000        1.59669081213625552000      -11.52571683979671668000      -22.94000548695978740000       13.77020573007934345000       -7.90806707654425889000        4.29786421293169951000       -0.83486794200309189000       -0.28041725388171879000        5.42750172771727435000       11.80551296055473465000      -30.60705588127931160000       -9.62755185030599669000       -8.48151033933774023000       -1.16333730069741725000      -11.78339418049373677000       -4.08878568438594137000       -1.64614309109327661000       -5.90648694527432472000      -11.84643073751691489000       14.81551534284240290000        3.99989483606086038000        9.81015305647515845000       -9.95804411080734120000        1.79575568581231160000      -12.89229368179374724000      -22.77008428436076670000       14.03007145828461688000       -8.29187433361629367000        4.41360267863250666000       -1.51003025553222225000        0.10183000857083750000        5.60169681336190450000       13.17170662148954108000      -30.54344559167765640000      -10.57432264722447357000       -7.59182560200183332000       -1.40057468608042290000      -11.22573283619514406000       -4.96241451751660723000       -0.94548270776884802000       -5.51159071669874123000      -11.78843804450287180000       14.27667571371137356000        3.20992386527001861000       10.41641529044185965000       -9.00803772270862169000        1.91424499789434277000      -13.24391612412599706000      -20.73870125699130180000       14.75460784345031584000       -8.11930526721844004000        3.94965802593617443000       -1.52813492025613407000        0.74364894662077097000        5.75996700957772845000       12.40353478620078853000      -34.18050062595622760000       -9.47099368324156643000       -7.86932137328822634000       -3.26455256914602687000      -11.82281459825377645000       -4.76457121998715127000        0.00395199680885550000       -6.03262127182633101000      -11.75552066075710833000       14.36072699430143906000        3.20029397396969717000        8.89291585215151237000       -9.48809246003888163000        1.75602873402493986000      -12.89447406251734307000      -21.17669375590832100000       14.15737222152924524000       -8.64697463728338000000        4.21026001365141855000       -1.27590111137279316000        0.94664379979782309000        5.57839653061914298000       11.50786647083891623000      -34.68502292383135450000       -9.90012408020966639000       -7.09027993236722498000       -1.63485176662693177000      -12.29063843344666118000       -5.54161638084553765000        0.83746242775782320000       -6.20188378599852275000      -11.48756276906378560000       13.78876384100369457000        2.60886852061075780000        8.07409828994536127000       -9.31167150919399234000        1.78740387214506580000      -12.13084918993320294000      -21.38393497934220020000       14.72046064145520816000       -8.80331402892269566000        3.26010036650147494000       -1.04622509301050748000        1.45920923317693041000        5.57492575334235241000        9.69371638714205552000      -38.08232882234273830000       -9.27647454304153918000       -6.21322786932322124000       -1.44410489473143500000      -13.11971093489395379000       -7.02601491940432066000        1.74516239380093752000       -6.17674930710537939000      -11.44853165353211999000       13.39053991297664581000        2.35917771245157670000        7.51345967444166440000       -8.21757706043678660000        1.81629530352836777000      -12.80825579024902616000      -19.53137105775684650000       14.37861808288624488000       -8.76061702929674446000        2.99552116895542842000       -1.24000579579854708000        2.04337958583399137000        5.72237995699352098000        9.92590431306486387000      -39.16745767340253080000       -9.09353885893993663000       -5.83615834485992480000       -1.51544063038973742000      -13.47489891016863339000       -7.11987393822246339000        2.34521250404504267000       -6.26963654641135282000      -11.22409017227326800000       12.84927280383248416000        2.74793665549549537000        6.58425540167686218000       -7.91394167074530408000        1.87040110717871699000      -14.06643182117105972000      -19.37310072185497130000       13.54968225839921381000       -8.44605544531724739000        3.16805401859682068000       -1.37173086102177777000        2.84296662904756081000        5.88597255084227822000       11.25621217653200290000      -39.51923433519879580000       -9.73938398004835015000       -5.53468984678661613000       -0.30154770544209847000      -14.23565823857040336000       -7.55902747715595424000        2.10486733596540976000       -5.95211194313767855000      -11.21427066140594952000       12.94792922750780839000        1.88790247205672812000        6.48008277077441086000       -7.99712905771324412000        1.99000598325850220000      -13.71686018627048043000      -19.71631301973316400000       14.07582431457610284000       -8.42708604071665945000        2.47291770725792981000       -1.38128439069761089000        3.56240508436680026000        6.05140673083978253000       10.23368243760078222000      -42.20921622627258780000       -9.29255612587288837000       -4.50332307144475497000        0.47754562391048244000      -14.72144860661745902000       -8.47614307941902290000        2.52797521113646040000       -5.80813431249718270000      -10.80230012697774988000       12.94394862514595168000