 1         8        24        48        56
        0.00    0
       1.000000       1.000000      49.576000      49.576000      49.688000      49.688000      49.688000      49.688000      49.528000      49.528000      49.528000      49.528000      49.528000      49.528000      49.528000      49.528000      49.528000      49.528000      49.528000      49.528000      49.528000      49.528000      49.528000      49.528000      49.528000      49.528000      49.528000      49.528000      49.528000      49.528000      49.528000      49.528000      49.528000      49.528000      49.528000      49.528000      49.528000      49.528000      49.528000      49.528000      49.528000      49.528000      49.528000      49.528000      49.528000      49.528000      49.528000      49.528000      49.576000      49.576000      49.576000      49.576000      49.688000      49.688000      49.688000      49.688000
      -1.000000      -1.000000       0.402000       0.402000       0.402000       0.402000       0.402000       0.402000       0.402000       0.402000       0.402000       0.402000       0.402000       0.402000       0.402000       0.402000       0.402000       0.402000       0.402000       0.402000       0.402000       0.402000       0.402000       0.402000       0.402000       0.402000       0.402000       0.402000       0.402000       0.402000       0.402000       0.402000       0.402000       0.402000       0.402000       0.402000       0.402000       0.402000       0.402000       0.402000       0.402000       0.402000       0.402000       0.402000       0.402000       0.402000       0.402000       0.402000       0.402000       0.402000       0.402000       0.402000       0.402000       0.402000       0.402000       0.402000
       -0.27200000000000002000
       -0.07199999999999999000
        0.05000000000000000000
        0.25800000000000001000
        0.01200000000000000000
       -0.02600000000000000000
       -0.17399999999999999000
       -0.32000000000000001000
       -0.02000000000000000000
       -0.34399999999999997000
        0.46200000000000002000
       -0.06800000000000000000
        0.20999999999999999000
       -0.31200000000000000000
        0.10800000000000000000
       -0.38800000000000001000
       -0.31400000000000000000
        0.37000000000000000000
       -0.04000000000000000000
        0.07199999999999999000
       -0.41199999999999998000
       -0.00800000000000000000
       -0.27000000000000002000
       -0.20799999999999999000
       -0.36399999999999999000
        0.37600000000000000000
        0.06000000000000000000
        0.26200000000000001000
       -0.18600000000000000000
        0.19000000000000000000
        0.12800000000000000000
       -0.07199999999999999000
        0.26000000000000001000
       -0.05400000000000000000
       -0.27600000000000002000
        0.05400000000000000000
        0.07800000000000000000
        0.25800000000000001000
        0.00600000000000000000
       -0.24199999999999999000
       -0.06600000000000000000
        0.08599999999999999000
        0.04200000000000000000
        0.20000000000000001000
       -0.00600000000000000000
       -0.20200000000000001000
        0.22600000000000001000
       -0.39400000000000002000
       -0.27400000000000002000
        0.14399999999999999000
       -0.00400000000000000000
        0.04200000000000000000
       -0.29599999999999999000
       -0.03400000000000000000
       -0.15600000000000000000
       -0.36799999999999999000
        0.02800000000000000000
       -0.28199999999999997000
       -0.03000000000000000000
       -0.30199999999999999000
       -0.31600000000000000000
       -0.02400000000000000000
        0.16600000000000001000
       -0.19400000000000001000
       -0.12800000000000000000
       -0.31600000000000000000
        0.11600000000000001000
        0.19600000000000001000
        0.06800000000000000000
       -0.12000000000000000000
        0.38800000000000001000
        0.00400000000000000000
        0.12600000000000000000
        0.31600000000000000000
       -0.04400000000000000000
        0.39800000000000002000
       -0.10000000000000001000
       -0.17000000000000001000
       -0.34999999999999998000
        0.24600000000000000000
        0.49399999999999999000
       -0.08799999999999999000
        0.05200000000000000000
       -0.13000000000000000000
        0.08799999999999999000
       -0.20999999999999999000
       -0.11200000000000000000
       -0.19000000000000000000
       -0.02200000000000000000
       -0.17799999999999999000
        0.14000000000000001000
       -0.00800000000000000000
       -0.14399999999999999000
       -0.23400000000000001000
       -0.40000000000000002000
       -0.37200000000000000000
       -0.33800000000000002000
        0.05200000000000000000
       -0.04400000000000000000
       -0.16000000000000000000
        0.04800000000000000000
       -0.04200000000000000000
       -0.37400000000000000000
        0.36199999999999999000
        0.36399999999999999000
        0.30199999999999999000
        0.11600000000000001000
        0.27200000000000002000
       -0.05600000000000000000
       -0.25800000000000001000
        0.11000000000000000000
        0.09400000000000000000
        0.24600000000000000000
        0.35399999999999998000
       -0.28799999999999998000
        0.20799999999999999000
       -0.11200000000000000000
        0.27200000000000002000
        0.29599999999999999000
        0.01600000000000000000
       -0.19400000000000001000
       -0.01000000000000000000
        0.34799999999999998000
        0.29799999999999999000
       -0.23599999999999999000
        0.16200000000000001000
       -0.12600000000000000000
        0.00800000000000000000
        0.08799999999999999000
        0.04200000000000000000
        0.10800000000000000000
       -0.02600000000000000000
        0.06200000000000000000
        0.39200000000000002000
        0.34200000000000003000
       -0.13400000000000001000
        0.32400000000000001000
        0.10600000000000000000
       -0.15200000000000000000
        0.32600000000000001000
       -0.31400000000000000000
       -0.01000000000000000000
       -0.03600000000000000000
        0.02800000000000000000
       -0.35999999999999999000
       -0.03200000000000000000
       -0.12200000000000000000
       -0.02200000000000000000
       -0.21800000000000000000
       -0.09800000000000000000
        0.28000000000000003000
       -0.02600000000000000000
       -0.20599999999999999000
        0.07400000000000000000
       -0.14199999999999999000
       -0.33200000000000002000
        0.29999999999999999000
        0.35199999999999998000
       -0.03800000000000000000
       -0.26000000000000001000
        0.27600000000000002000
       -0.07600000000000000000
        0.26400000000000001000
       -0.15800000000000000000
        0.22400000000000000000
        0.26200000000000001000
        0.37000000000000000000
       -0.03400000000000000000
        0.28000000000000003000
        0.19800000000000001000
        0.22800000000000001000
        0.00600000000000000000
        0.14999999999999999000
       -0.22600000000000001000
        0.01400000000000000000
        0.35999999999999999000
       -0.04400000000000000000
       -0.32200000000000001000
        0.35999999999999999000
       -0.26200000000000001000
       -0.42199999999999999000
       -0.09200000000000000000
       -0.07000000000000001000
       -0.11200000000000000000
       -0.19800000000000001000
       -0.04600000000000000000
        0.32800000000000001000
        0.03200000000000000000
        0.30800000000000000000
        0.05200000000000000000
        0.45000000000000001000
        0.09400000000000000000
        0.14199999999999999000
        0.14599999999999999000
       -0.04200000000000000000
        0.12000000000000000000
       -0.17799999999999999000
       -0.16800000000000001000
        0.32600000000000001000
       -0.34399999999999997000
        0.39600000000000002000
        0.02600000000000000000
       -0.13400000000000001000
        0.20599999999999999000
        0.00200000000000000000
       -0.26800000000000002000
        0.08400000000000001000
       -0.28799999999999998000
        0.38200000000000001000
        0.12600000000000000000
       -0.14599999999999999000
        0.05200000000000000000
        0.23000000000000001000
       -0.32200000000000001000
       -0.00600000000000000000
        0.34999999999999998000
       -0.33600000000000002000
        0.06400000000000000000
        0.36399999999999999000
       -0.10000000000000001000
       -0.19600000000000001000
        0.06000000000000000000
       -0.13200000000000001000
       -0.15400000000000000000
        0.14799999999999999000
        0.35199999999999998000
       -0.05400000000000000000
       -0.27200000000000002000
       -0.23599999999999999000
        0.34799999999999998000
        0.42999999999999999000
        0.07400000000000000000
        0.33200000000000002000
        0.02400000000000000000
        0.15600000000000000000
       -0.14399999999999999000
        0.16600000000000001000
        0.04400000000000000000
       -0.06600000000000000000
       -0.01000000000000000000
       -1.29503633154031150000       -2.19779103043287982000       -8.35496182688559408000        6.04498209930369690000        3.24167687803143201000        0.61574166691377663000       -4.06428114432813814000       -5.83963532591604029000       -5.03731852696116622000        2.08627248481499983000       -0.17919625852374788000        0.31911011059431293000        0.37140031793085360000        1.69184076644096248000        3.72074707087778611000        4.77856443992781621000        2.10245214647295464000      -10.48591290060296188000        2.11890149073986267000        7.68376677779506334000       -1.94513993353392456000        7.54213594645167529000       12.35823915749721991000       -2.34376788421970783000        3.75117499335396332000       -1.03525094856599686000       -0.94083908533705363000       -7.99860828891701470000        5.76997999412438300000        2.22169871654471507000        0.71407123188943378000       -2.86857424083254742000       -4.63832848971589318000       -5.14722124405819947000        2.19853098282410420000        0.29136008228512128000        0.64452495102016027000       -0.55541238669315696000        1.63041165772700003000        4.45568540242681888000        4.85551422869929539000        2.47123679710753130000      -10.95640965041084947000        2.46003006553369064000        9.70175222727211128000       -1.35359310568820512000        6.97254873133977959000       13.49453815609564700000       -1.61192916270926045000        2.28280125724757621000       -0.87537919843936063000       -0.98617894098025860000       -7.79576351056676220000        5.21084168202334208000        2.17495975176907841000        0.40720713514201790000       -1.63837267948292897000       -4.32963293356168499000       -4.81874154619065909000        2.41954617512355652000        0.73021444824594905000        0.53460064269867913000       -0.51964515486660579000        1.71121001875838252000        4.85680068832255607000        4.75106359480384111000        2.55508253589078471000      -10.63716985010909077000        2.72414235879428013000       10.21969471064877233000       -0.70945453130890168000        6.97094939088586330000       13.87034197255097290000       -1.47646295362204683000        2.28714357179338901000        0.36853377822556960000       -1.02768055264418323000       -7.80774512684101385000        7.11993807243057386000        3.76235382957369247000        0.04280489388301371000       -0.16026144666348074000       -5.18854067253930129000       -6.55597675677366265000        2.99381464216631521000        1.13116027322353574000        0.83797166324412098000       -0.86661710903732359000        1.27722676630320464000        2.52528379882361964000        3.86094016767480674000        2.38843126899421732000      -11.57118685127769098000        1.72977698811272296000        9.60200306716818197000       -0.45193367333469425000        7.03923302624417246000       15.16027179795547575000       -2.97082631319767909000        4.27103838065973207000        0.82316551165014540000       -1.55954451608861544000       -8.17622943768765964000        7.31517663079263336000        2.19350008205001279000        0.01915251007576306000        0.37876617074462526000       -5.21014904982040417000       -5.44067527529219053000        2.87665110545147140000        1.52835479884913217000        0.93710783422249277000       -0.95447915843849240000        0.82622044431721320000        2.85113194607414755000        1.43422044216879563000        2.58168396135694600000      -11.86577068670493951000        2.97278210159440848000        8.52442622806084138000       -0.95920724594665696000        5.24812608342056741000       14.28782596938693494000       -3.11438973685461828000        5.56177709346355886000        1.54464777864690506000       -1.61443824845445416000       -8.44720391418801420000        7.60890876532687699000        1.67663892397705605000        0.32796594525028760000        1.01123898193976691000       -4.85953195301656393000       -5.63159154804625306000        2.78106958808069127000        1.58875428140230257000        1.13848016229608073000       -1.20708145165575798000        0.52466133518905311000        2.10942879702539132000        0.44532158072111083000        2.73921295132151421000      -12.31155059767151272000        3.19827013367329060000        7.67925495426515958000       -1.33608413144928195000        4.90946240523077027000       13.76402854419489508000       -4.04082297913524968000        6.61917970325094007000        1.37730516627250643000       -1.90036380629430734000       -8.20580533593403594000        5.40303280435884670000        1.36115106912191774000       -0.38166614826836515000        2.67279621513445775000       -4.36826099893561715000       -4.71256925883119937000        3.08101869669233119000        1.79421536159874151000        0.62003848699227060000       -0.22035297368797641000        0.84453060205832819000        2.29597239519554641000        0.70803793436697449000        2.39322318722004024000      -11.67265882677981281000        4.35264376155017718000        8.75268716228789323000       -2.06109484305409207000        4.52833254840698718000       13.72395823278701954000       -4.07345328470172241000        7.26169343825367264000        3.07117392788443055000       -2.81989453398277057000       -8.57423832319217638000        8.08331168764656027000        1.29725204825388296000       -0.57328771174014292000        4.39622432620088421000       -4.49075664613491021000       -6.07857973648596950000        3.36454630958256740000        1.66736360939445682000        0.09755991230744002000       -0.03153868199926615000        0.58465679095287260000       -0.77127293826404053000       -0.29010563182733640000        2.11102641012127590000      -12.17143207004964900000        2.99605225339028713000        6.64060680867149422000       -1.26304389702210806000        4.34124566186498129000       14.02062215181950044000       -6.60759341761790875000        9.46532954609604182000        3.20012108449072574000       -3.25719474896887684000       -8.71188245333721056000        8.19987638884540537000        0.45829869274155610000       -0.63452429868518667000        4.36702809317438589000       -3.97318099138526737000       -5.29575551000157940000        3.13882892461765906000        1.80412794430666668000        0.28219544023259646000       -0.57475027928411604000        0.03603068034612637000       -0.77768599360415114000       -1.80284523783696948000        2.06941592404268970000      -11.74401332035012935000        3.31935749803663915000        4.77847752252059710000       -1.23912186252534662000        3.33027224374783248000       12.33422897469053581000       -6.61145756711025179000        9.73172042783576607000        3.65454090348873262000       -3.51829880634922976000       -8.69872934311732138000        8.28909518629924591000        0.57329317408488523000       -0.84970308170743158000        4.87457126242617988000       -3.63220419955261731000       -5.39369795233115035000        3.23568453089338748000        1.74439503883896463000        0.34241922961241505000       -0.78399675193779816000       -0.12885576053516981000       -1.71080090884369218000       -2.22500638420278696000        1.91380626750071348000      -11.23063882075975961000        3.23175552286750323000        3.75319096664606855000       -1.38505462146631775000        2.97762722044068795000       11.58398052268149136000       -7.35006947599435634000       10.30494268795942681000        3.46768150839411504000       -3.73604425369101767000       -8.71275622462944455000        6.07505357110556599000       -0.17680836861506252000       -1.30148493267414822000        6.43102320507190406000       -3.19161418669991193000       -4.33929853996347070000        3.39679455337352021000        1.91606426822596299000       -0.12475650715522130000        0.47647277109564001000        0.21795053716985915000       -1.39014941347964704000       -2.03006949885230448000        1.64452855824552779000      -10.65728562212857966000        4.55730699385950011000        4.57309843588755704000       -2.52269068438117072000        2.27154659169975659000       11.64782509203337391000       -7.52193017035808875000       11.18624337417190340000        3.50084179932426398000       -4.49211071120048899000       -7.84632770359239728000        5.98484497381175284000       -0.16953319636762873000       -1.79703931446936238000        7.09321392176786603000       -2.47558775409549181000       -4.54216196220044299000        3.66771509208861701000        1.71995281305431136000       -1.18114110119122251000        0.81387001267084891000        0.57954258600137942000       -2.36462210212398372000       -2.43933219411875779000        1.14603383601064435000      -10.03025252854512317000        3.85951576688014253000        3.81622218824611048000       -2.24071907576873164000        2.49528533907887118000        9.93963055450284649000       -8.13255827660295516000       11.68034318318872522000        4.37177827243324391000       -4.99371353373302718000       -9.02869335712426313000        7.03558263612930013000       -2.43512155334925717000       -1.48801809331169421000        8.24753449032119867000       -1.44761870345020061000       -3.90434339459880020000        3.56768273001678438000        1.57022626252963660000       -2.18441584162819735000        1.46017236541609918000        0.78517184473717272000       -2.87919525495479478000       -3.28693402094410558000        1.35978913175323357000      -10.77926023989881621000        5.33225277800691622000        3.10037772097034869000       -2.34463986708504235000        1.41744158420687505000       10.35582170612607555000       -9.50285465075508462000       12.87147945269808780000        4.36468790722624078000       -3.64351942083045932000       -8.26502221770179624000        6.33058045559969518000       -3.10601301608480762000       -1.58128458238756897000        9.01357606786640808000       -0.33135910106518796000       -4.06371985651576662000        3.77606530393903350000        1.76239695470111757000       -2.14781744034345401000        0.72328718505006073000        1.06778355797890145000       -2.24018175105053841000       -2.89166709696284086000        1.53480240453180206000      -10.76668693133629517000        5.79286212797635791000        5.69047805004011487000       -2.03671053168205063000        0.77549492733073344000       11.13934063169989308000       -8.63113741059199491000       11.09334037572812193000        4.25335390948574066000       -3.94613676363248089000       -8.26805872202731074000        4.72169698754503564000       -4.12512774167783025000       -1.89955663150143406000       10.41987657641913501000        0.32649676179513137000       -2.89149883387716189000        3.69230548986908058000        1.81928464083636787000       -2.51674497483961623000        1.66254657720517129000        1.04501501737930891000       -2.37921903010957836000       -3.01880125709159941000        1.13771950125952537000      -10.41732808743184258000        7.02692900873266080000        6.21626835420688106000       -2.86345082320720001000       -0.17224004708103757000       11.07859375764149057000       -8.71574635122135000000       11.67879507429895014000        4.40928562218033537000       -3.74194826541064662000       -8.12464705277043109000        4.01103912837011478000       -3.92670350602528906000       -1.93393455560078498000       11.41142241161202264000        1.44621262637641324000       -2.54197851054798996000        3.43458658278025775000        1.91058957503772953000       -2.02020321502701172000        1.42940715692306530000        0.46293171767561780000       -3.24690123974039091000       -2.84464314952216890000        0.80573221574133946000       -9.65458631526409938000        6.78096581423918021000        4.86467228569881538000       -2.78113586893147557000       -0.34777938914482726000       10.52335876409241244000       -8.96613067874510605000       11.54520976897981299000        5.19135308022534403000       -4.06397643665638775000       -9.29051084764597768000        5.39129002255490786000       -6.04570774885187046000       -2.09825333780983625000       13.35368270598705998000        2.26066213652119385000       -2.35415976096177149000        3.72179783184281376000        1.75293731683963161000       -3.08515407896716054000        2.10171155565959422000        1.08710121613060751000       -3.76963834545660559000       -2.81589028452273915000        0.88620820568707948000      -10.09366985726253851000        7.68623975633477396000        5.29729269310362572000       -2.35849535667550958000       -1.60850302442851145000       12.37385510290636681000      -10.39592790268878275000       12.15285169595809656000        5.37475499859023476000       -3.12906730774907293000       -9.08691059986982275000        5.16517189648311259000       -7.07191127847685763000       -1.64840732306715831000       14.09782788293490974000        3.27174272929400889000       -1.62937393716720780000        3.14457256273480823000        1.77669375518621053000       -2.57396700636040388000        1.80411937402416855000        0.43413262200772862000       -4.13601940312387306000       -2.70937600210189622000        0.89554094079530011000      -10.54785305859267908000        8.54685362716897679000        6.65174793599532865000       -2.32797030134014094000       -2.72286541286656147000       13.47164834711247750000       -9.91832167090522887000       11.01735419055782472000        5.22443693636113871000       -3.43420029131109894000       -9.05672315250129500000        3.89673538135450892000       -7.53983028017399892000       -1.91249658727684246000       14.80769904732629350000        3.63825451066423655000       -1.03472455279304998000        3.22395089301447646000        1.75372470331854968000       -2.84655539575823946000        2.46827892247723524000        0.64837000124490285000       -4.03975118580619252000       -2.54617067550457454000        0.64725955372579824000       -9.76265551879127713000        8.91970049751837735000        6.43796681443814922000       -2.74056150502845508000       -3.03593052482247927000       13.03403748703734699000      -10.05685826157411000000       11.36677211493722339000        5.18219731700752195000       -4.32478246989194304000       -8.65521971047721550000        3.04742586235331059000       -9.32617382453491217000       -2.09401193919251627000       15.74013911655759657000        4.30238324695244501000        0.18626972965906161000        3.16360685627890215000        1.29094731925521433000       -4.31728297386155369000        4.09232835736576206000        1.34271064084253711000       -4.23277054148210485000       -2.84417153439629811000        0.15989994162225860000      -10.17699763529854806000       10.21223720958060532000        7.27109340050512021000       -3.49323485099044273000       -3.68921224663889635000       12.97922071435054292000      -10.27344130985170168000       12.41764467666816607000        5.09928131596388035000       -4.16285910142833249000       -8.84965639384275704000        2.54600820870301092000       -9.70461248562097722000       -2.47615745041279522000       16.81169767426487030000        5.34189795262421807000        0.63205235552250760000        3.23715442706989265000        1.37275912444806369000       -4.57258430831230811000        4.21695331167009169000        1.42294510021955301000       -4.41659256596624417000       -2.52395414508428662000       -0.09263503952564379000       -9.05586320159197733000       10.64200144443996798000        6.60807351376389374000       -3.32736803333496667000       -4.43721882517667776000       12.52108016159202641000      -10.66516941818207975000       12.09918215966393795000        4.81557758718903095000       -3.93499445351774257000       -8.49931699866623269000        1.48722709521209762000      -10.09159476607716854000       -2.27298198756826819000       16.52873689662359880000        6.30361046969731209000        1.33020146785427129000        2.78090984287280918000        1.28778408736224570000       -4.31581954983073679000        3.92117672045754517000        1.11710690318174133000       -4.21955091730270215000       -2.96588678499522063000       -0.14291568827053103000       -8.04730788094774319000       10.66984898953628402000        5.28961088086157716000       -3.54888599648812653000       -4.85481442145225017000       10.53713010830241892000      -10.61375517621370967000       11.59650470898967889000        4.35883253844744623000       -4.17211809436787195000       -8.19091635821018294000       -0.61375678849687632000       -9.98978622624338008000       -2.64373586860794996000       17.01990292751001020000        6.46227834860784345000        1.84438403369802906000        2.86982249877616535000        1.25895511350992928000       -4.66489398746246842000        4.87614891464902023000        1.32175228717156279000       -3.99958700007809753000       -2.72856288417842174000       -0.37518058887540012000       -6.88747416295038839000       10.98574433980016884000        5.14144364277183907000       -4.28976982008338048000       -4.98270862728575725000        9.39544420462462071000      -10.75802468882542762000       12.08602263971119761000        4.22189296912530487000       -4.26620871895044207000       -7.90030991955322204000       -1.08172097452427085000      -10.07255234626686935000       -2.73598190127942287000       17.14115268562718700000        6.29149938315561119000        2.12000890220986760000        2.89884190556558208000        1.20318440713230346000       -4.70088248985921187000        5.20172488606578565000        1.58020914165857795000       -3.90180638243711986000       -3.09880139566965473000       -0.54773970281936024000       -6.53435492504534654000       11.11246101815302545000        4.98549747651117947000       -4.73906404206701382000       -5.36545835398799298000        9.10886631488652654000      -10.87213483680096893000       12.57319707235856221000        3.81389849878945197000       -4.35866236471117130000       -7.66955747739242621000       -2.72444238167863340000      -10.83643303354119425000       -2.84050685209842246000       16.73326448015895100000        7.19677026132539588000        3.01917558489237914000        2.82208471751225876000        1.07613651248549513000       -5.31060665492903894000        5.48796896669411005000        1.79118167647731452000       -3.24847593094054243000       -3.76377345901743432000       -0.57929427984922766000       -5.53051945338483275000       12.23403916307856854000        4.16642489481573897000       -5.58606543225451002000       -6.06574398718109542000        6.66934237745104319000      -10.66503277229578650000       12.62087781053593183000        3.80322937913232151000       -4.15639780291960736000       -7.60581221457390288000       -3.69939005830293466000      -11.35537926046594492000       -2.53808618550384946000       16.08038467044748290000        8.00217473864623763000        3.21132599496900095000        2.78451120618226211000        0.61746247723666225000       -5.53698772585325916000        5.72279867768077555000        2.48733960499198936000       -2.74666654044401648000       -3.00189005649373630000       -0.44182541043167667000       -4.40148933291967204000       12.07659552778789802000        3.01949928643447851000       -5.78359119478749673000       -5.66559038101730739000        5.46329133189007088000      -10.90600265731580443000       12.17844404913087963000        3.35908447171369406000       -4.41903987782879071000       -7.80988634033389228000       -6.02578007987849773000      -10.63514849431041220000       -2.75797383803022811000       15.97556577508562015000        7.80222284016891354000        3.49838358728164689000        2.84665427514873759000        0.42906811391016741000       -5.53198375640647733000        7.08661569141377790000        2.62891752985183880000       -2.95981017431045190000       -2.09590193956692383000       -0.79120682361851435000       -3.10227199651868535000       12.27602935773236936000        1.74219069570937002000       -7.47221418444227492000       -5.29437241248571677000        4.18442435509390087000      -11.63598063757869738000       13.39753339879747252000        2.63150151371225016000       -3.47277772561025211000       -5.67709358321118796000       -8.71271208436486333000       -6.47336880737327114000       -3.03718799169931408000       14.30216652093166374000        7.82179040775591794000        2.25096685096884119000        2.72824552673710041000        0.38818213313351185000       -4.61450044456446129000        5.88521338329045918000        2.13376751150634902000       -4.08052976226411790000       -1.03622393777518296000       -1.40789660869618793000       -0.81821172237574047000       10.05156050603437379000        0.02609206544779995000       -7.77473570258299951000       -3.09398671959796978000       -0.02045869172873213000      -10.73176550145678121000       12.17225715006190256000        2.73683631173795883000       -4.64621689726551423000       -5.87698531131282742000       -8.97621411683134696000       -7.51135872450898479000       -2.76805143438423240000       12.35345671634370035000        6.19802798909896335000        3.16668000752841960000        2.49527745761110742000        0.13345738809948021000       -4.58330733131753654000        6.45734918539821923000        2.24127780628332873000       -3.46053075358484863000       -4.18228511678087322000       -1.15864265871071459000       -0.50152353463676647000       10.50498335321494459000       -2.89406632771897554000       -9.49452010652941070000       -4.32770935054287609000       -3.23787480818825379000      -11.52875527553721824000       14.74841545294657052000        2.55275058554552770000       -4.37138974396232260000       -5.68462575506674028000       -8.71668291361827841000       -6.77803681651522716000       -2.12384312261059449000       10.43781987572321412000        6.65476787917948709000        2.62756294415797642000        2.27894672421836919000       -0.19741827805789733000       -4.39082798482682879000        5.60497365437874784000        2.49423317288928903000       -3.11116817625845332000       -4.11282979978651042000       -0.82649414182442160000        0.68107745320572954000        9.42073357154779778000       -5.26818442276917320000       -9.08011060795645974000       -3.31741439814061456000       -5.61318788467218077000      -11.76236401054370795000       13.96258298743322790000        2.54603024284925095000       -4.26627636873995542000       -5.99511818855545986000       -8.72180665003791944000       -6.02023883428718776000       -1.87213847709713521000        9.82855783961627516000        6.57100968134669028000        2.22702977130291879000        2.09068702048363386000       -0.33118968557865569000       -3.92151618095450294000        5.77968418107823290000        2.32259097106520018000       -3.54499810822735650000       -3.43463681313620484000       -0.85095887928111447000        1.67896514319360990000        8.35654370356416720000       -7.56347498552312025000       -9.29994471036775927000       -2.77204266155066614000       -6.43539288085319239000      -12.61812446074403837000       14.25839377847746014000        3.06332904650070104000       -4.53901996039499345000       -7.02515660523112118000       -7.41638541757438752000       -8.05116194375929872000       -0.81571728410977729000        8.84881636560488616000        8.50385459775838903000        3.14033322731763409000        1.22337967643598389000       -0.50435085905535415000       -3.48684456930320064000        5.24109684150182176000        1.61039159065014448000       -3.10758345595519225000       -2.90857880529856816000       -0.40658873337872203000        3.45995564717178583000        7.00018545691135063000      -12.95501594078143448000       -7.14168131345925161000       -2.53062420642694264000       -8.10386932363334189000      -12.79140895688863466000       12.67495864995848365000        3.56563096210309549000       -4.48966089943914337000       -6.79392362845227549000       -6.85300227276492624000       -7.56625558496181228000       -0.78592465417282842000        9.28555466794829876000        8.68907677728980765000        2.55476479664868705000        1.16919029634653593000       -0.68651982280170776000       -3.80163273506098021000        5.56456213274265821000        1.62667675611462825000       -4.30802204365386476000       -2.23673947683403629000       -0.51305680287137057000        3.72636206980526463000        6.10075104278232683000      -13.77953557789841632000       -6.62602353392220600000       -1.99910495945430378000       -8.09003330936062959000      -13.68073329556091444000       12.92147698787718646000        3.53097163861428998000       -4.23524839613928705000       -6.59570473766912180000       -6.94489311246573315000       -6.47292763027815088000       -0.54755701397948553000        9.06163218300359397000        9.04685582989508852000        2.06477631889309876000        0.85933409553917373000       -0.72213520263094855000       -3.52662335056719112000        5.44387218558801678000        1.26497925744437900000       -4.85345867984442947000       -1.55568318303633135000       -0.43177448088516646000        4.53910325954359362000        4.77419444248980884000      -15.51595937005047787000       -6.19053955541113599000       -1.05012754784379103000       -9.16720036208076294000      -14.37597037031056857000       12.71211265302355820000        3.92398296303148353000       -3.95581365996535439000       -6.15059747202679041000       -4.74162759786307486000       -5.88585747342972088000       -0.53904811685629728000        8.64851362888042097000        9.49652252192181301000        1.03103932848073465000        0.89183382462896732000       -0.68941029830358513000       -3.49169000267764407000        4.46689482126824533000        1.11085099388971975000       -5.60759776552068789000       -1.13978886799309698000       -0.46288132989637237000        5.34868568590144111000        2.44501382515255816000      -17.46521534870263890000       -3.92834404202149878000       -0.33891729627500333000       -9.48035372083742800000      -14.59933251550969047000       11.32773344340460753000        4.23399690401301942000       -4.75100186740885455000       -6.96037924226388238000       -4.17433726651480441000       -8.23765788983317115000       -0.25639307111830578000        8.79846850174327955000       10.19251329778529147000        1.80146903031360961000        0.76416339943469003000       -0.97146406291028420000       -4.96284697433898181000        6.03182968751293469000        1.61138720435763649000       -5.30187783235148125000       -0.96407590790550368000       -0.27555193068712647000        5.58716986709681418000        2.52360189538091273000      -19.28504210148948420000       -3.27827535155603789000       -0.58649840733029923000       -9.66062301019943170000      -15.30837079748678242000       11.78384669273619600000        4.39346026805657530000       -3.60621085970737543000       -6.61799404170967875000       -4.02524105017278355000       -7.55273183262383352000        0.13536041852338876000        8.89742871633776922000       11.96207660183587507000        1.03602809021859521000        0.50451991298809684000       -1.29793171124826356000       -5.71039543521874116000        6.19784562396852312000        1.63160420315029087000       -6.20549036003914090000        2.07253582454351948000       -0.31790119231997815000        5.42444598023307556000        2.13778150099930064000      -18.10313400324415410000       -2.07702201189953817000        1.21649958446469109000       -8.36303579423894661000      -15.19171938254053344000        9.72637007358999739000        4.44559071343931311000       -2.79235347447042415000       -6.45705518057843886000       -3.52874150054561753000       -8.34515401787302125000        0.23591898335241626000        9.08626713280802356000       12.63840115419021970000        0.69457350386975591000        0.60105004143596874000       -1.37865891216137726000       -6.49491470796843906000        6.42526734431111279000        2.03611480342303253000       -5.72763728176696230000        3.17079699363971246000        0.03454730715238524000        5.13278470385054320000        2.17169377337824532000      -16.28031376780692700000       -1.16229629681079372000        1.14316007632674554000       -6.83024150601642432000      -14.81753704377977421000        8.27022163604171112000        4.44622713855108120000       -2.63884166163128775000       -6.01555403844055014000       -2.63084245038405129000       -7.35884649573391236000        0.42316642673778804000        7.74792521596858652000       12.84470423833957398000        0.04299088940364868000        0.40440737533921384000       -1.42792221550880960000       -6.47300630886728268000        5.94021711967411825000        1.77401748026356887000       -6.03451977902074699000        3.65005836870926093000       -0.04598413418053476000        6.06502675202000319000        0.47694166314435432000      -18.67891680254716040000        0.20226491165523461000        2.35819954091335182000       -8.25731015316551620000      -14.70620103221701846000        7.38128468843554497000        2.68110530144766956000       -1.34807367753032814000       -5.09278516275637116000       -5.48206686220042716000       -5.19631260633152081000       -0.01183732397732706000        5.77331143420803894000       12.22831024371301112000        0.23529042269852746000        0.76843787694148313000       -0.79061172585105888000       -5.38732044331684268000        4.95598313390954015000        2.11955948084399770000       -3.01721045713995339000        4.11843501087929376000        0.20778482435412010000        7.91122506064193853000        0.41153293308895544000      -18.01138287928162640000       -0.50273163390877784000        2.93797583112129290000       -9.94076821383620235000      -12.54391519929182053000        5.55941627270327032000        2.79302057602042808000       -0.59508282914346899000       -5.00581575556821790000       -4.56139676869988264000       -4.96411183909963860000        0.43114637733569072000        4.79271007780372305000       12.13917725253910085000       -0.41153675239830390000        0.62372871705445432000       -0.82305493758739157000       -5.16519502337914993000        4.52412642836673484000        2.03570495482812097000       -2.89385832041602820000        4.25509620343944306000        0.52474517341347582000        8.05992805238501475000       -0.13194066752030037000      -18.24311952730393570000        0.09104881941505773000        3.02635054727506780000       -9.78391140680471416000      -12.49568678463696436000        4.74554389338033644000        2.78678366075055894000       -1.36784150779210334000       -5.39532139339216599000       -3.99697319108700500000       -4.33106011995554940000        0.30129185537585518000        3.96682994581700266000       10.95702930051486135000       -0.56637349669786219000        0.77476270741361108000       -0.82979874659111863000       -4.91484316133101196000        4.77561218849933589000        2.25329393080839013000       -2.50693070145947239000        4.20882904121996582000        0.57574164715844833000        8.94545639644851853000       -1.32429265629789961000      -20.70591235651951580000        0.34716691230245267000        3.57717609433572914000      -10.36303035857310029000      -12.94772429500451949000        5.63933623068062406000        2.50739874870342838000       -0.80132939991461194000       -5.09877270876476274000       -4.34047410490435137000       -0.76920909529581827000        0.37763898568357102000        2.28800656255487667000       10.44708658650314170000       -2.14167023451027649000        0.76307577391506454000       -0.75236034183840472000       -3.47818916310956006000        4.02488941801299838000        1.49964312379885123000       -3.47431083297119248000        5.76562467886162189000        0.34036790299362563000       10.83902345117477495000       -3.76674772035296934000      -24.07214262009134840000        0.55510028524811028000        5.77021255031682045000      -12.19823124353114352000      -13.32042746365586261000        5.30084272477395313000        1.99427717100306290000       -0.08714993211342417000       -5.79816036262482637000       -4.51949872374381556000       -1.25469675607565878000        0.61221945330788574000        1.35684381160905287000       10.16087358831061671000       -1.93622880795795549000        0.97426880281165695000       -0.38868153392168281000       -2.80395076899460616000        3.87864476884189768000        1.82876978737895635000       -1.26548966668312124000        6.01993008378911743000        0.93286795582381299000       11.94681783487374105000       -3.32015272268701000000      -24.26755888003712870000        0.51960615209131844000        5.22219341911650847000      -11.62339660259720020000      -12.89655497584607424000        4.49705432425566443000        1.85147919244759906000        0.28864748965234288000       -5.75359415554912079000       -4.22922711989163513000       -1.14244282198088332000        0.62720377969494912000        1.12392499170009219000       10.02010004061138382000       -2.20632944487021687000        0.99813668998972493000       -0.34770435019748641000       -3.02995723000446482000        4.07267094875885594000        1.95452325032802299000       -1.20980710136871017000        6.33536256620573468000        0.78898525694950972000       12.29494043613784982000       -3.27262680505612069000      -24.15092476503785690000        0.81636298276038588000        5.09568245267877717000      -11.32878286350048924000      -12.66555263232979023000        4.12182567019298851000        1.45740173187993971000       -0.19451560022233905000       -5.45004000179035142000       -4.78523026738696355000       -0.40739502334237360000        0.37200565196924024000        0.10487615088820407000       10.03371733474904026000       -2.12515560880140875000        0.99745125019223357000       -0.27542167359559611000       -3.17828263983189396000        4.11977387123858207000        1.84341690671680358000       -0.96838377701968870000        6.00424807055980558000        0.53330146437703752000       13.66371320796107014000       -4.10738092846547609000      -26.89620122154001790000        0.98159248989041070000        5.80166838810045071000      -13.94109738297836998000      -12.62178904978963878000        4.38941805334070523000        1.57295358954629050000        0.26864212630722839000       -5.22711173994600209000       -4.32085953736886363000        2.13227348967925812000        0.45043941879473209000       -0.57208411483349297000        8.99480316908634947000       -3.30365757276955163000        0.87976068522683759000       -0.02481825935021989000       -2.06133665240057473000        3.69459830828663494000        0.97800166925728405000       -2.13600817105314089000        6.53864068959941047000        0.37226531607984398000       14.04896567265390317000       -5.49121831203261301000      -28.27298736457218810000        1.10689724939681677000        6.89044889383239578000      -14.08782497264789590000      -12.97968173760113331000        4.72113161716572272000        1.31981397082054452000        0.92662458666359915000       -5.06437049010263163000       -3.03104699024447566000        1.28276337122955164000        0.63185097844171756000       -1.95958612325055470000        8.73550446501017319000       -3.29097520729297610000        0.81987529141227666000        0.04877785988462545000       -1.49504128088360533000        2.29215454202153479000        0.80822935559952658000       -1.42982970879509041000        5.04746946949722464000        0.42800323095327031000       14.59008350441923518000       -5.55578315602113104000      -28.31118236999979130000        1.88838014162511381000        5.26970215825013089000      -14.54904108177952970000      -11.81008418856860764000        3.02665269647448198000