 9         8        29        48        56
        0.00    0
       1.000000       1.000000      49.576000      49.576000      49.688000      49.688000      49.688000      49.688000      49.528000      49.528000      49.528000      49.528000      49.528000      49.528000      49.528000      49.528000      49.528000      49.528000      49.528000      49.528000      49.528000      49.528000      49.528000      49.528000      49.528000      49.528000      49.528000      49.528000      49.528000      49.528000      49.528000      49.528000      49.528000      49.528000      49.528000      49.528000      49.528000      49.528000      49.528000      49.528000      49.528000      49.528000      49.528000      49.528000      49.528000      49.528000      49.528000      49.528000      49.576000      49.576000      49.576000      49.576000      49.688000      49.688000      49.688000      49.688000
      -1.000000      -1.000000       0.291000       0.291000       0.291000       0.291000       0.402000       0.402000       0.402000       0.402000       0.402000       0.402000       0.402000       0.402000       0.402000       0.402000       0.402000       0.402000       0.402000       0.402000       0.402000       0.402000       0.402000       0.402000       0.402000       0.402000       0.402000       0.402000       0.402000       0.402000       0.402000       0.402000       0.402000       0.402000       0.402000       0.402000       0.402000       0.402000       0.402000       0.402000       0.402000       0.402000       0.402000       0.402000       0.402000       0.402000       0.402000       0.402000       0.402000       0.402000       0.402000       0.402000       0.402000       0.402000       0.402000       0.402000
        0.19800000000000001000
        0.06600000000000000000
        0.15200000000000000000
        0.33800000000000002000
       -0.26000000000000001000
        0.09800000000000000000
       -0.20200000000000001000
       -0.17599999999999999000
        0.32600000000000001000
       -0.13600000000000001000
        0.14799999999999999000
        0.05400000000000000000
        0.23400000000000001000
       -0.25600000000000001000
       -0.09000000000000000000
        0.10800000000000000000
       -0.13400000000000001000
       -0.01400000000000000000
        0.13600000000000001000
        0.28999999999999998000
       -0.17199999999999999000
        0.04600000000000000000
       -0.15200000000000000000
        0.38800000000000001000
       -0.04400000000000000000
       -0.22600000000000001000
       -0.22200000000000000000
        0.15400000000000000000
       -0.09200000000000000000
        0.01000000000000000000
       -0.19800000000000001000
       -0.02600000000000000000
        0.03400000000000000000
       -0.04800000000000000000
        0.16800000000000001000
        0.25200000000000000000
       -0.13600000000000001000
       -0.08400000000000001000
        0.32600000000000001000
       -0.02800000000000000000
        0.08599999999999999000
       -0.07800000000000000000
        0.35399999999999998000
       -0.30599999999999999000
        0.21600000000000000000
       -0.19200000000000000000
        0.24399999999999999000
        0.29199999999999998000
        0.24800000000000000000
       -0.05400000000000000000
        0.40600000000000003000
        0.03600000000000000000
        0.27200000000000002000
       -0.04200000000000000000
        0.37200000000000000000
       -0.38800000000000001000
       -0.25800000000000001000
       -0.37800000000000000000
        0.28000000000000003000
       -0.23999999999999999000
       -0.20000000000000001000
       -0.05400000000000000000
       -0.26800000000000002000
        0.11000000000000000000
        0.10800000000000000000
       -0.20200000000000001000
        0.13800000000000001000
        0.37000000000000000000
       -0.04000000000000000000
       -0.07800000000000000000
        0.27200000000000002000
        0.05000000000000000000
       -0.26400000000000001000
        0.00400000000000000000
        0.12000000000000000000
       -0.08200000000000000000
        0.28199999999999997000
        0.29999999999999999000
        0.29399999999999998000
       -0.19600000000000001000
        0.21199999999999999000
        0.03400000000000000000
       -0.05400000000000000000
       -0.25600000000000001000
        0.29999999999999999000
       -0.09400000000000000000
        0.13600000000000001000
       -0.35799999999999998000
        0.24399999999999999000
        0.04800000000000000000
       -0.10000000000000001000
        0.08000000000000000000
       -0.37600000000000000000
       -0.22600000000000001000
       -0.17599999999999999000
        0.21199999999999999000
       -0.29599999999999999000
       -0.05400000000000000000
       -0.16400000000000001000
       -0.14599999999999999000
       -0.35799999999999998000
       -0.09000000000000000000
        0.18800000000000000000
        0.39200000000000002000
        0.24600000000000000000
        0.09000000000000000000
       -0.24800000000000000000
       -0.31800000000000000000
       -0.13800000000000001000
        0.24399999999999999000
       -0.13400000000000001000
       -0.07600000000000000000
        0.03800000000000000000
       -0.29799999999999999000
        0.20399999999999999000
       -0.19800000000000001000
        0.21600000000000000000
        0.05800000000000000000
       -0.01600000000000000000
        0.21600000000000000000
        0.07199999999999999000
       -0.01400000000000000000
        0.27000000000000002000
        0.38600000000000001000
       -0.13200000000000001000
        0.10800000000000000000
       -0.12000000000000000000
        0.12400000000000000000
       -0.08799999999999999000
       -0.26000000000000001000
       -0.13200000000000001000
       -0.05800000000000000000
        0.37200000000000000000
        0.01200000000000000000
        0.01800000000000000000
       -0.26000000000000001000
       -0.12200000000000000000
       -0.34999999999999998000
        0.05200000000000000000
        0.08000000000000000000
        0.42199999999999999000
       -0.08200000000000000000
       -0.06400000000000000000
       -0.03800000000000000000
       -0.37600000000000000000
        0.19200000000000000000
       -0.03800000000000000000
       -0.25600000000000001000
        0.24600000000000000000
        0.25600000000000001000
       -0.21400000000000000000
        0.09600000000000000000
       -0.05400000000000000000
        0.22000000000000000000
        0.16000000000000000000
        0.00000000000000000000
       -0.06000000000000000000
        0.33200000000000002000
       -0.07400000000000000000
        0.28000000000000003000
        0.47999999999999998000
        0.03400000000000000000
        0.20999999999999999000
       -0.10400000000000000000
       -0.05200000000000000000
        0.17799999999999999000
        0.14599999999999999000
       -0.04600000000000000000
       -0.12400000000000000000
        0.39600000000000002000
       -0.14999999999999999000
       -0.07000000000000001000
        0.26400000000000001000
       -0.34399999999999997000
       -0.01800000000000000000
        0.27200000000000002000
       -0.34000000000000002000
       -0.02800000000000000000
       -0.25200000000000000000
        0.10800000000000000000
       -0.27200000000000002000
        0.03800000000000000000
        0.24199999999999999000
        0.12600000000000000000
       -0.37000000000000000000
       -0.20799999999999999000
       -0.31800000000000000000
       -0.06800000000000000000
        0.37200000000000000000
        0.20399999999999999000
        0.31400000000000000000
        0.00400000000000000000
        0.13400000000000001000
       -0.28000000000000003000
       -0.05800000000000000000
        0.33400000000000002000
       -0.39200000000000002000
       -0.09600000000000000000
        0.08000000000000000000
       -0.34200000000000003000
       -0.44400000000000001000
       -0.08799999999999999000
        0.16000000000000000000
        0.34000000000000002000
        0.15200000000000000000
       -0.16000000000000000000
       -0.15200000000000000000
        0.03000000000000000000
        0.24399999999999999000
       -0.17999999999999999000
        0.19400000000000001000
        0.03600000000000000000
       -0.22200000000000000000
        0.02400000000000000000
        0.06200000000000000000
        0.30399999999999999000
        0.19800000000000001000
        0.39000000000000001000
        0.19200000000000000000
        0.06200000000000000000
       -0.42599999999999999000
       -0.07800000000000000000
       -0.19600000000000001000
       -0.00400000000000000000
       -0.05800000000000000000
        0.26200000000000001000
       -0.09000000000000000000
       -0.11200000000000000000
       -0.30800000000000000000
        0.35999999999999999000
       -0.02000000000000000000
       -0.00600000000000000000
       -0.05000000000000000000
       -0.04600000000000000000
       -0.12000000000000000000
        0.35599999999999998000
        0.07600000000000000000
        0.10800000000000000000
       -0.38200000000000001000
       -0.05400000000000000000
        0.04200000000000000000
       -0.06800000000000000000
        0.23200000000000001000
        0.22000000000000000000
        0.34799999999999998000
       -0.06000000000000000000
        0.38200000000000001000
        0.31000000000000000000
        0.09800000000000000000
        0.16000000000000000000
        0.38800000000000001000
        0.04400000000000000000
       -0.14399999999999999000
       -0.21400000000000000000
        0.20200000000000001000
       -0.21600000000000000000
       -0.05800000000000000000
        0.36199999999999999000
        0.20000000000000001000
        0.07400000000000000000
       -0.38200000000000001000
        0.03200000000000000000
       -0.11200000000000000000
       -0.22800000000000001000
       -0.27800000000000002000
        0.25400000000000000000
        0.09000000000000000000
       -0.27600000000000002000
       -0.32400000000000001000
       -0.25400000000000000000
       -0.45400000000000001000
       -0.09000000000000000000
        0.24800000000000000000
       -0.30199999999999999000
       -0.10400000000000000000
        0.20399999999999999000
       -0.02800000000000000000
       -0.20399999999999999000
       -0.23200000000000001000
       -0.34999999999999998000
       -0.07400000000000000000
        0.01400000000000000000
       -0.08400000000000001000
       -0.01200000000000000000
        0.18400000000000000000
        0.07199999999999999000
        0.11799999999999999000
        0.25800000000000001000
       -0.35999999999999999000
        0.23000000000000001000
       -1.80468452278573688000      -17.16831096239868510000        0.62028068980336981000        9.40243161256730886000       -2.42364154175977031000       -0.88145056536812028000        5.00389091684437037000        4.71058294720186499000       -5.84055811978813733000       -0.60939133161146775000        1.63570215305938294000       22.86444130244641220000        2.56241452348551846000       -8.21469492677773516000       -8.77635745168396042000       -0.02918843193955868000       12.10336571366445391000       17.07912974873030980000        7.01041673534714782000       -5.09550226505715020000        1.44878277889078166000        0.97845936508116349000        7.31220409022055406000       -2.97932125158129191000        0.02984742036521876000       -4.36469718135969043000        6.26192911671290986000       -4.90362168798634634000      -26.17768748327036120000       15.32584058973868046000       -0.47982925243156482000      -18.26312753959247100000       -0.41925021366940579000        8.58117741810012014000       -2.34653615746387700000       -0.87694842508660054000        3.81121806970266430000        5.24543478841774746000       -6.03773857008920878000       -0.20065128717279454000        1.61851735834710730000       23.04854081231899700000        2.04213028648027795000       -9.70804730887975254000       -8.61827742556844889000        0.21424780942272817000       11.28220683666399893000       18.26775493547606640000        7.37723331465353738000       -5.45042041360317597000        1.27311163336491084000        0.22176780007167465000        6.82815613400077748000       -4.02164783384833147000        0.12877091335921970000       -5.07124162561588498000        5.25044193432839368000       -4.69071609106824017000      -24.57028835997107660000       15.14034295224772997000        1.89006414931458688000      -17.87738955052625660000       -0.75466645055659431000        7.01516717552907743000       -2.06791302201126559000       -0.35077165450959286000        1.29818401684185369000        4.52889376711033087000       -5.19213747922009095000        0.17159066441210702000        0.76962115136313125000       23.01220350022672890000        0.80153800112585094000      -12.39922614016715130000       -9.43592645075468361000        0.65092271225616338000        9.81185979691979959000       18.10708269330964980000        7.74889184384542062000       -6.02739493080717725000        1.29361228829306407000       -0.27492407574159550000        6.12029178940503016000       -3.99560229758401508000        0.03450342891601222000       -6.33951057078138547000        3.59611964351215985000       -4.05203876488902726000      -21.97485479534957160000       14.54609160593855322000        3.07808751599857988000      -18.99749511215592080000       -1.76760545053967322000        5.97262805247793960000       -2.12012918998103883000       -0.41050817803430223000        0.39078009512324663000        5.27008011914966623000       -4.76485789761590617000        0.26503198349963436000        0.26553186328311518000       24.40973682483974730000        1.19198060737776168000      -13.89562164138128964000      -10.32212039762679545000        1.81327567522449917000        9.54122763965771092000       19.17995170216238780000        8.32487905365460712000       -5.94392646586810614000        1.27846953082486525000       -0.98960465686125698000        7.59408307995198051000       -4.76374490855093669000        0.06399584827769772000       -7.29777981984898450000        2.97646668542246706000       -4.14513622773787116000      -22.50557794307602320000       15.22907427241037936000        4.68788309193915254000      -19.37362708377718690000       -2.95760148247137922000        6.20718694523004633000       -2.41509861861286090000       -0.35563920177684355000        1.06834477951595641000        7.18955114687905272000       -5.91596382438625668000        0.97721295708456968000        0.37335954702434676000       24.81342318233664910000        0.69443220676814232000      -13.15354369853255356000      -10.02672933994501925000        0.48491455943242351000        8.82684349215796793000       21.08886903849531440000        8.36196099437272444000       -6.95177911336507659000        1.81805944297533606000       -1.50365343906778137000        8.20597939081925709000       -5.67564862584859053000        0.45443921043413416000       -7.95985021012968907000        2.66138209051587893000       -4.12697771755087039000      -20.57388334150404320000       16.27284464048939580000        5.57956964969180014000      -18.96166588605469980000       -2.74693003411863579000        6.41130212328210636000       -2.65762344915136817000       -0.46795607782469195000        1.12036996906787567000        7.91741236141400506000       -6.21533413308664695000        1.52476175677620240000        0.19117967980270592000       25.25999432852838570000        0.96642240197294227000      -11.73876663432161216000       -9.28637069833252937000       -0.43110762226233368000        8.65980144678243846000       20.55010867527905920000        7.90130883185039856000       -6.70296518342723946000        1.93619557481346805000       -1.42493085654476070000        8.27988100803041860000       -6.35947524705565392000        0.67798826192500816000       -7.92683940230744177000        2.68263054737619155000       -3.59336991702528952000      -18.22237302812320080000       16.01183341166723650000        7.06077832319094068000      -20.26075559422552890000       -3.89829356702492857000        6.22609592064334194000       -2.60245048184540284000       -0.53918533099130339000        0.19510897388610371000        9.50179463041089711000       -6.76964568440529657000        2.32941952380597339000        0.13881445520230670000       24.69608581349574900000        0.47153493007346586000      -12.04355738495609352000       -9.65591702964558607000       -0.98573050638744253000        8.46905751770757043000       21.74888890822506230000        8.77774504944064482000       -7.01491855982157198000        1.25852237978867976000       -2.18600794295696899000        7.83111740696764524000       -8.24914326744691628000        0.93749139406874671000       -8.80232334652934867000        2.32524920452270178000       -3.57820396531693508000      -14.74471626696017523000       15.91877470179749565000        6.82563512735329692000      -20.30242753455304340000       -4.63222050302596777000        5.55146278503634694000       -2.87555916361658914000       -1.10462549774738172000       -1.06398406400163159000       10.40687277224627216000       -6.96750191060524671000        2.48526200055689328000        0.84651024574175959000       25.76590684367037910000        1.70954968034058230000      -12.78717868393517421000      -10.20825543524771817000       -0.36982681633497855000        7.76341209890362993000       21.06749270301614270000        8.90470405180821345000       -6.48084327139773286000        0.01072664252715015000       -2.65003157141378098000        8.78063598549593749000       -9.57689724914767027000        0.93964504763688750000       -8.60902243553229773000        1.45601335897029283000       -2.73894523831695302000      -15.60633006284420610000       15.99815987898589675000        8.12089974469441245000      -19.82057765429507160000       -5.07244653354203745000        5.96893481202085496000       -3.17935306192462841000       -0.94189012089050961000       -0.55015657621881686000       11.65383361150991170000       -7.44637794633171612000        2.94982925542096996000        0.47336072114078526000       25.77835677426228500000        1.30365684880698085000      -12.04776888091831211000       -9.97057204063003866000       -1.48267177966413954000        7.05347156305892220000       22.41060699315269390000        8.67076375810238353000       -7.54194594817721953000        0.70827386686529559000       -3.03886165939672415000        9.00332601551265199000       -9.53836306396080147000        1.03507739785905595000       -9.23764699957223812000        0.97960858225727587000       -2.78763074804873989000      -13.84936985186898184000       16.60462467860138960000        8.92638834555258143000      -19.74562317554575590000       -4.88791148319907798000        5.88800409855867191000       -3.28051775466364459000       -0.96318471994607013000       -1.03796082835775216000       12.95216756954065751000       -7.42440542331897024000        3.72082600475131331000       -0.07118037127412517000       25.59550121300391370000        1.25417316121856381000      -10.11546701858336661000       -9.09240243690180883000       -1.43829178172948691000        7.14537753023073652000       21.55827595662874070000        8.39860012067927109000       -6.79909472367945433000        0.75063182796111649000       -3.08337740814194605000        8.76400679260689763000      -10.14987447477690274000        1.04313832169066667000       -9.77125195106430944000        0.62820649217816960000       -2.06555244560146178000      -10.63849698387188347000       15.87590133714476970000        7.96799135223661992000      -20.07356264831924260000       -5.33919767130962342000        6.62902896214870196000       -3.18167031938628275000       -1.04895605948569237000       -1.39858319426094369000       14.34591741098517304000       -8.31367223270014577000        3.96706687077553921000        0.20310994816102232000       24.31655867016437970000        1.74789578190303230000       -8.81771842394691596000       -8.92893382251580547000       -1.97010103267853864000        6.68086622768573868000       21.69723375385410340000        8.81580336367566098000       -7.23098497284059771000       -0.43603042997623426000       -3.18315194924119815000        8.91693572139268476000      -11.03739057491595865000        1.02723965995008637000       -9.71664807149702980000        0.44951703012639599000       -1.78690468045798290000       -9.11794063896263296000       16.03213165556701010000        8.40193954607914328000      -20.23929497812007840000       -6.05883071839796905000        5.65059674506579146000       -2.81239213686015965000       -0.92200056867309166000       -2.79832950897147104000       13.56345096239432024000       -6.75968957328742093000        3.42877115349663564000       -0.23811173111008707000       24.13362899990415040000        1.42405185582908866000      -10.04706887216889477000      -10.69109612435951640000       -0.96642502055678448000        5.28426192828730912000       20.99296775572035050000       10.12034387069043717000       -7.46950865611426362000       -0.26954175402266456000       -3.13820786559730580000        9.98948417288641899000       -9.53968174250345946000        0.56463338898612836000       -9.68781927944717580000       -0.39512326887819721000       -1.55819948327403024000       -9.49888602616734623000       16.97794064837770020000        9.36882595363176840000      -20.44712495739015520000       -5.68535200028471710000        7.03146466855558749000       -3.00698093453384407000       -1.27091632929003695000       -2.14753502829705312000       16.45506653263300480000       -7.16981722839053504000        4.62365549041070167000        0.43913654325368223000       23.90925215557602000000        1.52616327383713757000       -7.88361848967940038000      -10.73042412132680568000       -1.87239032872248523000        5.95316197809590797000       21.47201850875519470000       10.77323576288475060000       -7.07810973495241491000       -1.70373444265017393000       -3.85890531764922384000        9.48016295518995022000       -9.91861797718618376000        0.94938147516020444000      -10.03663959375142767000       -0.28875836458598414000       -1.42765077778781513000       -6.85740341948304444000       16.72693226006998660000       10.05400135811012774000      -21.95191486141813190000       -6.64111726165289706000        8.21459044183452214000       -2.99321122233136139000       -1.59213242194608862000       -4.15036729820151695000       16.85613707372777630000       -8.23365794456427125000        5.80732957547196804000        0.54582292394075549000       22.80302283301450220000        1.30317518294557710000       -7.24877021844450820000      -10.61814284210635506000       -4.22390268125742185000        6.16778765776285098000       20.90614551403182730000       11.19435474553086607000       -8.04814676807940366000       -2.70470236087453797000       -4.18967615225645051000        8.30859164641680259000      -11.98022803345646814000        1.37541128042068972000       -9.70439487125800504000       -0.49195607781056094000       -1.23713944289571010000       -2.55282697315173035000       15.85840094088367458000       11.43899090190426016000      -22.48287328627751690000       -6.43836745075523265000        8.19222422289605490000       -2.30806924133265090000       -1.79686347350603004000       -4.39077848826079009000       17.91774816065613860000       -8.26989945431681228000        6.82800092473989739000        0.11055325041093728000       21.49179184864968310000        0.53929163067689379000       -5.19804765397291924000       -9.76890165452308068000       -4.94366622879708650000        5.83348376266526003000       21.29492783400886320000       11.16465015619021628000       -8.00130967224241907000       -2.66354225141187273000       -4.32787910582947966000        7.22885479804384268000      -12.02763070535826095000        1.36781803334151997000      -10.08977620739354286000       -0.85420746213142185000       -1.28669395478667714000        1.98600487146040838000       15.13539259973503626000       13.37883447740968457000      -23.09110437457839990000       -6.81967598975635880000        7.43071575532930950000       -1.71355104810908698000       -1.15460190753406122000       -4.24358261356433974000       16.94626498045112580000       -6.63639645566706005000        7.06856761775309383000       -1.09564675755851004000       21.30605487835502390000       -0.44796987694131174000       -5.40474531653320778000       -9.77694926583162349000       -4.92528605253664065000        4.98600452892378865000       21.47155078692234650000       11.83514578245389082000       -8.14396782784813311000       -0.93046982699442915000       -4.17030868548591727000        7.15354139136725564000      -10.68131608768617014000        1.14667105198547925000      -10.60069996973788875000       -1.41866520028859378000       -1.39420788125951889000        4.57625114560671520000       15.38089340129954152000       14.72328401855418889000      -21.90617306328917730000       -6.55588629389446531000        8.51445810600856134000       -2.14988633950026653000       -1.49515488552388631000       -2.02195959895774591000       18.99340277416852270000       -7.23606453129733307000        7.66357046905601713000        0.13919667913915992000       21.27261586479218280000       -0.76681534500912685000       -2.86170221846764905000       -9.83139799626773048000       -6.44580891299121639000        5.08984906564394723000       21.56799556969204800000       11.91922570220345534000       -7.79729100662537444000       -2.10072138282005572000       -4.48291248498419481000        6.70589296093032239000      -10.01226499483927590000        1.57169999660046855000      -10.21031909465321519000       -1.02465195893767658000       -1.30050176927012551000        6.20004882118650791000       15.34626839940418641000       14.32013120119566984000      -21.92620002345077880000       -7.48369092766171562000        8.86017514057616395000       -2.29012166635225478000       -1.55885833925749684000       -2.62351767633555744000       18.24271748099523190000       -7.82177846970962953000        7.57819714171704817000        0.44392620798529853000       20.65294921420870010000       -0.43586235111228605000       -2.75445897822875230000       -9.52810562648411796000       -7.58476458864457737000        4.50359709797271979000       20.39630841115715040000       11.90755235869128015000       -8.11608455163054820000       -2.68948055192873925000       -4.30642264972268052000        6.55580395474778044000      -10.83179430758378814000        1.58504277694044182000       -9.55147877583470617000       -1.18732604560009625000       -0.95051932749962342000        7.51901053966724575000       15.00063567158915134000       17.14743448881594650000      -20.79986492834876440000       -6.95330873711293052000        8.82538865142294249000       -2.17980587552026028000       -1.48717684397863903000       -4.17132830225677953000       16.67813806156321380000       -8.23379094988837679000        8.26474328742101427000       -0.31456781478354534000       20.06789659966976560000       -2.67757190366071329000       -3.25635358789464835000      -11.59846395372812999000       -8.16839964313460776000        4.58635443606954230000       19.10991826922515100000       11.52555439403659854000       -8.44691886630171318000       -3.13074920964859782000       -4.32779992305534122000        4.93000259283795472000      -10.34764907457716099000        1.76418338887323856000       -9.59053595173551621000       -1.58016455133094946000       -1.08019096207252119000        9.96269881508031752000       14.04502226178435187000       18.86377279578270460000      -19.76764313974921450000       -6.72526295181180256000        8.75660598798378054000       -2.30309049150783673000       -0.92841366752751164000       -3.11677461281797630000       17.75842366192483370000       -7.32361361492688800000        8.96492592386873710000       -0.72119359821595330000       20.19514938887490980000       -3.28529831517665505000       -2.46304106665783173000      -11.87573833284091407000       -9.24641822711472727000        4.25946470973004843000       18.77656660058118730000       12.33967069128696714000       -8.32500445347672979000       -2.10881759387358958000       -4.67408347208126962000        5.21723733542185109000       -9.33540139107439160000        2.17290209248322208000      -10.14002499547333080000       -1.76352939329120750000       -0.55872234858833192000       12.99505869364732114000       14.54521897225014726000       18.90046797632866670000      -19.99550101192839690000       -6.91143907854033390000        8.53200745728733168000       -1.70870485730926513000       -0.69699233701160146000       -3.78974865352457613000       16.40937411967164650000       -7.19059570702852113000        8.94869995799507656000       -0.60241916709131982000       19.07774448671456110000       -3.42780555508770179000       -2.33237184822133026000      -11.00885796420045537000       -9.21600369056644198000        3.48585390474417389000       17.17385621432808310000       12.54181155480855026000       -7.44075355340486766000       -2.47334401242111035000       -4.15845619708377701000        5.14457017140638229000       -9.29877908074444903000        2.03002785474867986000       -9.33062798398791671000       -2.20809309472713178000        0.18286410429921912000       15.08406063820041787000       13.78767363143587410000       19.16473498794306350000      -18.20326528031310080000       -6.60137253290000547000        8.64691740703403156000       -1.75929378973245520000       -0.54253637934545074000       -4.60829119140098697000       14.61129085686472528000       -7.09690863013925100000        8.82299865436525721000       -0.48210090020078550000       18.08146059002617180000       -3.58287246767749989000       -2.36351664366974168000      -10.41342435850658177000      -11.38518361128121903000        2.25340429461229785000       14.87782201314312758000       12.08479934918027610000       -7.91591010563545439000       -2.49354459332534573000       -3.63760422446457410000        4.29494327322300240000       -8.90468618452257488000        2.09606106942881354000       -8.18248450362423263000       -2.58082794912449032000        1.02874371848659019000       17.87313559596376680000       12.81708794038787680000       20.78875684201996780000      -15.90271609033534617000       -5.60460777590067405000        7.74406700065474141000       -1.43971645322944775000        0.01274091568303703000       -6.12785915356607447000       11.86522769137928002000       -5.85436518395810435000        9.00611856506921882000       -0.94228290197744358000       17.82050826601164670000       -4.71895462550737399000       -3.95798604934858966000      -11.58284457677604884000      -11.67810984149819120000        1.21010250149939691000       11.83527344389795033000       12.30600210338856648000       -7.74558213391515427000       -2.50834561339928763000       -3.17784255955966310000        3.33636849810349867000       -6.75668380168163019000        2.05811877427702550000       -7.78038023239117393000       -3.53588572679791024000        1.96487061774914751000       19.72970615396723200000       11.86885795513165043000       20.33397217345790150000      -14.77468795643204480000       -5.37230997638051466000        8.20821191104461789000       -1.73350449894454850000        0.20444639682853591000       -5.39156485910462191000       11.67528913539207203000       -6.23605928282201916000        8.90762614180686540000       -0.63790527740586278000       18.08884707653861670000       -4.00608464695101940000       -3.29896762468978055000      -11.75716847507213281000      -11.94673592808556961000        1.13813993187281559000       10.28853941586426046000       11.97537410190963669000       -7.06053919915893502000       -3.16460391035901267000       -2.85871943784640958000        3.80209613644509847000       -7.18802140764873609000        2.19529208245916863000       -7.15534081651963838000       -3.33972297019956388000        2.58518535221737844000       19.31055662644564560000       11.75735811509612105000       20.92349148046231730000      -13.23577085351582738000       -5.34607621571885172000        8.23784762150455485000       -1.38180199221797317000        0.56724628116883413000       -4.14310330301383889000        9.78409500951132749000       -6.08976558010085967000        8.45817267146477469000       -0.75732214141501708000       17.00383654080148330000       -4.67535570573687131000       -2.20312541288894126000      -10.79445548236642516000      -13.14002123057643878000       -0.63026406612888597000        9.81363055038917942000       11.19668341177106363000       -7.61616309758650978000       -2.29243315389953972000       -1.79051366684406332000        3.71914784172088675000       -5.50282281065023771000        1.97564959892576675000       -6.35822522363854503000       -3.51151141051714610000        2.57645620937102082000       20.48684993579340130000       11.88405119553200073000       21.04997578527295230000      -11.40125893387768663000       -5.04115958646063422000        8.31516710294049055000       -1.33945616947918267000        0.68831376417025958000       -4.10525470312678475000        9.34843103340764259000       -6.33976339063422500000        8.37237434664819169000       -0.53243112542326099000       15.71387489967914419000       -5.16357759339125177000       -1.21131339016032058000      -10.27564319986525909000      -14.56426249354347213000       -1.51303608535149858000        8.23967946869838919000       10.63895480717964759000       -7.67225746926255603000       -2.47623978401307809000       -1.30735595979251018000        3.13840003190703776000       -5.58639204239422860000        2.01794873232731664000       -6.11310355565069496000       -3.44893757964155645000        3.12708263209232218000       22.88868395208422510000       11.31796377958566779000       21.63956532931402420000       -8.01071585338195646000       -4.21657468019377113000        7.91871665720109075000       -1.37909315240510999000        1.26786390370663749000       -4.86072336005647720000        6.53941659627175920000       -6.22818307840720919000        7.99357288134922861000       -0.60394990872244181000       15.45742427442450939000       -5.72224987751168257000       -2.70806606734240285000      -11.65137858775714008000      -15.53111643617069859000       -2.72312546031502656000        5.12505622768794389000       10.23908486027119302000       -7.88219778320126974000       -2.69869023970082678000       -0.55508397422331923000        3.02852110083573089000       -4.36554165239695191000        1.97262382183802254000       -5.33860942476311529000       -3.84890161539670883000        4.05204870262956440000       23.30289594094959680000       11.02244057860067450000       22.14228414526928290000       -6.12744603117306585000       -2.99732786899278514000        8.58549682177549833000       -1.67422531357759397000        1.39159727023562141000       -3.78104434275479306000        6.45346398244128849000       -5.60802545498672345000        7.73596921552269734000       -0.98057276518998815000       15.08682009010778380000       -6.09046223702872425000       -1.47452374021592014000      -12.74905768266341077000      -16.12580608756313440000       -2.42987024317428224000        4.38849772740815691000       10.11121829686748974000       -7.74980312671821281000       -2.62137027856674676000       -0.16004781646947316000        2.82643050390532480000       -3.21424214313733447000        2.01429282783036889000       -5.21272386594841830000       -3.03349747944212034000        3.70382556758643755000       23.53773115049082780000       11.08438327450776661000       23.11745747166174780000       -5.12028285310887643000       -1.30380648979843006000        8.73674382624369272000       -1.31727952160562234000        0.84141325140345136000       -2.09998937159415977000        7.73946178911502614000       -5.05554229695212953000        7.53775391375255044000        0.30845454623560692000       15.06071836350613857000       -6.68181681602818234000        1.30642852391845388000      -12.64135204657934075000      -15.90853589030690429000       -2.13525707537190490000        3.55814516904722256000        9.99207985754407346000       -6.14924462563747376000       -3.99572697213392170000        0.25480850769286273000        2.19873571234494714000       -1.33431975687324411000        1.93265896628548028000       -4.54501605112947438000       -2.17974863481866299000        3.78617592332903108000       23.74069868458982670000       10.42874905324553580000       22.45513964684606380000       -3.38876680011057063000       -0.91059682062251024000        9.97690679175412498000       -1.63570182694987065000        0.60200250905489872000       -1.30306806191993907000        7.76962447554976077000       -5.48141720167760127000        7.38724277977596788000        1.16753179878652125000       13.70928046604848838000       -6.83310523381344215000        2.43465635117940460000      -13.45017557667396346000      -17.54590280658970510000       -2.22818466767935908000        2.52990734703134512000       10.19097862491178397000       -6.49690655830769703000       -5.29167582598815311000        0.50603084315001801000        1.23930305758107395000       -1.04359933069798716000        2.14787632275523110000       -3.95794579292767290000       -1.38359065141262505000        3.51316436733195392000       24.31666633490422670000       10.28937178723269419000       22.51480218487807510000       -2.51508418666925326000       -0.42499342363491938000       10.39520792350467460000       -1.32495426566258123000        0.42867272970170972000       -1.27477507701542980000        6.70793569387809541000       -6.43510464858207776000        6.70266917943109686000        1.14133586932361775000       12.16284233737789933000       -8.04231786070253207000        3.57735130558217262000      -13.89869573132363989000      -18.13602283759314560000       -2.51332288904052792000        1.99629837113626207000        9.33419098374436551000       -6.63076180321271824000       -5.55636776331680426000        1.25424016670658722000        0.66738448055658750000       -0.95671656980845676000        1.94050155502251398000       -3.23803195687084999000       -0.65035057675300745000        3.01034621304733907000       24.70761170082690940000       10.07152127221490545000       23.24755434081976800000       -0.70463821260431181000        0.55372721623088350000       10.92381912017271084000       -1.58592977163532600000        0.89890183530395740000        0.52692630226419579000        5.09641645620181549000       -5.61413665132891015000        5.75738558722219640000       -0.72262396241952664000       12.00603847781461653000       -8.53129016022178810000        4.89330848582157163000      -14.55456722810476222000      -18.93049912304548600000       -2.44405241295754205000        1.96627160892385899000        8.52681004410665189000       -6.97512479160969523000       -3.09967052337348514000        2.24593070906031667000        1.80271376428397256000        0.66115643195252471000        1.74223554295190319000       -3.03738687385692074000        0.51274380854573465000        2.04598713176746649000       24.50987873628122320000       11.04783648073085089000       22.68934367323846860000        0.41378428228105429000        1.43708241190866093000       11.29079571958807016000       -1.75193606889806142000        0.45917364791237680000        0.40976297168109715000        3.83547276024956707000       -5.75993886133996646000        4.96738706256530360000       -0.25728065711285825000       11.25634250063067476000       -8.69165454316348907000        5.99000279221919119000      -14.75863990669236081000      -18.44253413980982610000       -2.41002689894624522000        0.12809646589921117000        7.81646455718757860000       -5.79952567422379683000       -4.20389417965335355000        2.95770294422803737000        0.97257221771992730000        1.25777544453076584000        1.50397458619222291000       -1.64952126340152727000        1.12673026095613293000        2.02137582651526326000       23.81075245528422710000        9.99695424643270236000       21.27120132897326240000        1.19884407075060362000        0.93627624073090432000       12.18707137047061195000       -1.64821111727245406000        0.15334861501771763000        0.15612371421217625000        1.99041724827894151000       -6.84270287189008464000        4.59278336433803780000        0.37226640511142334000        9.44781852017151635000       -8.44822947051657458000        5.62285062778998501000      -15.24647019741835408000      -19.73460112366806740000       -3.01637295930147165000       -0.71410512407876425000        7.41177652327288694000       -6.51895804936664192000       -5.52252802417409860000        3.41974350355027701000        0.25400373190052189000       -0.01680157256972787000        1.59285316082039863000       -0.62985532239655639000        1.54128950644070306000        1.51118707628202387000       23.41084016254408340000        9.67143750942314462000       20.65656808715890590000        2.02620745378107747000        1.32578538230268217000       12.81103787316161835000       -1.55492217477938777000       -0.39708372099809047000        1.36273865443780129000        1.74648762283884018000       -7.49259038053849835000        3.56568515060019431000        0.12639076669154109000        7.60889989306817061000       -9.03093308298813824000        7.86408930639667769000      -15.12030206077718297000      -19.66270621792147820000       -2.81697117150886056000       -0.21273090001849881000        5.91452279838796180000       -6.32163641105574747000       -5.62826325614394829000        3.99716905683762169000       -0.11705997774586042000       -0.58807223798119612000        1.26115018197580775000       -0.32549221505909948000        2.89753935277642194000        0.17829507830417179000       22.61670201171419950000        9.36398387367191276000       18.94892796893339340000        3.04905282497103913000        2.10831374454218112000       13.21830293100048870000       -1.23422260956029084000       -0.87152395774439528000        1.67403998326622938000        2.32845331426967883000       -7.39905849092318668000        2.59514648169441076000       -0.90403872777891536000        4.28650532951299201000       -9.09515337321161255000       10.96171408310829243000      -13.85351890612136216000      -19.58545707682429790000       -3.35205033769825844000        0.18241276827627106000        4.39913232764610740000       -6.05820306068540582000       -5.09674795454581808000        4.62275257350600999000       -0.36690478923481595000       -1.61916467555048893000        0.80310323446411047000       -0.44887658561888477000        3.80700679074066040000       -0.68157955778663659000       24.00739804450951450000        8.77729529344386705000       18.49669652301979280000        4.76587076239742480000        2.77967427832308056000       13.02989973221571596000       -1.15653125927344136000       -0.99165804782295941000        2.32711405265265059000        0.81910710730453196000       -7.02694234870841061000        1.31353875318255109000       -0.72705410798835712000        3.08602597211968721000       -9.56973138181546723000       11.99206034347794336000      -13.70965071697290050000      -19.09018779502390830000       -4.26749266636171765000       -0.98906530652309810000        3.54762877918524167000       -5.36653600066673686000       -5.33526040022389392000        5.56925870618505936000       -0.80312736296802889000       -0.21558496833988103000        0.34589347371851670000        0.49001023491387102000        4.37926002051036445000       -0.96972020044587848000       23.19987009571448770000        8.26141872169360347000       16.68615003078088320000        5.88158531988649358000        1.31632041720963744000       12.54976851050299658000       -1.27092283046150434000       -1.06707784421755436000        2.69795560244399546000       -0.49044779013612000000       -8.96205714332593573000        0.14751646778834521000       -0.27036763638463140000        1.83458427252475720000       -9.28107533952790931000       11.88190060634612166000      -13.16022555154884088000      -18.36465938783418390000       -5.26742053047730607000       -1.54920198134970888000        1.66180267388370440000       -5.08391702047260008000       -6.14644657976790842000        6.08429745407587763000       -0.43292832663583491000       -2.79562776116728173000        0.01098175448420954000        0.55551132361259048000        4.68788427611308478000       -1.36134292376529431000       21.15682078232954670000        7.98708763988579751000       15.69597292432811031000        6.34686292548487962000        1.07644481968822259000       12.82728275404025453000       -0.72448494748377490000       -1.07799988017606796000        2.84774357768242847000       -2.27919639931900964000      -10.08432431477042357000       -1.72461713841541897000       -0.38082058873397728000        0.37554160004792481000      -10.49286805907882503000       12.07192848291033727000      -14.53057671137704432000      -16.80949774288049530000       -5.67107157952140906000       -1.61375860635113888000        0.50179454397169054000       -5.38025625691912257000       -6.94412399079018527000        6.91235452671547268000        0.11093759416680646000       -2.43164321695345675000       -0.81503309222856279000        0.87399400063048127000        5.55020794432174913000       -2.61722196293484455000       17.12701434382602630000        8.49907308283843399000       15.40161711619682272000        8.18020647831646031000        2.05791279370771640000       12.08547469728996937000       -0.57375877525375507000       -1.46912514490285551000        3.10507852778056925000       -0.93518008836396593000       -8.88021110576864103000       -2.55300599268765893000       -1.41343521330679445000       -1.88913901120296424000      -11.05999564545876801000       14.39135876273333459000      -13.55062037175148326000      -16.16798309918860350000       -6.48756264607879629000       -1.21759094010344771000       -0.50027799517634253000       -4.90242630030709403000       -5.57028219269193947000        7.05925380769005617000        0.03757628253427758000       -1.56548101465077871000       -1.25488542931989855000        0.24895831564093249000        5.93714080061686911000       -3.03882911650871312000       18.53927968978190320000        8.10437130975952158000       14.86868799657835360000        9.30221750575380391000        1.74577347671274330000       10.71693901637993740000       -0.71240598636449526000       -1.83960754181784214000        4.26426266838121215000       -1.44169391464006469000       -8.63575610376235048000       -3.72276360301539500000       -0.36443932855056960000       -1.90873475387129421000      -10.76352743279583990000       14.79392145731116415000      -13.19034555538855358000      -14.60835804493175694000       -7.06929037742933275000       -2.31851822223214121000       -1.14691841001984884000       -3.06999745075750141000       -6.45579038864959554000        7.45789352674259387000       -0.00959775614335741000       -1.43854512705271298000       -1.52157836796227941000        0.89391689279591091000        6.56408455918328126000       -3.13472886331972322000       16.74340660230731710000        7.39848883267107205000       14.12703503191685606000        9.10672048413530888000        0.05350703919808228000       10.75774423755415121000       -0.81372487783856529000       -1.95729103385364756000        4.83943962571123087000       -2.34456478401185242000      -11.67474871203462428000       -4.61211913588853584000        0.70757571656724239000       -2.46841734318443695000      -11.18507271410732606000       15.22780863770077531000      -12.98553203756935659000      -14.11852156920491375000       -7.53911932477310032000       -2.71927720725228772000       -2.46622263742474601000       -2.42449732045513544000       -7.72509428439241219000        8.05107130629933288000        0.33373165150905160000       -4.11162617608365366000       -1.75931522507501104000        1.86912933772071632000        7.14122065589398680000       -3.25955567346435293000       15.24383419678828666000        7.39586657577425033000       11.48708077078425127000        9.10949402235909922000       -2.32533274782761357000       11.47182780921359324000       -1.16321992205246527000       -1.91449485566303412000        4.78199112920914704000       -3.57237999747325441000      -15.66491545361997417000       -6.21933422222666188000        1.25093836231941768000       -4.06739317791634924000      -10.80801076366833335000       15.21190588256057552000      -13.22241883070748614000      -13.79725803626631730000       -8.09449807060139825000       -3.07391727630725242000       -4.24053258823155677000       -2.56048583198915081000       -9.29315572044514226000        8.81840157492133869000        1.81004347274048527000       -8.69687493047548799000       -2.13830355427096652000        2.60823495044967801000        8.06650900350525824000       -3.68359160643459660000       12.47331078431693641000        7.92976634359330834000       11.47210103145608606000       10.63957421325099340000       -2.09312611998561193000        9.80420023271690688000       -0.74683922455523810000       -1.79232795437890258000        4.80544636870284236000       -2.70207877210043268000      -13.87125422672240482000       -6.68693438154774267000        0.08381567662320256000       -5.90789677033509530000      -11.15985162200743552000       15.53766090734273852000      -12.28865005205899585000      -13.11830345221142480000       -9.27699729295296827000       -2.38053927637235629000       -4.54603849566129181000       -2.36487347170590256000       -7.20924260325028587000        8.61085479729093173000        2.29627179031159168000       -8.32175594954214581000       -2.44010462995589616000        1.22691676291383112000        7.99330868190946120000       -3.94165517284413180000       14.52516329606039491000        8.01738173892604600000       11.48352831440127986000       10.35068856733268561000       -2.61706010045368398000        9.00741395997829386000       -0.67996778173792627000       -1.64040842068657811000        4.38324845523562434000       -3.10283999501443786000      -13.71906982442545875000       -7.47105096581049910000        0.18678037557572283000       -6.24513812153751324000      -11.46713475891492706000       15.50401761124422784000      -11.87450745966075694000      -12.30822225333710485000       -9.85984699992818747000       -3.08827043686135028000       -4.30653714092657047000       -1.52109943999985409000       -6.69501897435694993000        8.87530792285425818000        2.98457930489770007000       -7.75498242684876615000       -2.71314560137064120000        2.08772782297884518000        8.07740324193393100000       -3.52883077932753686000       14.76289799354501042000        8.00116547339026241000       11.19799116851407383000       11.13833765543538412000       -4.12269281210573357000        9.16989692663186062000       -1.70497930159509492000       -1.67029066585479713000        4.83272118720954413000       -4.21324974610675973000      -16.02820499918427540000       -8.05106102823419967000        1.09185095852041458000       -6.14776167108198557000      -11.39258426407009495000       15.87385085320042322000      -11.46111997321516895000      -13.57316257852817820000      -10.37485205581779013000       -4.49249098404113223000       -5.27515703681493608000       -1.19090205441938357000       -7.07404288966395800000        9.56227641922441229000        2.85299759193330127000       -9.82895749179014366000       -2.62882847730155378000        3.56998884631808089000        8.59947815888837752000       -2.99711100699421928000       15.37298724336246991000        7.75146729215446673000        9.89482044453867182000        9.97116403554248976000       -6.34611164981066711000        9.74819955915459779000       -1.86973940890371226000       -1.62738252163081931000        4.10651891948423575000       -5.81198574192441342000      -19.81525874801237920000       -8.63870384998626939000        1.73861453592494808000       -6.32776892795580537000      -11.33303182338737791000       14.72818218011752656000      -11.86241041762570880000      -13.66819595932192755000      -10.14661858746165279000       -4.82619116846296059000       -6.49444147273044869000       -1.43632914997992933000       -8.18335151017494056000        9.97012112667417583000        3.79352105891903380000      -13.97304033583360017000       -2.67748878196177076000        4.42009036028626934000        9.06690274633373860000       -3.17798557109957080000       13.23304409469742815000        8.09674655872056981000        7.98496863610378504000       10.17638514906645675000       -7.13714837446939132000       10.24776320228014903000       -2.35804002117069000000       -1.99475902844472897000        3.44924366572655217000       -3.89258636085521914000      -21.49449638568139420000       -8.64572097947875307000        2.53893788029603762000       -8.19003902271571427000      -10.81767340684117862000       15.83758569919438131000      -11.77294024144919504000      -13.73099730356058501000       -9.94548171552532700000       -5.13648752440634215000       -6.88208823685992233000       -1.04705718717083074000       -9.68931152164356746000        9.67274294263736678000        3.43146245498588875000      -17.29512509060252510000       -2.62072146904566772000        4.47981656285404117000        9.44816511394145664000       -2.87763482248282365000       14.13854046694628508000        7.55986666352568815000