11         8        26        48        56
        0.00    0
       1.000000       1.000000      49.528000      49.528000      49.528000      49.528000      49.528000      49.528000      49.528000      49.528000      49.528000      49.528000      49.528000      49.528000      49.528000      49.528000      49.528000      49.528000      49.528000      49.528000      49.528000      49.528000      49.528000      49.528000      49.528000      49.528000      49.528000      49.528000      49.528000      49.528000      49.528000      49.528000      49.528000      49.528000      49.528000      49.528000      49.528000      49.528000      49.528000      49.528000      49.528000      49.528000      49.528000      49.528000      49.528000      49.528000      49.528000      49.528000      49.576000      49.576000      49.576000      49.576000      49.688000      49.688000      49.688000      49.688000
      -1.000000      -1.000000       0.402000       0.402000       0.402000       0.402000       0.402000       0.402000       0.402000       0.402000       0.402000       0.402000       0.402000       0.402000       0.402000       0.402000       0.402000       0.402000       0.402000       0.402000       0.402000       0.402000       0.402000       0.402000       0.402000       0.402000       0.402000       0.402000       0.402000       0.402000       0.402000       0.402000       0.402000       0.402000       0.402000       0.402000       0.402000       0.402000       0.402000       0.402000       0.402000       0.402000       0.402000       0.402000       0.402000       0.402000       0.402000       0.402000       0.402000       0.402000       0.402000       0.402000       0.402000       0.402000       0.402000       0.402000
       -0.02200000000000000000
       -0.06800000000000000000
       -0.21199999999999999000
       -0.22800000000000001000
       -0.19800000000000001000
        0.30800000000000000000
       -0.00400000000000000000
        0.32600000000000001000
        0.38200000000000001000
       -0.00600000000000000000
        0.07000000000000001000
       -0.02400000000000000000
       -0.14399999999999999000
       -0.04800000000000000000
       -0.23599999999999999000
        0.02600000000000000000
       -0.14999999999999999000
       -0.15200000000000000000
       -0.34399999999999997000
       -0.23799999999999999000
       -0.10199999999999999000
       -0.01800000000000000000
        0.33000000000000002000
        0.34399999999999997000
        0.38200000000000001000
        0.37000000000000000000
        0.12200000000000000000
       -0.15200000000000000000
        0.26200000000000001000
        0.10600000000000000000
       -0.14999999999999999000
        0.06600000000000000000
       -0.38800000000000001000
        0.03800000000000000000
       -0.13200000000000001000
       -0.07800000000000000000
       -0.27800000000000002000
        0.39400000000000002000
        0.34200000000000003000
        0.34799999999999998000
       -0.40400000000000003000
       -0.02400000000000000000
        0.02800000000000000000
        0.18400000000000000000
       -0.01200000000000000000
       -0.13800000000000001000
       -0.34799999999999998000
        0.02000000000000000000
        0.13800000000000001000
        0.21800000000000000000
        0.42399999999999999000
       -0.02200000000000000000
        0.36599999999999999000
        0.07199999999999999000
       -0.34200000000000003000
        0.34599999999999997000
       -0.23799999999999999000
       -0.32200000000000001000
        0.28000000000000003000
       -0.06800000000000000000
       -0.29399999999999998000
       -0.03200000000000000000
        0.08799999999999999000
        0.22200000000000000000
       -0.05800000000000000000
       -0.23999999999999999000
       -0.14399999999999999000
        0.14799999999999999000
        0.34999999999999998000
        0.03800000000000000000
        0.19600000000000001000
       -0.09200000000000000000
        0.16400000000000001000
       -0.31600000000000000000
        0.03000000000000000000
        0.13000000000000000000
        0.04000000000000000000
        0.16200000000000001000
       -0.17199999999999999000
        0.36799999999999999000
       -0.07400000000000000000
       -0.09200000000000000000
       -0.38000000000000000000
        0.33600000000000002000
        0.25800000000000001000
       -0.20000000000000001000
       -0.07199999999999999000
        0.14999999999999999000
       -0.02200000000000000000
        0.20999999999999999000
       -0.22200000000000000000
       -0.00200000000000000000
        0.12400000000000000000
       -0.13600000000000001000
        0.29999999999999999000
        0.26600000000000001000
        0.20200000000000001000
       -0.23400000000000001000
       -0.39400000000000002000
       -0.36399999999999999000
        0.39000000000000001000
        0.06400000000000000000
        0.02000000000000000000
        0.20799999999999999000
        0.23000000000000001000
       -0.03600000000000000000
        0.34599999999999997000
        0.26600000000000001000
       -0.26000000000000001000
        0.18400000000000000000
       -0.42799999999999999000
        0.04400000000000000000
       -0.10400000000000000000
        0.39200000000000002000
       -0.29199999999999998000
        0.00200000000000000000
        0.32400000000000001000
        0.26000000000000001000
       -0.01600000000000000000
        0.26000000000000001000
       -0.22200000000000000000
       -0.04200000000000000000
        0.38600000000000001000
        0.14999999999999999000
       -0.22600000000000001000
        0.14000000000000001000
        0.33800000000000002000
        0.19000000000000000000
       -0.35799999999999998000
        0.19400000000000001000
        0.11200000000000000000
       -0.01800000000000000000
       -0.35799999999999998000
        0.33800000000000002000
       -0.17000000000000001000
       -0.15600000000000000000
        0.27800000000000002000
        0.24600000000000000000
        0.37400000000000000000
       -0.12000000000000000000
       -0.21800000000000000000
        0.08000000000000000000
       -0.18800000000000000000
        0.32800000000000001000
       -0.14000000000000001000
        0.06400000000000000000
       -0.06800000000000000000
        0.23400000000000001000
        0.30599999999999999000
        0.06600000000000000000
        0.46999999999999997000
        0.03200000000000000000
        0.10000000000000001000
        0.08799999999999999000
        0.33000000000000002000
        0.06000000000000000000
       -0.24199999999999999000
        0.23000000000000001000
       -0.27000000000000002000
       -0.05600000000000000000
       -0.10000000000000001000
       -0.09000000000000000000
        0.18800000000000000000
        0.14999999999999999000
       -0.20999999999999999000
        0.21199999999999999000
        0.39600000000000002000
        0.08799999999999999000
        0.31800000000000000000
       -0.31000000000000000000
        0.27800000000000002000
        0.05400000000000000000
       -0.35199999999999998000
       -0.36599999999999999000
       -0.12200000000000000000
        0.24399999999999999000
       -0.30399999999999999000
        0.27400000000000002000
       -0.07199999999999999000
       -0.07199999999999999000
       -0.30199999999999999000
        0.02000000000000000000
        0.17000000000000001000
       -0.20399999999999999000
       -0.36799999999999999000
       -0.24199999999999999000
        0.31600000000000000000
       -0.23999999999999999000
       -0.26600000000000001000
       -0.08000000000000000000
        0.14999999999999999000
       -0.09000000000000000000
        0.30800000000000000000
       -0.03800000000000000000
       -0.10400000000000000000
        0.15800000000000000000
       -0.38600000000000001000
       -0.31000000000000000000
        0.23799999999999999000
       -0.15800000000000000000
       -0.03200000000000000000
        0.08000000000000000000
       -0.08400000000000001000
       -0.29799999999999999000
        0.37000000000000000000
       -0.16000000000000000000
       -0.04400000000000000000
        0.32000000000000001000
        0.08200000000000000000
        0.31200000000000000000
       -0.43800000000000000000
        0.08200000000000000000
       -0.35199999999999998000
        0.26000000000000001000
        0.14199999999999999000
       -0.16600000000000001000
        0.04800000000000000000
       -0.29999999999999999000
        0.12600000000000000000
       -0.35799999999999998000
        0.46600000000000003000
        0.01600000000000000000
       -0.33800000000000002000
        0.36399999999999999000
        0.09000000000000000000
       -0.11799999999999999000
        0.32000000000000001000
       -0.20799999999999999000
        0.19000000000000000000
        0.03400000000000000000
        0.48399999999999999000
        0.04200000000000000000
        0.08599999999999999000
       -0.16800000000000001000
        0.19000000000000000000
        0.29999999999999999000
        0.17199999999999999000
       -0.27600000000000002000
       -0.14399999999999999000
        0.32000000000000001000
        0.13600000000000001000
        0.08200000000000000000
        0.15600000000000000000
        0.26800000000000002000
       -0.04400000000000000000
        0.38600000000000001000
        0.38200000000000001000
       -0.20399999999999999000
        0.19400000000000001000
       -0.36399999999999999000
        0.31200000000000000000
       -0.08400000000000001000
        0.15800000000000000000
        0.17199999999999999000
        0.22600000000000001000
        0.14599999999999999000
        0.16400000000000001000
       -0.21800000000000000000
       -0.32000000000000001000
       -0.35199999999999998000
       -2.23086335668205349000        2.59921898866849288000        0.36951410733504875000       -1.54035581846745440000        3.14584790938166448000        2.69429273702654459000        1.46624570616470784000        4.50293178536137972000        1.46745805713539434000       -2.03973556542778844000       -0.67858190941122720000       -1.59183474349277976000       -0.82725408728329164000       -2.33571752179984760000        0.67956537390270666000        0.03019397875089411000        3.37389933072696158000        0.53589787875027006000        0.44112673724052642000       -6.05855896596055832000        1.34176892165543737000        2.02082126442816223000        0.80365230772652507000        1.32700840977239909000        1.13434305702725702000       -2.32664831442474940000        0.46398458184493213000       -1.91194744338559675000        2.49284462270839180000        0.45737368984774807000       -1.97884573993748081000        1.23181415424906660000        1.93391154595257420000        2.48935705008979680000        2.95306704094726147000        2.19549111108440975000       -2.81053839530189853000       -1.31782942431704275000       -2.00452113125234321000        0.48808270164160372000       -2.27878544198513211000        1.18084609149692388000        0.03401896899718112000        1.91511485513821667000        1.19178164982971246000       -0.10224219301747711000       -5.23013326456408034000        1.72429396368417720000        0.98832851843966452000        0.11387311649519913000        1.06309128020775723000        1.49798283285077538000       -1.94016085742057354000        0.15119781454815065000       -2.23840135010273045000        1.72125210100137749000        0.08373219526212763000       -2.21037312861958801000        1.44998526031614006000        1.77177667074677370000        2.68134089603107784000        2.54240078331084218000        2.05989770974421305000       -3.00404813535170456000       -2.18724624004155332000       -2.95414842960301716000        0.52834895757582589000       -2.24812732290021877000        2.27179923222898728000       -1.12783836003913840000        1.28067521882366586000        1.01148732019804921000       -0.25146739548484670000       -5.63105607025268551000        1.81713938888532422000        0.95578882329236547000       -0.17263451708714239000        1.83618756917741655000        2.35856760370361584000       -1.66288322107003972000        0.60618627224525257000       -1.47120982195021366000        1.11338327202236287000       -0.22371424482150826000       -2.56512398812279363000        1.72301298897604593000        1.92209850465760002000        1.57894846242320441000        3.02851004726860484000        2.89542489650781620000       -2.79581417826364875000       -1.67896896946777496000       -2.83933057661880106000        0.55026687554915954000       -3.01689265761602687000        2.57537365111138827000       -1.14243020607982437000        0.85664821955458548000       -0.00936878498583605000       -0.29778333740961965000       -5.99063762786192289000        0.77683871417259120000        1.20514465034105323000       -0.43497831471535009000        1.53236340166791662000        1.61343839013455015000       -2.05325733365928320000        1.10927304426224205000       -1.38473933552504302000        0.63282602191348114000       -0.36965118174476275000       -3.02751511864403833000        1.76487304649459320000        1.22867006701295045000        1.71074323027269393000        3.24622607615433090000        3.12134722819354327000       -2.32785066752457404000       -2.28343557733045399000       -2.93610152040581163000        1.15005251092522975000       -1.82622842461071189000        2.57871152210350596000       -1.03349191064543122000       -0.49149615040747507000        0.01155623167568976000       -0.37399405165642574000       -5.38052246571701520000        0.49392655142387315000        1.35361859775030124000       -1.18269621388929957000        1.73220494459191898000        2.61576353221260316000       -2.80153631939266168000        1.70297512489214498000       -1.99688049709223536000        0.56389125272984442000       -0.40751226087726594000       -2.51019811017238670000        0.54492268635597696000        1.50107486121058176000        2.10028114808662103000        2.19005255055622250000        2.90271524722385532000       -2.21889944872181699000       -2.20862083095542650000       -3.83427874363673071000        1.72380336204741669000       -2.25175032366541661000        4.13927678221517592000       -1.67801477659738740000       -0.99950948688814889000        0.34569799138048229000       -0.17816773981352035000       -5.54254729906610333000        1.15228550819463749000        0.87207498460119814000       -1.03249691713310598000        1.83051644109868805000        2.74348994418217940000       -2.38102331665900913000        1.42918104844756644000       -2.37257574636045732000        0.57088032627630714000       -0.37393090024875908000       -2.18148027748213558000       -1.06995018476913883000        1.84223775605448803000        2.60343709003817692000        0.91246054095038720000        3.61430064768682646000       -1.64258743797023476000       -2.13897261226001678000       -4.76837277325687836000        2.76747555786126487000       -2.05255028789433025000        5.35692546671501368000       -2.72433654309855422000       -1.84798926592324020000        0.56322378807316953000        0.00844414190842174000       -5.12456368753285929000        1.96758758082253893000        0.38227353841915174000       -1.58569684163374602000        1.93035089936823323000        2.85829055210379934000       -2.33740109370255578000        1.62689597991602941000       -1.15720134944959940000       -0.19018622185980458000       -0.98503003242523934000       -1.69717335742144182000        0.20989242452905774000        0.95403032437542734000        0.98642118918546917000        2.16652443251120497000        4.54051906829698293000       -1.06798261262069305000       -1.68698304875258298000       -3.67135935994176910000        1.65017177175841501000       -1.94649438805863517000        3.63657395577667275000       -1.94658305985240210000        0.03337897886678579000       -0.78369398376188948000       -0.25694719705306679000       -3.70854641542302232000       -0.00294119563332478000        1.04812991549871115000       -2.25110353629636295000        1.74542444591303969000        1.68740793866944094000       -2.61357232969171260000        2.38955134416708281000       -1.01255774442535529000       -0.50402890269331735000       -1.06107326109430433000       -1.91064641541506242000        0.26142948473850253000       -0.20583621168980060000        1.56715796076108527000        2.61278246075682752000        5.18533461343627788000       -0.31295610233229176000       -2.35252946973217947000       -3.02903234898181806000        2.44369076238596339000       -0.62272663963005848000        2.41415061604693948000       -2.63817556712426660000       -1.27989086744831226000       -0.66794709962586230000       -0.70099219981035454000       -2.31745870336138182000       -0.20294338736031425000        1.28279294611341754000       -3.19108506892405419000        1.74732853676857625000        2.75368494044765200000       -3.15665881455432773000        3.69373221372661931000       -1.29666130455678497000       -0.47318765104797128000       -0.96247064318929787000       -1.34563862285367808000       -0.36451566504055083000       -0.37195258694401839000        2.66963304828794579000        2.59046257533374025000        5.04574231023235864000        0.58607662632212087000       -2.28004375603425924000       -3.67042504030620576000        3.13544518356219326000       -0.14710189798383555000        3.31391636345604557000       -3.34152022994294429000       -2.28160171717978022000       -0.26718051233692225000       -0.39576018093187376000       -1.80292940640545618000        0.09231878072446015000        1.11982217877384027000       -3.17002986911056084000        1.79707746223531561000        3.05214553058739257000       -2.91228550431018762000        4.02687919826481355000       -1.70167270170157359000       -0.11652141987006066000       -0.80428831864746897000       -0.59572886265101888000       -0.57873681751842698000       -0.58583084210064928000        2.63552992116669760000        2.12152909136667400000        5.47858556661432061000        1.72101136140519650000       -2.05162108949459432000       -4.41032642990668045000        3.95051833953247522000        0.16804509901006809000        4.58107489351278296000       -5.12435518763304554000       -2.23992877536147184000       -0.27709516784339194000       -0.26847868440096212000       -0.73917370040969821000        0.99493329762556382000        1.01532157649720500000       -3.65773389713904162000        1.75617321998910803000        2.63661140183663401000       -2.44568697827886083000        5.26756135885000543000       -1.68583162938062903000       -0.36036404128875976000       -1.49105126030984225000        1.25187385625431835000        1.94225261115272607000       -2.47153410182376376000        0.15680956996696452000        3.23937096039430017000        6.83608594204772402000        1.82256751316386234000       -1.77311303778579155000       -1.93435037781021268000        2.94106457554884271000       -0.17340467146979546000        0.53194912040395537000       -5.77661951345991476000        1.54558090821198890000       -0.64326388611285290000       -1.22715621222062166000        2.27126185323850249000        0.06127219804922145000        1.31189097629434070000       -4.09699311705239300000        1.27337314038240623000        1.87720921370167604000       -1.49193118512312894000        6.56089837555497457000       -1.05888769890867196000       -0.59015314691874865000       -1.46176896478881835000        1.18930245150028324000        0.96866944614283423000       -3.41962905890332092000        1.29298252708803729000        3.90574647622069637000        7.85817637843155836000        1.94925756037728592000       -2.09367431390647063000       -1.46457400357221701000        3.44114598450453224000        0.12962059572614967000       -0.75678342378304309000       -6.66973317878534022000        0.22642413165490585000       -0.76068144735156107000       -1.60631844029727744000        3.25019625135279799000       -0.50267161946193550000        1.56025476327261337000       -4.85850292770090952000        0.85014507332337463000        2.81355945841986088000       -1.43523289486246508000        7.44916025419668326000       -0.83970839611204806000       -0.55842320537525247000       -1.37890488903595831000        1.37831195303669451000        0.74518587635393074000       -3.70032798762583548000        2.95116420911764354000        4.41551101692071679000        7.90505104961222838000        2.75472991620555607000       -2.13162988369258732000       -2.19402152025195329000        3.94795129255417221000        0.20786705377591860000       -0.07993206924514872000       -7.21091332890173931000       -0.55208410434120614000       -0.40217635649546080000       -1.40809847125317633000        3.18725044792451939000       -0.82759447787938978000        1.59672749091334110000       -4.76515619496796106000        0.87285353716192815000        2.97580975207203746000       -1.16471583592818084000        8.01431148932107185000       -0.63938231845872706000       -0.12985859206960987000       -1.19553555189374450000        1.27121902064637160000        2.31692830805055783000       -4.12884275851687299000        3.51582371047243880000        4.17291737110328764000        8.78903239627515909000        3.91361008873349636000       -2.23560011888678201000       -3.20450464482805497000        4.57417865836529280000        0.27524767353599050000        0.42735545576008482000       -9.35793741091206677000        0.34609904223965016000       -0.32146027618710665000       -1.51786136457203558000        3.07226897007835165000       -0.63555180801998079000        1.77593469855428476000       -5.52648007999728996000        1.47763746577643862000        2.32852351487852038000       -0.84028580968233624000       10.22832523856754783000       -0.78734178844073022000        0.08243164367699643000       -1.21520857250827996000        2.46376917218813540000        4.81032036490930892000       -5.25860780287016016000        2.09969656752610012000        5.27104976327134445000        8.97826390622945780000        4.13578260617386118000       -2.10203446910088587000       -2.16317446070519637000        3.83055206843726470000        0.93732110526556422000       -1.90953338724382338000       -9.49989545208886099000        2.25211401935652944000       -0.54169091439256234000       -1.63515678338847192000        4.34851422754654848000       -0.94936974376274486000        2.06717898022409541000       -5.89311366593411634000        1.33243205025895439000        2.12581784102283455000       -0.15809683188356904000       11.09513056236237638000       -0.20596533192467412000        0.53369007263712565000       -0.83460252366379595000        2.83839883519892000000        4.06301269237987128000       -5.78527085845196787000        3.15984656073166592000        5.73675126922941381000        9.68479884699863014000        4.11729438751331411000       -2.06555129213925559000       -2.30268987865133257000        4.26424521515405974000        0.75716548518636828000       -2.31780143385102511000      -10.99005326782405589000        1.37694009992376287000       -0.64880747092424962000       -1.76544486059341454000        4.81891421941185616000       -0.91718892488066350000        2.12798942340689523000       -6.39827205322172166000        0.75346112867801496000        2.56229823262927914000        0.88191721465636630000       11.90256476392488949000       -0.11565575810250009000        1.20054484083267399000       -0.44283817390834962000        3.46502969527252480000        3.29666168237444479000       -5.98301780526861116000        3.49525484681660759000        6.86159575478942152000        9.50890313907266460000        3.83472184694264673000       -2.02745572244040861000       -3.03874122207681818000        4.16580099781818092000       -0.16106312437770257000       -1.24353917999046493000      -12.33366930377165360000        0.93955075590425918000       -1.14895209663062037000       -1.94517449290083455000        4.35102798944165059000       -0.88340270377434249000        2.08700978988465202000       -6.18838976284746423000       -0.46123039098514734000        2.78506308901447630000        2.16549834757417603000       12.28935680553920840000       -0.09391758845307453000        1.46750499190074235000       -0.41006120437031207000        3.24358896966613619000        3.50723553280416400000       -6.59261890984767263000        3.54473844133947669000        5.72598114033156236000        9.77651773377482591000        3.79085772892880080000       -2.26186343870247253000       -3.79861632429623519000        5.00106649406638937000       -0.54471120107905324000       -0.43353693726488052000      -13.46803392734579141000        1.11678938621999779000       -0.98067300289541459000       -2.16595916543863476000        4.32638385016439830000       -0.36425447035390279000        1.76311228225275940000       -6.46155339201148671000       -0.12091036645364470000        2.68448668995043871000        2.50299604571393131000       13.13443681985672917000        1.87533909042567681000        1.30428901825298538000       -0.60025345874041802000        3.38782482762829895000        6.02891331998788438000       -7.24765546096464952000        1.23010432346246734000        8.25210455661679099000        9.91999186253950427000        4.11339140931025948000       -1.04329987309221184000       -4.17070077906950942000        3.20828994269765078000       -1.16301177863426575000        0.11521586463661540000      -12.47399448459561810000        3.80398423311202283000       -3.14144922130991899000       -1.69357935403728765000        4.58274783824909182000       -2.66072099985804389000        3.19962544288618433000       -6.68226865969961192000       -0.66826978333121068000        0.42746443379990734000        2.75303065263326019000       14.08777328823476616000        2.40315207862673619000        1.24316875198948074000       -0.58070801170204045000        3.48335911475789262000        6.25935811429721145000       -8.32680434964097316000        1.83193934679697068000        9.37686366245786118000        9.46383803561848858000        4.43004073903332518000       -1.56645360983078152000       -3.49596527065626317000        3.39655415724482701000       -0.28438946115261354000       -1.01201930523215045000      -12.03516982745587782000        2.73578679525886770000       -3.55700554633614363000       -2.07075769911919094000        5.13917073301360006000       -3.49294784476476439000        4.05462537122762168000       -7.20647376590260080000       -0.55596507568062647000        1.19431766496451575000        2.27335100696525094000       14.91552314977178462000        2.27974779152837392000        1.57610516233583131000       -0.30003626276966616000        4.04092022598711686000        5.79360813852961964000       -8.59712966650141119000        2.54085590138056716000        9.46906104357119105000        8.44636140613147823000        4.50875979229393842000       -1.66481084216981401000       -3.86549246542515679000        3.60067289930665524000       -0.52088932912062713000       -0.19620993761371491000      -12.49207689292592782000        2.12590254478796048000       -3.56247089550473373000       -2.11390876470117250000        4.79947631574616373000       -3.39061553551110428000        3.99788706900552215000       -6.75086866093653004000       -0.65908957426207171000        1.20613401839012502000        2.97079063812427124000       14.98647814297935099000        3.07522990958236520000        1.42236579942115737000       -0.34500215693708924000        3.76820233031574414000        5.73180528831356284000       -9.34793420041497747000        2.55522412768419693000       10.50720235366138944000        8.45256239427332723000        4.93573991622160069000       -1.48263800578015070000       -3.96315158455694405000        3.44124811058824109000       -0.61373812794976812000        0.41602972434082197000      -12.53985628297891353000        1.83258525834922925000       -4.31800107513642661000       -2.13394755440129291000        5.41951842812442131000       -4.30472342494922167000        4.50340575021151857000       -6.76358220849653868000       -0.97197411315093185000        0.91667730940570025000        2.61974496371375443000       15.67592864746441350000        4.21324073550405931000        1.00874553264637101000       -0.74341459713527580000        3.74972213091863082000        6.33730300518572509000       -9.31781467273038544000        1.08370963724848735000       12.58526216573275924000        9.44805853368726289000        4.81708396266928673000       -1.01183383914748681000       -3.56907276686763097000        2.16968348360273255000       -1.94348409806034117000       -0.52807493556758167000      -11.62811664112666676000        3.22395651873121158000       -5.93383377584251459000       -2.43524946725692937000        5.02987042901794013000       -6.34133322291859258000        5.40913766285605035000       -6.71892850226838689000       -2.09595195033253967000        0.22715931341992490000        1.79058126561795095000       16.03402831442369350000        5.00020037048684873000        0.31508436959805580000       -1.22906185067274865000        3.47280362409323695000        6.87767370335232542000      -10.70587768856011301000        0.70324124473404848000       13.15130975498525068000       10.32160656483308792000        5.17929356161719667000       -1.36609245400310630000       -2.82166317113040632000        2.26339150075386542000       -1.99490989811505215000       -1.80610077139438796000      -11.33497737002674732000        3.53948041999933150000       -6.40385040206304801000       -2.96311339143012420000        6.31423183985109304000       -7.61717753053621749000        5.84642595458315739000       -7.07029401306788419000       -2.03718335518192717000        0.35402423185475906000        0.90542224101145596000       17.03421742714096250000        5.32096231794458951000        0.20939335387503974000       -1.34003600458250682000        3.39594757172686546000        6.34172758874735898000      -10.93151890828520934000       -0.50943942306244283000       13.87835039333675269000       10.77026075944200301000        4.84820952271198546000       -1.19025136212113813000       -2.76673746412699950000        1.58259690522160579000       -2.87995758932499868000       -1.72748923234165375000      -11.28784946215395379000        4.19794305971947423000       -7.45359890870206066000       -3.23786372748071782000        6.42505400834688878000       -8.43073301726418478000        5.92749694930314330000       -6.83794677153153430000       -2.83207027651383214000        0.06302602858225864000        0.45207845243420985000       16.96991879688313530000        5.65925865505503189000       -0.03226176918819363000       -1.38530394371490151000        3.34566346978337892000        5.73012015260297058000      -11.23862055706333329000       -0.29735612766933789000       13.92938395809790286000       11.11788850706916421000        5.42830922429551777000       -0.97198336403746399000       -2.92817379105430842000        1.82389334327290675000       -3.14562434771965993000       -1.40325180952021045000      -11.31237686362455364000        4.00098117635962947000       -7.58039251789483970000       -3.26146618094974805000        6.76703246952145143000       -9.01320720545411014000        5.68858389023907485000       -6.63109226167785870000       -3.26082502404648089000       -0.30288661238037545000        0.03509773769894408000       17.20173216711809160000        5.83662773428842296000       -0.43727856173367047000       -1.54421719134847502000        3.73722340065092995000        5.73398129634079368000      -11.48298053780983885000       -1.18335577661368996000       15.24440825356246876000       11.69705019188596040000        5.48288460091046748000       -0.88092783102647598000       -2.17861043468702409000        0.90301869305541671000       -3.17508662375130557000       -2.96225473700964104000      -10.91299758464385405000        4.36784871528609120000       -8.38714809488953072000       -3.57286398591295162000        7.29836870481434286000       -9.89417484460517649000        5.80130950928998956000       -6.66963195701675282000       -4.41185782349961286000       -0.10242867239588863000       -0.37002973708486142000       17.21512996279040310000        6.38673709994547334000       -0.99853992253627388000       -1.71836131660938474000        3.70239922264844568000        5.40656829661067473000      -11.85827810573256791000       -0.94841561140682640000       16.54423387493752880000       11.64030252846564295000        5.38858578735453264000       -1.15874745796500278000       -1.67240545702479704000        0.57393277037486734000       -3.07253200796989079000       -3.87287759304051038000       -9.82002390393994773000        3.49277175197741530000       -8.62447559026954913000       -3.83878839855098519000        7.52437649298324018000      -11.21641635242506752000        6.22293313569646678000       -6.54924741126803056000       -4.83253654022941337000        0.62881971404742854000       -0.91744795490502096000       16.81964333113246820000        5.91094841797981552000       -0.96027171644137932000       -1.78419346640251253000        4.12096159803647488000        4.94560618463654134000      -11.62832103946900730000       -1.74127090489440928000       17.28542000516047490000       10.88150535680189890000        4.91064879664256093000       -0.94191803567471877000       -1.65927437294348978000       -0.21633214656361421000       -4.01121238171426775000       -3.30948980598509168000       -9.53536875893357738000        3.82845831187153474000       -8.98938251163427893000       -4.01403182903403888000        7.01270877996874464000      -11.42599375405736240000        6.13936386318254979000       -5.68115117184477381000       -5.78522069674529860000        0.73508168384137074000       -0.82681370255039632000       16.07848569702722590000        5.39954845039446329000       -0.73785562120155901000       -1.78453361257709298000        4.02293378081761954000        5.32118040734450126000      -12.16821003742613172000       -2.08697513199865181000       16.56495321493291680000       10.79633179421147737000        5.37436065858284096000       -1.10403000939431895000       -1.90766439897824691000        0.31238317410019251000       -4.10438922363936065000       -2.72744885467796561000       -9.93985228994541536000        4.53480373425772676000       -8.66593568896019306000       -4.34595691773883619000        7.15386001208717204000      -11.15132768353042536000        5.67529894244438538000       -5.53509347994682344000       -5.66411158908527756000        0.22744416296840611000       -1.17197520334264671000       16.65021394079564130000        5.20517262583093121000       -0.82507615803279022000       -1.88328352990653580000        4.41611298866606994000        7.92597437806253335000      -13.24015893871063732000       -3.73591130210166211000       16.26271050782009550000       10.06237817672184498000        5.83715760379318826000       -1.16007538203128924000       -1.45804274539733836000        0.03066108103629919000       -3.22528519802146363000       -3.26907634885467457000       -9.99220590025179334000        6.21749174996066412000       -8.47193343939507315000       -4.40499367002029985000        8.19306553825219019000      -11.14710301678260862000        5.34190659095693654000       -5.41279323883027619000       -5.22503619794725349000       -0.49555570463536452000       -0.80641837180220333000       17.26005176084495930000        4.95915728702917313000       -0.72058589569404929000       -1.66937857553030744000        5.00936493569611674000        7.63680679144820118000      -13.82046427227266250000       -3.59147799021418690000       17.13626951236629380000        8.87263108222338559000        5.53027052329700552000       -1.49951829732610675000       -1.04878576792830258000       -0.07017128138327630000       -2.62397045225125813000       -3.78042928443522408000       -9.71439154395237558000        5.16482608214260797000       -8.66608322036270096000       -4.69497209819352435000        8.25485515179178719000      -11.35281608391091090000        5.61493946357921914000       -5.39908364974025545000       -5.60927486358028293000        0.27836674052010396000       -0.50666587712402544000       17.10347973951065370000        3.51200961349031404000       -1.02307748059608072000       -1.81189158204959733000        6.84991493700515974000        6.84065289060217818000      -13.74458392981720678000       -3.48601344077173980000       16.34308967911342590000        6.85662558603064021000        5.25100125191537259000       -1.27628174858067300000       -1.09320489623551320000        0.07591655638415708000       -3.35311446016398751000       -2.71494613601557999000      -10.22436025868171860000        4.77776694121912904000       -7.69041389496029115000       -4.65548039295188598000        8.44095965031464068000      -10.33643894407465602000        4.64790727381256463000       -3.78483966874880728000       -6.08781680650001356000        0.47693080175986957000        1.40302183051822449000       15.76745407881209715000        3.23344976397131134000       -0.94696456163125409000       -1.84800023798154056000        7.12724337688556009000        8.50614399066782667000      -14.18957013043253568000       -4.40646246875192027000       17.05508834949693050000        5.76082998336766572000        5.43014999792087227000       -1.18403199592387698000       -0.77840951635713851000       -0.49037336651119912000       -3.18229816712443725000       -2.66244309819977332000      -10.01095754327152143000        5.49813561662957451000       -7.76489873548812959000       -4.69920018003170625000        8.51875798213226965000      -10.39951196380155807000        4.84337012390791077000       -3.31600081235585087000       -6.25108672249142305000        0.29041509987608549000        1.55613921306032332000       16.04313097432023130000        3.26382881081103760000       -1.03734832715533165000       -1.85207114072742551000        7.40350253330424834000       10.01726346461931705000      -14.72527796063299022000       -5.42370486545860953000       17.30427191272725200000        5.40705434693741172000        5.62739758163398296000       -1.13123497068703771000       -0.24922577510232760000       -0.96406298530784340000       -2.44218953627124735000       -3.78810178325104907000       -9.60123168942107874000        6.28208567332734358000       -7.97495190666691567000       -4.73423400464535948000        9.06890385037084279000      -10.63251737557143706000        4.77464587351159242000       -3.25410051831779601000       -6.19021668441388950000       -0.07685976951052523000        1.58435162649756145000       16.15872078245921270000        3.05940240442857014000       -1.04006260626391978000       -1.71758130659554387000        7.76788244656004334000       10.51555443494549458000      -14.96250873012574445000       -5.05662213446386222000       17.70412470300095720000        4.60435976704192917000        5.94038985464876301000       -1.33414111472901387000        0.43921943605832520000       -1.08035661991339116000       -1.18919782491167525000       -5.08508249477161467000       -9.07337385127301488000        5.62999770089889218000       -7.81660474895468305000       -4.62648019507825747000        9.26335749314048940000      -10.64575478656002616000        4.83865085461338928000       -3.21325684639158649000       -6.04914692712972002000        0.41214985852723840000        1.47101938365282536000       16.04370980511281530000        3.09239199855026392000       -0.80304034549122594000       -1.36479275907836617000        8.43810287946563875000       10.18009062407864640000      -15.13896400700690137000       -4.69105310343502691000       16.66755694364622900000        3.89266020378005706000        5.89681931656409031000       -1.15675147587118832000        0.87765037000392276000       -0.75011150174501129000       -0.62534930376943065000       -5.68044994075965626000       -9.47325105222835795000        4.72345431290662621000       -7.44620535800634098000       -4.48675732178282072000        9.92675992681023445000       -9.91024563901388511000        4.26347781632467804000       -3.03572244351031495000       -5.90725663525680300000        0.52042373073743653000        2.39380641144361928000       15.64125856323149044000        3.55326711183035338000       -0.88486562822246229000       -1.36703721353790275000        8.18604264020950545000       11.52418637931041268000      -15.99573417264353736000       -5.48195595673909253000       17.47807814872527030000        3.45768227264320327000        6.36858887483418190000       -0.81115141270001201000        1.52176087627868295000       -1.14810212202321282000       -0.10553009512822215000       -6.02978537579347318000       -9.14773941989038519000        4.95153724137189144000       -7.69515787567769305000       -4.45039592382571492000       10.90432100566953721000      -10.42394721602317986000        4.40184640859394261000       -2.77457096748896292000       -6.22220640494492283000        0.18659126471883813000        2.07320938785382536000       16.10372528237586210000        3.79866852544492906000       -0.73459140678659540000       -1.20680620628090041000        7.54753478182407900000       11.40185496721234415000      -15.95680405910324140000       -4.92632323805080397000       18.51838283590610960000        4.58563892492067815000        6.38327790706764819000       -1.05611645756850803000        1.78337613357110625000       -1.44481339533007902000       -0.10880598968334214000       -7.57112356770126826000       -9.08248306580856735000        4.40635892223426318000       -7.86808625251436400000       -4.65941788891376518000       10.59327789017191890000      -10.86269968776530170000        4.31141534421899042000       -2.77117601705853334000       -7.04281332067756427000        1.08036405764975285000        1.11433769396499582000       16.25863507995724430000        4.12935597242772978000       -0.67198309342902152000       -1.07055013592821635000        6.90340756793178745000       11.65479617888751385000      -15.50909259129164219000       -6.27359203660825049000       18.69802014598495890000        4.05852203962222902000        6.21985916705462305000       -0.60122202628701160000        0.51535117310424350000       -1.86556488448070157000       -0.37172029214227609000       -4.96745008412712430000       -8.16255636417470143000        4.67393197288292050000       -8.30782418235851416000       -3.92959159625613985000       10.18896695174513667000      -10.97333645392832224000        4.02527454257873263000       -1.98836550106395005000       -7.30222504873231060000        0.22886706647755989000        0.91866306778413032000       15.30276999959012940000        4.29763495959597464000       -0.52943452617784847000       -1.18562800916134803000        6.28337766014736232000       11.06105315189959448000      -16.32385596547644010000       -9.27580078791278773000       17.78093876733490930000        4.36652998655991276000        5.11703174641598491000       -0.91333554207096856000        0.96476113470641123000       -1.94198600117203268000       -0.17996033607767226000       -4.89804243457434296000       -8.21648406054533886000        5.04787892432371432000       -9.78750995119139411000       -4.64778982381074357000       11.33987902663305114000      -10.57777966249774160000        3.66785250465491330000       -2.63478287503245401000       -7.57900142434242952000        0.01264509335329062000        0.35324451833973280000       15.18212978377805022000        3.31021879731842672000       -0.71489984603057044000       -1.44421288470091280000        5.38033717644549370000        9.35932200585766516000      -16.61217857575716290000       -9.30787152584992583000       16.92766516337695040000        3.25489589671287405000        4.05754980777238661000       -1.69659603312322349000        0.88741635106339034000       -1.33260315920414452000       -1.09958337396357830000       -3.50500116023608665000       -7.57824466250803930000        4.35054996489471613000       -9.29201289918364282000       -5.52615004812888966000       10.50343904208099133000      -10.24801885839104365000        3.30856220338585194000       -1.90216708243838384000       -7.80604777976131903000        0.59638538731839685000       -0.45685969624981410000       14.33743096819024920000        3.98397665172411308000       -0.56550658221646921000       -1.57530116167576217000        3.92161117064462994000       10.65239933654393489000      -17.15473305791800840000      -10.77957390153286354000       16.05359828357788390000        2.54156180880110050000        4.63527946874246055000       -1.26639129063692590000       -0.67197270333871040000       -1.42552921736544569000       -1.41761273197356186000        0.20278001723812925000       -7.62203272698229739000        6.12926984319412416000      -10.23000360529761466000       -5.36371018067496586000       10.36658852631236094000      -10.26699514185607676000        3.50863349704391991000       -1.83183495526600804000       -7.03621394246350729000       -1.84067513917566061000       -0.93817469091971095000       15.32186359683447563000        4.11280952165072833000       -0.41308483930175999000       -1.45812057060016653000        3.72602059290888166000       10.36631417382425013000      -16.85868636972481130000      -11.41164371283793955000       15.52337644309162457000        2.23530833008730978000        4.42985233673165180000       -1.16701061905276759000       -1.05568892005337234000       -1.33854591426123526000       -1.77555054884454422000        1.42229871748734715000       -7.33071171315830661000        5.92895160438837809000      -10.14677272457221058000       -5.13508795667792661000       10.49472440995409350000       -9.81374922049581500000        2.89289562814213230000       -1.06999811988561966000       -7.34415153345634320000       -2.10694007702931740000       -0.73740351433640949000       14.50814021174823587000        4.22232637388900400000       -0.50089977949389508000       -1.35847813083794899000        3.04085501718489848000        9.57778871743907878000      -16.20682211258907300000      -10.22325557372890081000       14.77866680032858326000        2.68891456197205869000        4.66027937663356173000       -1.62006004359494593000       -0.76714838764716453000       -0.97976173344317263000       -1.39513254375211004000        0.47218814624523520000       -7.80881052318156321000        4.42006780293929058000       -9.69631972418722299000       -5.26679719429011772000        9.88820155408633816000       -9.43418494543998776000        2.20517082536707631000       -0.99531655474401914000       -7.38991834753144605000       -1.15064431891260921000       -1.17368645896456680000       14.28955456857441675000        4.35989187683520996000       -0.89394009378913752000       -1.42450808029204090000        2.22725548522498373000        8.09813121304317640000      -15.92329267002758897000       -9.56924556111870039000       13.53215148392964196000        2.24223597430081156000        4.66504377113837521000       -1.78557857372948425000       -0.47932166891095873000       -0.54563581357896807000       -1.30303885388639196000        0.76889574831176988000       -7.21115227000396697000        2.96303432765077979000       -9.32789847857974408000       -5.45099882596711804000        9.74308506237593441000       -9.36155802778799995000        1.35046281225318343000       -0.36708243766024579000       -7.40832476111487726000       -1.02050468945913009000       -1.87399785245119399000       13.32353164543242485000        3.88290092201229831000       -1.09076271279848780000       -1.47673414814038795000        1.95472588669650804000        8.39995754339015122000      -16.65585045748854750000       -8.99415839570880671000       12.37318335464817665000        2.05055885201856691000        4.90377667452454791000       -2.55783752181669177000        0.36411606013060732000        0.19025209750722405000       -0.01883311027568300000       -0.66391345403762991000       -7.62247218180577857000        1.69195678123889959000       -8.47663741622078248000       -5.77095153115826509000       10.65450179628246907000       -8.37816304788476884000        0.45755717221303333000       -0.37162208016443249000       -7.05259392335151070000        0.11765165702433378000       -1.93885450390711611000       13.45107156615491384000