 2         8        30        48        56
        0.00    0
       1.000000       1.000000      49.576000      49.576000      49.688000      49.688000      49.688000      49.688000      49.528000      49.528000      49.528000      49.528000      49.528000      49.528000      49.528000      49.528000      49.528000      49.528000      49.528000      49.528000      49.528000      49.528000      49.528000      49.528000      49.528000      49.528000      49.528000      49.528000      49.528000      49.528000      49.528000      49.528000      49.528000      49.528000      49.528000      49.528000      49.528000      49.528000      49.528000      49.528000      49.528000      49.528000      49.528000      49.528000      49.528000      49.528000      49.528000      49.528000      49.576000      49.576000      49.576000      49.576000      49.634000      49.634000      49.634000      49.634000
      -1.000000      -1.000000       0.291000       0.291000       0.291000       0.291000       0.402000       0.402000       0.402000       0.402000       0.402000       0.402000       0.402000       0.402000       0.402000       0.402000       0.402000       0.402000       0.402000       0.402000       0.402000       0.402000       0.402000       0.402000       0.402000       0.402000       0.402000       0.402000       0.402000       0.402000       0.402000       0.402000       0.402000       0.402000       0.402000       0.402000       0.402000       0.402000       0.402000       0.402000       0.402000       0.402000       0.402000       0.402000       0.402000       0.402000       0.402000       0.402000       0.402000       0.402000       0.402000       0.402000       0.402000       0.402000       0.402000       0.402000
       -0.17799999999999999000
        0.05000000000000000000
        0.16600000000000001000
        0.11400000000000000000
        0.33600000000000002000
        0.06800000000000000000
       -0.28799999999999998000
       -0.08200000000000000000
       -0.33200000000000002000
        0.04600000000000000000
        0.25200000000000000000
       -0.05400000000000000000
       -0.06400000000000000000
       -0.18800000000000000000
       -0.29599999999999999000
        0.32200000000000001000
       -0.00200000000000000000
        0.14199999999999999000
        0.00200000000000000000
       -0.27600000000000002000
        0.36799999999999999000
        0.08400000000000001000
       -0.34799999999999998000
        0.01000000000000000000
        0.09000000000000000000
        0.15600000000000000000
       -0.01200000000000000000
       -0.40000000000000002000
       -0.32800000000000001000
        0.14199999999999999000
       -0.08200000000000000000
        0.08799999999999999000
        0.23599999999999999000
        0.04800000000000000000
       -0.32800000000000001000
        0.39400000000000002000
        0.02600000000000000000
        0.03600000000000000000
       -0.23599999999999999000
        0.35999999999999999000
       -0.21600000000000000000
       -0.01800000000000000000
        0.22000000000000000000
       -0.39800000000000002000
       -0.01600000000000000000
        0.04800000000000000000
        0.09000000000000000000
       -0.03400000000000000000
        0.06200000000000000000
        0.01600000000000000000
        0.08799999999999999000
       -0.06600000000000000000
       -0.31600000000000000000
        0.37600000000000000000
        0.33000000000000002000
       -0.28199999999999997000
        0.10400000000000000000
       -0.23999999999999999000
       -0.40000000000000002000
       -0.34999999999999998000
       -0.20399999999999999000
       -0.00600000000000000000
        0.17399999999999999000
        0.14799999999999999000
        0.28000000000000003000
        0.30199999999999999000
       -0.35399999999999998000
       -0.06400000000000000000
       -0.12600000000000000000
        0.02000000000000000000
        0.02600000000000000000
       -0.00400000000000000000
        0.33800000000000002000
       -0.25600000000000001000
        0.26200000000000001000
       -0.05400000000000000000
       -0.08599999999999999000
        0.18600000000000000000
        0.06800000000000000000
       -0.38600000000000001000
       -0.06000000000000000000
       -0.08599999999999999000
       -0.24800000000000000000
        0.09400000000000000000
        0.19800000000000001000
       -0.18800000000000000000
       -0.34599999999999997000
        0.17999999999999999000
       -0.12200000000000000000
       -0.32800000000000001000
        0.39800000000000002000
       -0.05600000000000000000
        0.37000000000000000000
       -0.10600000000000000000
        0.06000000000000000000
       -0.04000000000000000000
       -0.24800000000000000000
        0.08799999999999999000
        0.39400000000000002000
       -0.21600000000000000000
        0.25400000000000000000
        0.08200000000000000000
        0.33600000000000002000
       -0.03200000000000000000
       -0.24199999999999999000
       -0.24399999999999999000
        0.00600000000000000000
        0.29399999999999998000
        0.18600000000000000000
       -0.36199999999999999000
       -0.23999999999999999000
       -0.09600000000000000000
       -0.28599999999999998000
        0.39600000000000002000
       -0.01400000000000000000
        0.19800000000000001000
        0.34000000000000002000
        0.26200000000000001000
        0.01200000000000000000
        0.02600000000000000000
       -0.44000000000000000000
       -0.05600000000000000000
       -0.15400000000000000000
        0.01800000000000000000
       -0.28799999999999998000
       -0.38600000000000001000
       -0.31000000000000000000
       -0.20999999999999999000
        0.18200000000000000000
        0.13800000000000001000
       -0.13600000000000001000
       -0.07600000000000000000
       -0.29999999999999999000
        0.30199999999999999000
       -0.37600000000000000000
       -0.01200000000000000000
       -0.39800000000000002000
       -0.14599999999999999000
        0.38600000000000001000
        0.03200000000000000000
        0.03200000000000000000
       -0.09200000000000000000
       -0.25600000000000001000
        0.03000000000000000000
        0.35799999999999998000
        0.37000000000000000000
        0.17799999999999999000
       -0.23799999999999999000
        0.17599999999999999000
       -0.04600000000000000000
       -0.43400000000000000000
        0.09800000000000000000
        0.21199999999999999000
        0.37000000000000000000
        0.35399999999999998000
        0.30599999999999999000
       -0.12800000000000000000
       -0.13400000000000001000
        0.22800000000000001000
        0.16000000000000000000
        0.07000000000000001000
        0.09800000000000000000
        0.16800000000000001000
       -0.25600000000000001000
        0.20799999999999999000
       -0.14399999999999999000
       -0.13200000000000001000
       -0.15800000000000000000
        0.35199999999999998000
        0.34000000000000002000
       -0.49600000000000000000
        0.01400000000000000000
       -0.17599999999999999000
        0.00400000000000000000
       -0.23200000000000001000
       -0.16400000000000001000
       -0.14999999999999999000
        0.13200000000000001000
       -0.20999999999999999000
       -0.38600000000000001000
       -0.33200000000000002000
        0.03200000000000000000
       -0.11600000000000001000
        0.13600000000000001000
       -0.26600000000000001000
       -0.24800000000000000000
       -0.33000000000000002000
       -0.30199999999999999000
        0.02000000000000000000
       -0.00200000000000000000
       -0.12000000000000000000
       -0.07600000000000000000
       -0.37400000000000000000
        0.03000000000000000000
        0.12200000000000000000
        0.30800000000000000000
        0.34000000000000002000
        0.34599999999999997000
       -0.29599999999999999000
        0.23999999999999999000
       -0.18600000000000000000
        0.08000000000000000000
        0.32000000000000001000
        0.38200000000000001000
        0.32600000000000001000
        0.01000000000000000000
        0.04000000000000000000
        0.11600000000000001000
        0.32800000000000001000
        0.25000000000000000000
       -0.06000000000000000000
        0.02000000000000000000
       -0.19200000000000000000
        0.25200000000000000000
        0.27800000000000002000
       -0.18200000000000000000
        0.13600000000000001000
       -0.15400000000000000000
        0.09200000000000000000
        0.35799999999999998000
       -0.39400000000000002000
        0.09200000000000000000
       -0.39800000000000002000
       -0.05600000000000000000
        0.11000000000000000000
       -0.19600000000000001000
        0.31400000000000000000
       -0.32000000000000001000
        0.26600000000000001000
       -0.26400000000000001000
        0.05400000000000000000
       -0.10000000000000001000
       -0.29799999999999999000
        0.13400000000000001000
        0.05800000000000000000
        0.12400000000000000000
        0.25000000000000000000
       -0.09000000000000000000
        0.17799999999999999000
        0.07000000000000001000
        0.10600000000000000000
       -0.07600000000000000000
        0.25200000000000000000
        0.23599999999999999000
        0.34599999999999997000
        0.37800000000000000000
        0.27400000000000002000
        0.11799999999999999000
       -0.09800000000000000000
       -0.21800000000000000000
        0.46400000000000002000
        0.09200000000000000000
        0.35999999999999999000
       -0.05600000000000000000
       -0.32400000000000001000
       -0.24199999999999999000
       -0.32000000000000001000
       -0.29799999999999999000
       -0.23799999999999999000
       -0.33000000000000002000
        0.15400000000000000000
       -0.05200000000000000000
        0.04600000000000000000
       -0.34000000000000002000
       -0.32600000000000001000
       -0.29399999999999998000
        0.00800000000000000000
       -0.07800000000000000000
        0.27000000000000002000
        0.18400000000000000000
        0.08200000000000000000
        0.05200000000000000000
       -0.02000000000000000000
       -0.12600000000000000000
        0.34399999999999997000
        0.22200000000000000000
       -0.33200000000000002000
        0.39000000000000001000
       -0.03200000000000000000
        0.22400000000000000000
       -0.39400000000000002000
       -0.02600000000000000000
       -0.27200000000000002000
        0.11600000000000001000
       -0.09400000000000000000
        0.31000000000000000000
       -0.06200000000000000000
        0.10600000000000000000
       -0.12200000000000000000
       -0.27400000000000002000
       -0.06000000000000000000
       -0.00200000000000000000
        0.00600000000000000000
       -0.28999999999999998000
        0.34599999999999997000
       -0.13600000000000001000
        0.09600000000000000000
        0.19000000000000000000
        0.21600000000000000000
        0.32400000000000001000
       24.56953061422055740000       14.52886431916026311000       -6.14434758884303189000        2.58091881924229405000      -11.73799256124354251000        7.01158339686405885000       -9.31288966399980644000        4.34918591552043132000      -10.68067766902994720000       -7.67357269917870788000        4.00776441151474927000        3.94239694697600873000        0.83618006666033518000        7.40076116257353878000        3.36000717304318508000       -1.97749130669034323000       15.64003117187938052000        7.41548547808851843000       -4.20487773742401227000        0.33226636459671011000        0.09333170753774878000       -5.57107523297089724000       -2.30344528218397882000        5.71081191832077018000       -0.29040114745355744000        3.01186992187647373000        0.65990996536178914000       -4.96728457030703119000       -0.00647132775344287000       11.04757647035509294000       -0.08460666305034042000       21.64978578901960300000       13.22985280062684765000       -6.20436533646246424000        2.57768650816475109000      -11.07578858324873039000        7.00075917700660177000       -5.78797246283701572000        2.12454790866516019000       -9.31643879283551257000       -6.83477502417895355000        3.81266789909949066000        4.68351703203075687000        0.62583732703080530000        6.13070970768628243000        4.54137584718755427000       -2.45374997527959904000       13.93872976083041415000        7.33750113525797687000       -3.88935663810786370000        0.36269422906516541000        0.67129076619839223000       -6.51939997135576466000       -1.85355537369527124000        3.91063576134643887000       -0.58858950578432145000        3.25040671637830991000        1.87391444604434265000       -5.36154257020827529000       -0.95291511242652338000       11.68585874024910964000        0.09764751129495164000       20.69669744723128700000       12.63207522173526165000       -6.93842352539534701000        2.98491891113845220000      -10.30609678949107000000        7.11472585966236260000       -4.40294838835368729000        0.21637114279936290000       -8.20042360585166641000       -6.34399479675096600000        3.58067206168517815000        5.06641599753397909000        0.28521818815488420000        5.60258363672870985000        5.25649839833080001000       -2.23234541420137766000       12.08930010031370728000        6.68808143094302121000       -3.51398073566758562000       -0.11530087931061966000        0.68522083585173699000       -7.91273765556169906000       -0.66548329788693328000        3.25920598957388963000       -1.10022909013385473000        3.16480650076242620000        2.10087043695928077000       -4.93147378473064446000       -2.99683888873936066000       12.07933034567914987000        0.26993758682192392000       19.03609186803391040000       10.81080972225189996000       -6.21330576348862174000        3.62667170102832159000      -10.13231107407796294000        6.54084954378808625000       -3.15616866373416238000        1.24557954349652200000       -7.03883279650170568000       -5.96426799663878526000        2.88126347179103792000        4.98264926902455318000        0.57421548332876049000        5.51898470309149758000        4.63976046159136857000       -1.97060811822918724000       10.60072721602397472000        6.34949758686903642000       -3.73542274437862032000       -0.11390827636636504000        0.66499389218029903000       -8.64281539634454532000       -0.30087662443364804000        4.40624078021014487000       -0.86977453300983321000        3.08128044313328653000        2.91639032572081769000       -5.16793527068514003000       -3.27887750237812625000       12.01326175710159561000        0.54764426427251511000       18.73437170484764280000        8.84742711772528878000       -6.03844244360065829000        4.50520975426729553000       -9.46669772494611550000        6.69905882236804917000       -2.56175682250316772000        1.05117154851764583000       -6.12806750539780065000       -5.68682157654368492000        2.49700863770860515000        5.56845595144616645000        0.43351425927561948000        5.70680905485456513000        3.73136221229447740000       -1.55389969015384466000       10.23491828229406408000        6.14049323260923696000       -3.82727604290260803000       -0.40357803660727382000        0.43794263696044733000      -11.12614648739856449000        0.57655222806557438000        6.11146848985188207000       -0.78247745917587952000        3.01721158680460899000        3.22139995820898450000       -5.00477974060277919000       -3.63996241168896262000       12.46164064562905516000        1.31877949966838726000       16.64092781444381330000        7.31398117009323467000       -6.00298000009456523000        5.42963762441526221000       -8.72932278125349192000        6.82340285588425743000       -0.50768110225291796000       -0.69534320286315177000       -4.34776611991458406000       -4.44005539518626424000        2.21107052862335962000        6.30850377613454683000        1.08828221726286367000        4.57794650350195020000        4.38746058128105165000       -1.77330494535626726000        9.17160846965171039000        5.93129841030154736000       -3.82556661191596392000       -0.58308799960085267000        0.48093564375239384000      -12.07664185547178448000        1.34202024496552719000        5.25510177536211298000       -0.17349064862758348000        3.17557049718708484000        4.40475152178073159000       -5.00004149155007749000       -4.02689778706550428000       12.83329057370760928000        1.68300067632973294000       15.79802014339433214000        6.02203898620116274000       -6.27142039916617389000        6.94531467670712654000       -8.77604444105453929000        6.79664827208163746000       -0.32943217316223350000       -0.89098653217347268000       -1.52879711940567020000       -4.46623558242572383000        1.54956002182243968000        6.84862593999651814000        1.63353838160540565000        3.35906176613725815000        4.71320702106684220000       -1.26193654052167203000        8.60084409998217581000        4.41233965290542773000       -3.45340634259900181000       -1.57303689135982872000        0.41032281261841064000      -14.27829949528104336000        1.16295623453823826000        6.86532020223501149000       -0.24353812725065110000        2.97958216463397818000        5.16199953951363177000       -5.80788190635712809000       -4.03559321597726939000       13.53005216748953288000        1.94638095386145338000       13.78539874024182765000        5.63471667704825308000       -5.68731998789173243000        7.94987244296400064000       -8.29961773955443150000        6.50141324487417904000        0.64785288816509545000       -0.27438689623525092000       -0.46829690638681365000       -3.63783555276067316000        1.00115967652098670000        6.17409089874409478000        1.79791268003912941000        3.53961168725385544000        4.15626276318749088000       -1.18808937696582473000        7.78372933582899762000        4.39400765156447370000       -3.90061636578795756000       -1.03750522903749687000        0.49301854327569100000      -13.37101691181328888000        1.83115340765081247000        6.45859684776213960000       -0.30417023771623358000        2.91007987083218067000        4.58613235606789882000       -6.17155839765541714000       -4.74527151032288597000       13.22298980484157660000        1.91389263228420514000       14.16673048667506762000        4.39599431720540679000       -5.65937668909650604000        8.93241237526577514000       -7.69967072840993438000        6.58811972730309314000       -1.10282052092670613000       -0.28849736898978195000        0.47739831038410785000       -2.80538886704299273000        0.39683466555721436000        5.78142629667375729000        2.05157512679002974000        3.86316672352155521000        3.33929701528901779000       -0.54852791783973931000        7.91332083503967976000        3.96504497179025117000       -4.13059219461482741000       -1.05433590179396086000        0.12653379708872767000      -14.79537301735873633000        2.23143337958297838000        7.88215431338826988000       -0.06451871296949573000        2.75688787610360864000        3.62830108676405816000       -6.08890078659917400000       -4.75507071943790649000       13.21283382165502474000        2.16658931857154791000       11.82374144043086517000        1.52603568096597497000       -5.84679498156571498000        9.59092370861402976000       -6.36949186748871021000        6.06218702620063077000        0.82319281956754542000       -1.82996104362276757000        2.26383903754511362000       -1.28468592031615980000       -0.90116293563670002000        6.52517165765909812000        2.51172688415760570000        3.05379156535314422000        3.90415272961378124000       -1.32999838921109292000        5.92827701394982665000        3.73965521356823283000       -4.21633962750028957000       -1.24565438926255267000        0.62887380331081844000      -16.88677784362671370000        3.31489518304718223000        7.42400650973822351000       -0.23381136484330206000        2.81303995344063651000        3.58765680417770749000       -5.70692023052215447000       -6.19961575516877339000       12.90957892303153365000        2.87084845717737647000        9.93673255780497122000       -0.08618313994997263000       -5.51980146021493301000       10.08772697622633530000       -6.42433328033185447000        5.83184113570322538000        2.14647111584432881000       -2.47556557834015445000        3.72953138497749048000       -1.20872852161782474000       -0.80301070165548205000        6.86553448613404971000        2.55822350395841935000        2.01834771778665711000        4.38965576287240822000       -1.62373716150121550000        6.08951844226603889000        2.86832278839427968000       -3.52544715058284464000       -1.45428705410857928000        1.08089644998144596000      -18.94232513529829730000        3.41654299726431043000        7.93400244534932053000       -0.61838395393531809000        2.71271718793208416000        3.38622383716174991000       -6.27034718258774948000       -6.26256822977952599000       13.01241858544084984000        2.90738516791971335000        7.88886355415797968000       -2.12448892239163944000       -4.69272518173588704000       11.32245145267960851000       -5.45865161287187384000        5.49925786302228392000        3.17557508186650672000       -2.00930390918318125000        4.72303905411940672000       -1.12828196775193956000       -0.89099817228957168000        6.70316551117430581000        2.31396535008949167000        2.05598804799327528000        3.60815239642607066000       -1.98876496095369282000        5.46618039669803135000        2.71336057335675696000       -3.50737194669433361000       -1.54232555036051244000        1.47864985825556516000      -19.99445498623853370000        4.59702354225292797000        8.73945233888502315000       -1.31517099471665411000        2.45606264825818377000        1.92966786331742690000       -5.80611345630264530000       -7.40989941391556250000       12.52170272673467721000        3.33013801447562141000        8.42725748187738688000       -3.85755032265316444000       -4.53321866321646016000       12.20595013860555156000       -4.62527736246803833000        5.45557013998626150000        2.14945744864655897000       -1.24232385616051455000        5.40918613881674126000       -0.54525242114309780000       -2.09255054319626499000        6.95687870343217885000        2.64731963421717342000        2.56935931039820753000        1.98211484076899191000       -1.32448653210058831000        4.62024298685638612000        2.17019425246475350000       -3.52854066654367937000       -1.90060305751890923000        1.03303918869150846000      -22.11741963118435450000        5.46074033890937915000       11.36638872283809043000       -0.88868558264814423000        2.33489265847402017000        1.69443357800721128000       -5.27132915448329786000       -7.98864240299444184000       12.65201219499903296000        4.01521894861904549000        6.35828086513142488000       -5.10159832798916923000       -4.35297880411948679000       11.95225440207416412000       -3.27083988026054806000        5.23400900879256881000        4.08319687200697068000       -2.38753773418703341000        6.00739236214465322000        0.29097475109959359000       -2.33925572991316422000        6.92331556341000365000        2.82363149790961954000        1.93316824117260966000        1.56730888100891019000       -1.58734097864112611000        3.29144253139140908000        1.87159768277947758000       -3.30689870255318619000       -1.79913557582600259000        1.22891004292152561000      -22.49607999877045470000        6.10053920575631192000       11.17877325511029696000       -0.96558942379068247000        2.19360002482168026000        1.40763018412994922000       -4.84743456979290599000       -8.60941804174565384000       12.26235143002960370000        4.36414083562148836000        1.85993983009530228000       -6.97192654637535103000       -3.59126944727898412000       13.62479380914209237000       -3.28558951423863510000        4.77572489428322200000        6.86837935456881610000       -2.87938413759659495000        9.28144972559755033000        0.05055808204358331000       -2.49441281291701511000        7.10272646957151199000        3.72579714582707489000        0.36812754941717862000        2.72084983970522254000       -2.60754423679324843000        3.09625270811327802000        1.73106788992543614000       -3.63540282635398393000       -2.67244218301534131000        1.78151624406330411000      -23.50837816037090630000        5.93783872780310684000       11.01781088396792541000       -0.71807420469052863000        1.90420033397053268000        1.20525235829154820000       -5.38474031997592384000      -10.02025017233334481000       11.91412908428948647000        3.95765099400402720000        2.96310785277354638000       -7.15878941017436787000       -2.97873316259124321000       14.63172200230919628000       -3.38981060464807804000        4.94924396478293449000        4.55164131252668636000       -1.16944900563073473000        9.32334113095624240000       -0.29105188596814263000       -2.67906884512823762000        7.24359860542491862000        3.98194476397341424000        0.73170088280744738000        1.90028896517555190000       -2.14801020460706216000        3.15798799593374202000        1.13099531504752404000       -3.23705513213535001000       -3.62285279795290105000        1.55298917706262274000      -24.36631559955003110000        5.75148466689576843000       13.43105607267972523000       -0.77621732855514358000        1.67150887675966664000        0.45779894729550641000       -4.67663556916936596000       -9.93623255966161523000       12.03245295578258300000        3.72815713633867007000        2.18638139769367168000       -9.01389414489115559000       -2.66885401041988679000       14.79277845329153784000       -3.11933629295869874000        4.49338270923410832000        4.64330884598447913000       -2.47594226816870888000        9.33247037366625953000        0.04486578932128395000       -2.29876089228634717000        7.81309159664996944000        3.65763093691387331000        0.41192248867883324000        3.00384279279773825000       -2.66228787418244162000        2.04359390294548726000        1.42173289117167401000       -2.55893382448702411000       -4.25602789043018603000        1.60679599073556356000      -26.00046073493978580000        6.96700494612314269000       12.80404126261189290000       -0.61147820927317698000        1.50764822732314685000        0.17929194792074704000       -2.71159169675620149000      -11.97431815707200009000       11.12022982954008299000        3.45635969290621548000       -0.34042175698436866000       -8.38939216507178642000       -2.07418867653163774000       15.01151830438389823000       -3.51597887221317285000        4.54153782453029731000        6.61073082186684857000       -3.58192410447810872000       10.59738514192844683000        0.26814380738096105000       -1.62002570714648542000        7.66015769103341615000        4.18970695893618039000       -0.56775407284526724000        4.00224905794418007000       -3.51226148310621333000        3.23596049975148681000        2.09310784505440051000       -3.27318122584676008000       -4.23680958929887375000        2.08489905369898443000      -25.08321796665411090000        6.03739511280392982000       11.49594475742201105000       -0.62820078197770235000        1.47858307680444012000       -0.30639270152356690000       -3.67847119725527616000      -12.10915038044498715000       11.07470849028396387000        2.52256577639174751000       -1.60019476784958692000       -8.77830314937229517000       -2.10664762930839711000       15.07382551607853038000       -2.30823025751251132000        4.18301159274372303000        7.83966274173361022000       -5.21523587573252634000       11.38443380199659494000        1.28730881937788300000       -2.18798015140106106000        7.85999267688474656000        4.50287395976322014000       -0.59768049466481277000        3.94298040968106722000       -4.12817772556233997000        2.80029218216705766000        2.97959391279557995000       -4.01058989003271282000       -4.10252587460758900000        2.21526220002577379000      -25.26729065684131470000        7.13393376238794286000       10.78756421585655012000       -0.24801546578321187000        1.48884151414554244000       -1.27699780316531641000       -3.22511026663194444000      -14.47915403055406713000       10.26569703012881440000        2.50598373062785384000       -3.33082991728798738000       -9.08076118992422820000       -1.50289527009636337000       15.32333244641333003000       -1.84457862387135751000        3.60070850430915668000        9.09700244082752008000       -3.51398467295858863000       12.07194264318854948000        1.38741245521619683000       -3.22150866355353793000        7.82352285079630772000        4.73669192354863089000       -0.36962841217987552000        3.64986640232573079000       -3.82656165257594072000        0.43063553843755803000        2.85445890619890985000       -4.17905678750305754000       -4.26437793470133375000        2.10845417774404309000      -23.61486176908736570000        7.20968235400458024000       10.37287357930029152000       -0.16555907642334913000        1.53366835046708561000       -0.55007298056876897000       -3.34810901076802026000      -15.39840781482549836000       10.37311505177128446000        2.62976661976722026000       -5.03893003009724261000      -11.04352951915453751000       -0.76173692902096202000       15.31681251913964736000       -1.91865902967061341000        3.23496353590033436000       10.74683681471933916000       -4.11742313111523028000       11.97652019084891251000        1.29530261003999314000       -2.83574012579653045000        8.74940133140334453000        4.64048246826893607000       -0.62171790649715042000        4.35178167969718643000       -4.42007477969382290000       -0.55028926921300980000        3.31755961982296865000       -3.92865526317654723000       -4.71066191416469415000        2.20014927200545918000      -25.10873913363347750000        7.98060231030124889000        9.67515697815703568000       -0.02815380484820517000        1.64421237898932682000       -0.36849170551637112000       -2.48222678371417782000      -16.73961058448977820000       10.51944073025478055000        2.63388272210381835000       -5.19269827404627460000      -10.89142132452878720000       -0.13053409842251115000       14.31655191278385431000       -1.26579488096300019000        3.08664491840852318000       11.93233174181898981000       -4.29214464471800561000       11.71127456328160932000        1.38343497586144037000       -2.41907750841401414000        8.90381124363512022000        3.76194600213049268000       -1.10483551364099308000        2.91478616425775927000       -3.64936010106415809000       -1.09475066386184205000        2.94443058299469085000       -3.01642882968240400000       -4.49425926411082610000        2.01836119355514176000      -24.51139844026248230000        7.97807948160062619000       10.62996556100898893000        0.05121718872224552000        1.72058215237539502000        0.78164974553245536000       -2.69036142469311024000      -15.69064937522605163000       10.83111236969890179000        2.80614727216865534000       -6.01271524768352261000      -12.73316730608130065000        0.08960216859614792000       14.92223446170994450000       -0.39612313376840053000        2.34854451271185383000       12.34563168302377534000       -3.24444534107141180000       13.03302401274580014000        0.73984864309129561000       -3.85693189721663554000        9.24555635339210724000        3.34249675968504034000       -0.67916248052425710000        2.63313446542281682000       -3.70455664988663758000       -3.48690686090957680000        3.14784151284650449000       -3.15077025441709901000       -5.85512852139921502000        2.05107281951106124000      -25.91625321383787300000        8.09114399992552613000       12.75631397928321498000       -0.00362681715216169000        1.41506067101859134000        1.02460080440414081000       -2.09059999705464339000      -18.25021019523573070000       10.71471173064300153000        2.98065942517322258000       -5.68452552558675706000       -9.93029397443812734000        0.50927858020498018000       14.40691561070176974000       -0.83802372442793982000        1.78504392928450972000       11.99268826515634778000       -0.85043356465957931000       12.71222478950630119000       -0.39861308380354454000       -4.26608450285376506000        8.62046067216967415000        2.49823565864672537000        0.65710575222803380000        1.90041296754545530000       -2.93774041984554746000       -4.19958947757957368000        3.46279010664107734000       -3.28346263760066304000       -5.80072747791478438000        1.76208539506024109000      -23.20036417186974380000        7.30306942965289529000       13.00027110105469141000       -0.34304449873826010000        1.50146280094784879000        0.52774019950665718000       -2.86079617050532198000      -19.78851627408508660000       11.04325198965825905000        2.05969459173460301000       -6.75933158510784526000      -12.50663523706137603000        0.93090710267402310000       13.78629806786542922000       -0.75079072817402004000        1.73733826601549768000       12.36752078609019989000       -1.54079005298005312000       11.07383963711682284000       -0.51329320137543111000       -3.72999516644856799000        9.52153791017703455000        1.89337508505777663000        0.53060378596546320000        3.17663831121934903000       -4.07438691029041866000       -5.32369948085277667000        4.05507974010210859000       -2.65011158917316525000       -6.72141883017152164000        2.13344544805054204000      -25.08130019906565520000        7.85963209477209901000       12.27180482304587628000       -0.94275073417846356000        1.40125104522987098000       -0.04271401314657534000       -0.80841724339610010000      -20.95814180686917540000       10.47575430316057066000        1.88460003597466530000       -8.43616563697575472000      -13.72609539405450185000        0.99898164824977354000       12.98684575961006260000        0.22833077737231522000        0.41930667780981395000       14.18775429288014856000       -3.07292806392490636000       12.99402454886853953000       -0.11111683877647847000       -3.91447504730624418000        9.61475787140602911000        1.35333941219729437000       -0.78950926201700122000        3.67824042302610188000       -3.84815490539877025000       -7.25700221423397807000        3.01731804292940486000       -1.69351379013383907000       -6.42077284397513726000        2.43721983440725376000      -25.17429596001177220000        7.93271352023205001000       11.23252595660034459000       -1.12139627737790271000        1.40297357661041500000        0.89153933450750045000       -1.38396419703482043000      -21.12785915938208350000       10.17763492364808897000        2.18508500760444768000      -11.49429762660148135000      -15.70177644333955236000        1.66837515549375692000       12.43606510565640022000        0.40199872985572627000       -0.53845342142366748000       16.02731760329284330000       -2.80675392011860447000       13.51096822881867610000       -1.10745401959779644000       -3.39180906896587864000        9.61272685703027108000        0.65830262823580721000       -1.24682335824792223000        5.46608642556338253000       -3.38976160693241368000       -9.75937392810137183000        2.70953386215158920000       -0.93043535475320260000       -6.91687256669994444000        2.07383322170984519000      -23.98524263964155170000        7.62124755074961158000        8.58308089609140623000       -0.99816319801931030000        1.22869263770525161000        2.57850737085018222000       -0.63488330231733681000      -21.46917334030370130000        9.57094115875281659000        2.21410979257248419000      -13.63501533441394642000      -14.82848206450529105000        2.94320633120436526000       11.35587048683657052000       -0.67435514042501843000       -1.20736890784275763000       16.68538931594886420000       -0.56837891611542857000       11.89432277714078445000       -3.25071885535609306000       -1.99898829393322930000        8.50405725139055946000        0.28061296584552575000       -0.87428479750239840000        6.53429101046932814000       -3.13014416550589836000      -10.75666997892353827000        2.95531437105266193000       -0.68911179361422803000       -6.91627843720753255000        1.82262157433121330000      -20.39665250327776390000        6.43259822412263027000        6.13349382082472783000       -1.39864892090812210000        0.98992059499847473000        2.46799881245978092000        0.29084867877831488000      -21.80280538153350990000        8.45995713774049918000        1.10729007597065521000      -15.01336843931666642000      -16.10829751154747670000        2.91739429129757166000       10.49138913846951837000       -0.21445837311472621000       -1.15196239337795747000       16.66075982426022150000       -1.58651628715096216000       10.57686544404369400000       -3.36030255962656321000       -1.17790272920993022000        8.51579971903237087000       -0.17489147076001405000       -1.03616356426685141000        8.25659451652990839000       -3.92106259612740482000      -11.83463580980494534000        3.27244164350188216000       -0.16966188601858648000       -7.27202337404308885000        2.05987592448523582000      -20.19159520299362850000        6.40399569421196180000        3.75652043482537801000       -1.97857241467717082000        0.84067372775892057000        1.50296425442418524000        1.54076259391198933000      -22.53125242981701960000        7.95931506811919665000        0.80262746854745537000      -18.20081343289768230000      -16.46233351120796580000        2.77140345086367956000       10.20547579864750176000       -0.92694828323574396000       -2.43933952677901145000       18.06651647941788140000       -4.43777636722801816000       13.60273439581040122000       -2.88062936081876186000       -0.61838838789054418000        8.46150229279083277000        0.67303559807169222000       -3.16269382666927212000       12.15848432526874845000       -4.51510778294888038000      -11.96320462501602755000        2.98377379087349848000       -0.24660070563870701000       -7.00718593721450578000        2.26505625369793373000      -18.79700079491868080000        5.02429184117726191000       -1.37807356685597804000       -1.27073889371449789000        0.90414298037623475000        2.39788086790921273000        0.45426897529417959000      -22.48666571018542020000        7.15470128703519581000       -0.13820468887151216000      -20.47071849701742610000      -15.52286078624887189000        3.11897250998892117000        9.42314116717285799000       -0.48171640366171392000       -2.44014516928757219000       19.92932747147837700000       -6.76633400609144608000       13.44236802799320785000       -2.37978137388084976000        0.90701496779463719000        7.92561740910603962000        0.95864161773855017000       -3.20129096322160311000       13.65713450181195476000       -5.68945623035074899000       -9.12123558944504254000        4.24959540607105612000       -1.34681480606425330000       -5.79852365884700038000        2.78893544366647417000      -16.92910624947095850000        4.81164045314247346000       -5.35484915582567211000       -1.39491860678722190000        1.04649721816020258000        0.22161897926615923000       -0.88824742686327274000      -22.00949777763226580000        6.52978317037298339000       -0.46966383612997620000      -21.88380042880893940000      -16.29751317367085050000        3.97801698453163199000       10.63586961949255283000       -0.93336340104836057000       -2.81237022219267363000       20.52142589784115150000       -5.41545328503152312000       14.37910560742122890000       -2.27617598031380908000        0.29776852252949154000        8.12253914313010306000        1.68098219676995808000       -3.25156044367758090000       14.18491444038828675000       -5.82073251349006338000       -9.55228603272370513000        4.47941775288332167000       -2.20151424100816850000       -5.76117907103597560000        2.80828074026496388000      -15.74707247896447626000        4.33284633169044753000       -6.62746768354690197000       -1.19137398828039132000        1.26483860902225431000        0.97846795485827120000       -1.79417834001826160000      -21.10574758672401430000        6.90580668354964988000       -0.22818230178348439000      -22.96989588129089550000      -16.45839813916094840000        4.34734697166676476000        9.92454970754479504000       -0.58873783482246034000       -2.54540226134517500000       20.94834310232537430000       -5.98023805844385681000       13.16163481726471574000       -3.17904341864361850000        2.03821480996835014000        7.71468295665473303000        0.92356828598862262000       -2.88171136302041964000       14.27361002696483361000       -6.34195060745027028000       -8.28846811095882963000        4.98716968357910595000       -1.98772069245851468000       -5.33530996612067732000        2.98376128362480664000      -15.27112558688745736000        4.51400749425321290000       -8.03125776344674946000       -1.68911078072099885000        1.11060518174559064000       -0.89442443074893874000       -1.56909265240016338000      -21.01858774722964540000        6.70982231440135290000       -0.28690187030023856000      -21.46968895483533760000      -15.65980440769772386000        4.34565592109987264000        9.16735577655399680000       -0.02997213375458923000       -2.03519973007051957000       19.68548330622945390000       -6.39532499637303076000       12.16633426526525241000       -3.15306187435784402000        3.15943604597998640000        7.72030996138463443000        0.57874504277731453000       -2.55572083652506432000       13.57012145448928564000       -5.37123034992087334000       -7.73269680957246486000        4.70794151812696349000       -1.38644087395727333000       -5.33249984041541758000        2.16251108834870687000      -14.11602898176003684000        4.10058137219625962000       -8.28362366682380902000       -1.15093004677850641000        1.10436168517747624000       -0.40558005816469916000       -0.94136547671525894000      -18.80163970522702850000        7.19873585395600912000       -0.00334869116532620000      -21.22053232486092970000      -15.70516344973466261000        4.67688052682251954000       10.43720615589335488000       -0.37746649370593993000       -1.87247600565291283000       18.20456327023089930000       -5.08394007595183783000       13.26895644192082280000       -3.70569463850374037000        2.93984923395912690000        7.31390293585986573000        1.08661209479344834000       -2.28975502886775129000       13.19299869891959709000       -5.54918158821998642000       -5.28885827619236082000        5.17455823211618782000       -2.64857808037075682000       -6.34762044007597304000        2.07713698124987500000      -13.96815942685137912000        2.92006350368822565000       -6.32933537343027108000       -1.01509532649819034000        0.71244433041215782000       -1.45488383455195769000       -2.11856828763997918000      -17.28640738971147070000        7.16516048142802209000       -0.00215448831643535000      -18.81638251866300140000      -13.23548619320651909000        4.62005475209254080000       10.96626584775452784000       -0.41307863375463855000       -1.66370955690280198000       15.36871701552100688000       -3.65014097686883820000       12.62319759793022556000       -3.27029526146390737000        2.21674126853029474000        6.88648538286245770000        0.65965698247142646000       -1.04483035416567693000       12.18075384594158983000       -4.80170444904453841000       -4.90095150973150329000        5.13963018369065594000       -2.66556961038722440000       -6.22774208500573590000        1.71151183384126115000      -12.16766785789394945000        2.45374729771805900000       -5.74949733896127135000       -1.07122802466625755000        0.83285332427259262000       -2.15788962294505904000       -2.60863658441733604000      -16.55684933161188610000        7.68645201630179731000       -0.34149555483710670000      -17.54902904842020560000      -13.81429051284430365000        4.62856266556747009000       10.23912255705920416000       -0.28296463065110217000       -1.38596223599229007000       13.40621481658800285000       -4.05718333323720692000       11.26644608107850409000       -3.39342569112658632000        3.02087941662027504000        6.87338430994556937000        0.68190823568425063000       -0.82696786896994745000       12.22280551002880067000       -4.76841015892351816000       -4.30290689114488600000        5.35359046351349299000       -2.67339128992116182000       -6.39083247702310331000        1.43201117925652133000      -12.48060424636493515000        2.24671369608438454000       -5.65550799274021720000       -0.87988616562640087000        0.71474450790265021000       -2.77293571611877088000       -1.86539997953031689000      -15.83089954867056726000        7.41700581935169367000       -0.39494353209991118000      -15.64837448658971120000      -13.26815173385490709000        4.82934425021533720000        8.78913798921530010000       -0.16657838694740715000       -0.80845229148001319000       12.02362979377245367000       -3.60739564739275975000        8.55460091703847958000       -3.67807440651519402000        4.18093627237143206000        6.55516851693533820000       -0.42945438791018670000       -0.11176664918421640000       10.79511851796267408000       -4.19845714450771812000       -3.85718886932592220000        5.43284231254568972000       -1.69344615367291995000       -6.36461096979533725000        1.06551253340355800000      -11.85239054504567235000        2.00304805521438478000       -4.61842356351134331000       -1.09241302592564526000        0.57648721943913439000       -2.72955356617968503000       -0.11527539011094005000      -13.88078058027728012000        7.19379695137605957000       -0.40918228929318395000      -13.75142790710563112000      -13.60679325958943053000        4.28360115578074652000        8.77131636829359529000        0.98741137297858061000       -0.49561306203604133000       10.55401090956996946000       -2.64556455009305225000        7.43989158285822061000       -3.05590226235623463000        2.64855248421379574000        6.89426644764408270000       -0.60405985547725538000        1.04390145504413101000        9.65797681096888638000       -3.65011392641037613000       -5.56823304007445241000        5.10184277842139267000       -1.60304272518904334000       -7.37638676227706025000        0.62181270435078395000      -12.33345845888148418000        2.84333381424140574000       -2.82289865334989898000       -1.16193059717998848000        0.42620891457007054000       -2.59212421994574216000        0.93448633239678258000      -14.31823911785891035000        7.42949859339616481000        0.35270855329091289000      -11.09624235801600101000      -12.12064385132929622000        4.13831906817390038000        9.43237231545624510000        0.27714205410817039000        0.57111465683789930000        6.94862942904837322000       -2.83920135510988114000        5.92392470651318170000       -3.03296575035416494000        3.64845280171792163000        6.55492360369461746000       -0.78381809332841834000        1.31472178741755430000        9.80355140144438231000       -3.49600703480456687000       -3.16495432594718240000        5.29313122558973426000       -1.29803499423254287000       -7.92755419184583943000        0.20011113546535556000      -11.89501638298902009000        1.98534053910510000000       -2.29394524229708852000       -1.06668167196917607000        0.22644780726050392000       -3.44113669745578088000        1.78609455099202452000      -12.10077221267550840000        7.36015992049447743000       -0.25682871095033311000      -12.38867277842478387000      -12.04959912610251216000        4.56804832337121258000        7.17724859886606481000        0.71446822381719455000        0.71580837227192873000        9.59349708199042084000       -3.96721247733124072000        3.11449747628099605000       -3.80369791330591278000        5.18162809285670356000        6.69004626511185840000       -1.21051718631353977000        1.45244563120357206000        9.54711829457353112000       -4.72364957121863149000       -3.24531334078042155000        6.25472657765224760000       -1.27875613091103069000       -7.51611955043248958000        0.71084312489321277000      -11.67141163077772248000        2.56103196463153893000       -3.42741225201435240000       -1.71328759651738149000        0.20674581074431703000       -4.65024004140694291000        2.92005317345800330000      -13.23626200522232033000        6.80053121855301690000       -0.47532970866289848000       -7.91876415955480084000       -9.53626746206634124000        4.93004995362732856000        6.89004107790707288000       -0.13779051194779501000        1.67056743734482360000        5.44676146016091689000       -1.26553834496783391000        1.41085272846652443000       -4.28859418572804074000        5.28765620220005594000        6.28012603286372251000       -1.12316385393621609000        2.89960288579067171000        6.41612069573178978000       -3.79065647665231076000       -0.27502820899296138000        6.35829789509391041000       -1.54632211614081450000       -7.71087570953569479000        0.19368082983541238000      -11.24734783130456073000        0.97189345870573873000        1.13449331186615576000       -1.40071406252024944000        0.13086229927955842000       -5.35665927180707602000        2.97763073855381943000      -10.42963576186289210000        7.37739980699996245000       -0.91898221521099632000       -2.12063985955950374000       -9.24067951212020411000        4.27360984134839139000        6.69893799604489804000        0.97341369818061052000        1.90448281341983061000        0.71753006206785419000        0.65260719301641390000       -0.35840353526219965000       -4.17413919939984090000        3.29215327831963211000        7.04296009025838909000       -1.90343255638510955000        5.57140305666223590000        3.70385241128505660000       -2.76186812668883785000       -0.20376018664271286000        6.55667474069105438000       -1.58677092563703370000       -8.75666339336020094000       -0.52296817186496780000      -13.76289280189440767000        1.73879256639567914000        6.40316725350639082000       -1.39000279488971890000        0.09933396829967489000       -6.51803970260580545000        3.92567516036186603000      -11.72877464699492300000        7.73162330677165599000       -0.21902976688953310000        0.32657459489349638000       -9.00094566013589770000        5.01669225807485120000        6.49871327863221460000        0.67009387828888556000        1.91757197645973831000       -1.37921714296851206000        4.24275026887792261000       -3.08989316011782478000       -5.13009943176502059000        2.62745217546037502000        6.90453853165209885000       -2.70500076025426273000        7.85282950728241946000        1.82587948903768460000       -1.96377643467274199000       -0.67798156339961480000        7.24742204265636047000       -1.98544983963075339000       -8.78908707253721033000       -0.99308171541356849000      -13.16626878380491306000        1.45902359246902291000        8.60523297163956080000       -1.80100012687213873000        0.16533536839244009000       -6.47908869403358523000        4.67336683664269437000      -11.13420895079937445000        7.72764866181571186000        0.08614106960813896000        0.45635740737286096000       -8.80132598540369493000        4.88794172135953620000        5.45077418367282362000        0.99385393731785232000        2.50765929710206459000       -1.24669948264352093000        4.05563959244215688000       -5.25473973406639949000       -5.02508744457998446000        3.05484718678793143000        6.76200528496697118000       -2.66133636604221468000        7.99834004680774857000        1.12396265842225951000       -2.87522251429016729000       -0.00687172159133039000        7.93357407017035676000       -2.28403194234922635000       -8.60506706951089484000       -0.58139420953151633000      -12.84592340207729322000        1.55624835181418364000        8.82202534785734116000       -2.46574532000928714000        0.12244873188016213000       -7.99669582270904034000        5.04128619907500131000      -10.74302691686705380000        7.51555217028558431000        0.17776124030163359000        0.93158770581019501000       -7.72592063476339597000        5.12337147377398328000        4.58217051093392946000        0.21021938927355685000        2.62325188864168268000       -1.57859278587231877000        4.39633670957666656000       -5.95770036521717294000       -5.33709769575801918000        3.79795121179452888000        6.51733206066144177000       -2.65191276318716707000        7.67158933339602189000        0.46408215615786658000       -2.73127852216125921000        1.27584977008331268000        7.70890845879664965000       -1.84446672787515631000       -8.30247722709365021000       -0.62360742474382658000      -11.75313271363399714000        0.68138955945245250000        8.85446867946665606000       -2.19485332168527325000        0.14493717873926401000       -7.57251244792378753000        5.20047408124857036000       -8.52479939643600204000        7.36999248679558239000       -0.09322980202518531000        2.78469230530310652000       -7.47775171128936744000        4.09797856058948629000        2.93043149703565531000        1.18396324325963853000        2.34119865261464177000       -2.74390140489863832000        3.78375615230868689000       -6.91871417231669472000       -5.52886625773031337000        3.48923065493035711000        6.56558272550265176000       -3.73484513490478598000        8.06155913597278762000        0.71134974322042832000       -1.26455172256830917000       -0.72177941507465060000        6.66270209930774815000       -0.61039330381140433000       -8.77463111700855691000       -1.51893748300972398000      -11.30977721850660167000        0.78043667008972972000        8.48995733435642741000       -2.18200132341151098000       -0.02618264731887233000       -6.23378981413034428000        6.05084065378027347000       -8.51448258342895947000        7.16878191170250822000        0.36887047029717024000        3.41867722547621300000       -7.12083577410714597000        4.52390709327375706000        1.69798072410539325000        0.86137326645633538000        1.64816088629098290000       -3.73158882382574486000        4.36116727113167002000       -8.87419856680115338000       -6.22951814978624530000        4.11790616056637315000        6.07826831723836758000       -4.04516237062131268000        8.31375744470422795000        1.13452020389188579000       -0.60656720365887118000       -2.02325730650865765000        6.53300338125272884000        0.04002281542727924000       -8.28910911193357869000       -2.10909623309562866000       -9.23910761163398142000        0.67854654199641307000        6.54493896098871275000       -2.06857220500648742000       -0.05803929735844681000       -5.68649159167273499000        7.59873102712480542000       -8.39154919618184891000        5.93866514953063529000        0.10332554397678131000