20150224/0000     -37.4     -04.3     7.44     71
20150224/0100     -37.4     -04.3     7.33     74
20150224/0200     -37.4     -04.3     8.66     74
20150224/0300     -37.4     -04.3     9.22     74
20150224/0400     -37.4     -04.3     9.70     78
20150224/0500     -37.4     -04.3     9.60     81
20150224/0600     -37.4     -04.3     9.62     85
20150224/0700     -37.4     -04.3     9.20     88
20150224/0800     -37.4     -04.3     8.71     93
20150224/0900     -37.4     -04.3     8.65     96
20150224/1000     -37.4     -04.3     8.47     97
20150224/1100     -37.4     -04.3     8.14     99
20150224/1200     -37.4     -04.3     7.41     99
20150224/1300     -37.4     -04.3     6.57     102
20150224/1400     -37.4     -04.3     5.08     109
20150224/1500     -37.4     -04.3     5.50     108
20150224/1600     -37.4     -04.3     6.40     109
20150224/1700     -37.4     -04.3     7.50     100
20150224/1800     -37.4     -04.3     8.09     95
20150224/1900     -37.4     -04.3     7.89     92
20150224/2000     -37.4     -04.3     9.03     86
20150224/2100     -37.4     -04.3     10.21     80
20150224/2200     -37.4     -04.3     9.14     81
20150224/2300     -37.4     -04.3     8.51     87
20150225/0000     -37.4     -04.3     8.54     95
20150225/0100     -37.4     -04.3     8.75     98
20150225/0200     -37.4     -04.3     9.28     97
20150225/0300     -37.4     -04.3     8.67     96
20150225/0400     -37.4     -04.3     8.27     97
20150225/0500     -37.4     -04.3     8.87     102
20150225/0600     -37.4     -04.3     8.97     109
20150225/0700     -37.4     -04.3     8.24     112
20150225/0800     -37.4     -04.3     7.83     115
20150225/0900     -37.4     -04.3     7.86     120
20150225/1000     -37.4     -04.3     8.25     123
20150225/1100     -37.4     -04.3     8.55     124
20150225/1200     -37.4     -04.3     8.30     125
20150225/1300     -37.4     -04.3     8.22     124
20150225/1400     -37.4     -04.3     8.11     125
20150225/1500     -37.4     -04.3     8.03     127
20150225/1600     -37.4     -04.3     8.00     127
20150225/1700     -37.4     -04.3     8.20     123
20150225/1800     -37.4     -04.3     8.97     118
20150225/1900     -37.4     -04.3     10.24     112
20150225/2000     -37.4     -04.3     10.70     106
20150225/2100     -37.4     -04.3     10.78     101
20150225/2200     -37.4     -04.3     11.00     98
20150225/2300     -37.4     -04.3     11.04     98
20150226/0000     -37.4     -04.3     10.90     98
20150226/0100     -37.4     -04.3     10.83     98
20150226/0200     -37.4     -04.3     10.74     101
20150226/0300     -37.4     -04.3     10.37     105
20150226/0400     -37.4     -04.3     9.87     109
20150226/0500     -37.4     -04.3     9.21     114
20150226/0600     -37.4     -04.3     8.94     121
20150226/0700     -37.4     -04.3     9.09     126
20150226/0800     -37.4     -04.3     8.62     129
20150226/0900     -37.4     -04.3     8.02     132
20150226/1000     -37.4     -04.3     7.60     135
20150226/1100     -37.4     -04.3     7.11     139
20150226/1200     -37.4     -04.3     6.63     139
20150226/1300     -37.4     -04.3     6.20     135
20150226/1400     -37.4     -04.3     5.72     127
20150226/1500     -37.4     -04.3     5.14     119
20150226/1600     -37.4     -04.3     4.57     106
20150226/1700     -37.4     -04.3     4.34     91
20150226/1800     -37.4     -04.3     4.34     75
20150226/1900     -37.4     -04.3     4.95     64
20150226/2000     -37.4     -04.3     5.65     60
20150226/2100     -37.4     -04.3     6.09     58
20150226/2200     -37.4     -04.3     6.49     58
20150226/2300     -37.4     -04.3     6.69     61
20150227/0000     -37.4     -04.3     6.65     65
20150227/0100     -37.4     -04.3     6.75     72
20150227/0200     -37.4     -04.3     6.90     77
20150227/0300     -37.4     -04.3     6.51     81
20150227/0400     -37.4     -04.3     6.04     87
20150227/0500     -37.4     -04.3     5.66     90
20150227/0600     -37.4     -04.3     5.28     96
20150227/0700     -37.4     -04.3     5.22     108
20150227/0800     -37.4     -04.3     5.44     123
20150227/0900     -37.4     -04.3     5.58     132
20150227/1000     -37.4     -04.3     5.32     137
20150227/1100     -37.4     -04.3     4.48     141
20150227/1200     -37.4     -04.3     3.71     146
20150227/1300     -37.4     -04.3     2.83     145
20150227/1400     -37.4     -04.3     1.56     134
20150227/1500     -37.4     -04.3     0.95     60
20150227/1600     -37.4     -04.3     2.32     18
20150227/1700     -37.4     -04.3     3.94     10
20150227/1800     -37.4     -04.3     5.45     9
20150227/1900     -37.4     -04.3     6.50     8
20150227/2000     -37.4     -04.3     7.31     6
20150227/2100     -37.4     -04.3     7.89     5
20150227/2200     -37.4     -04.3     8.09     4
20150227/2300     -37.4     -04.3     7.77     6
20150228/0000     -37.4     -04.3     7.19     13
20150228/0100     -37.4     -04.3     6.43     17
20150228/0200     -37.4     -04.3     5.68     13
20150228/0300     -37.4     -04.3     5.11     7
20150228/0400     -37.4     -04.3     4.28     3
20150228/0500     -37.4     -04.3     3.73     1
20150228/0600     -37.4     -04.3     3.38     358
20150228/0700     -37.4     -04.3     2.84     352
20150228/0800     -37.4     -04.3     2.31     338
20150228/0900     -37.4     -04.3     2.37     325
20150228/1000     -37.4     -04.3     3.27     319
20150228/1100     -37.4     -04.3     4.29     307
20150228/1200     -37.4     -04.3     4.56     292
20150228/1300     -37.4     -04.3     4.68     288
20150228/1400     -37.4     -04.3     4.62     299
20150228/1500     -37.4     -04.3     4.56     317
20150228/1600     -37.4     -04.3     4.98     337
20150228/1700     -37.4     -04.3     5.29     353
20150228/1800     -37.4     -04.3     5.86     8
20150228/1900     -37.4     -04.3     6.18     19
20150228/2000     -37.4     -04.3     6.49     27
20150228/2100     -37.4     -04.3     6.71     34
20150228/2200     -37.4     -04.3     6.81     40
20150228/2300     -37.4     -04.3     6.83     48
20150301/0000     -37.4     -04.3     6.87     54