12         6        28        36        42
        0.00    0
      53.604000      53.604000      53.604000      53.604000      53.604000      53.604000      53.604000      53.604000      53.604000      53.604000      53.812000      53.667000      53.604000      53.812000      53.604000      53.604000      53.604000      53.604000      53.604000      53.604000      53.604000      53.604000      53.604000      53.812000      53.667000      53.604000      53.812000      53.667000      53.604000      53.604000      53.604000      53.604000      53.604000      53.604000      53.604000      53.604000      53.604000      53.604000      53.604000      53.812000      53.667000      53.604000
      -1.000000      -1.000000       0.298000       0.480000       0.442000       0.298000       0.480000       0.442000       0.298000       0.353000       0.442000       0.298000       0.353000       0.205000      -1.000000      -1.000000       0.331000       0.442000       0.298000       0.480000       0.442000       0.298000       0.353000       0.442000       0.298000       0.353000       0.282000       0.345000      -1.000000      -1.000000       0.388000       0.298000       0.480000       0.442000       0.298000       0.480000       0.442000       0.298000       0.353000       0.442000       0.353000       0.353000
        0.42399999999999999000
       -0.00200000000000000000
       -0.38600000000000001000
       -0.02000000000000000000
       -0.35199999999999998000
        0.29999999999999999000
        0.24199999999999999000
        0.17799999999999999000
       -0.26600000000000001000
       -0.07000000000000001000
        0.39000000000000001000
       -0.02600000000000000000
       -0.25600000000000001000
        0.08799999999999999000
        0.20799999999999999000
       -0.17399999999999999000
        0.17999999999999999000
       -0.02200000000000000000
        0.33800000000000002000
       -0.14199999999999999000
        0.34599999999999997000
       -0.09000000000000000000
        0.38800000000000001000
       -0.22600000000000001000
       -0.29199999999999998000
       -0.03400000000000000000
       -0.13200000000000001000
       -0.12000000000000000000
       -0.04600000000000000000
        0.21199999999999999000
        0.27400000000000002000
       -0.13400000000000001000
        0.31000000000000000000
        0.07400000000000000000
        0.00800000000000000000
        0.18200000000000000000
        0.00200000000000000000
       -0.23799999999999999000
       -0.35999999999999999000
       -0.16200000000000001000
       -0.34000000000000002000
        0.08000000000000000000
       -0.03600000000000000000
       -0.12600000000000000000
        0.20000000000000001000
        0.33600000000000002000
        0.35799999999999998000
        0.32400000000000001000
        0.32000000000000001000
       -0.04000000000000000000
        0.34799999999999998000
        0.34399999999999997000
       -0.08599999999999999000
        0.05200000000000000000
        0.22800000000000001000
        0.08799999999999999000
        0.49399999999999999000
        0.05000000000000000000
        0.05400000000000000000
        0.03000000000000000000
        0.00400000000000000000
        0.13800000000000001000
       -0.31200000000000000000
       -0.08000000000000000000
        0.37200000000000000000
       -0.02600000000000000000
        0.37800000000000000000
       -0.16200000000000001000
        0.30800000000000000000
        0.37400000000000000000
       -0.23799999999999999000
        0.38000000000000000000
        0.00000000000000000000
       -0.06400000000000000000
        0.39400000000000002000
        0.00600000000000000000
       -0.02200000000000000000
       -0.03400000000000000000
        0.05400000000000000000
       -0.20999999999999999000
       -0.26000000000000001000
       -0.03800000000000000000
        0.37200000000000000000
       -0.38000000000000000000
       -0.13000000000000000000
       -0.12800000000000000000
       -0.00200000000000000000
       -0.33200000000000002000
        0.28599999999999998000
       -0.07800000000000000000
       -0.34000000000000002000
        0.38400000000000001000
       -0.22200000000000000000
        0.19400000000000001000
        0.15800000000000000000
        0.03400000000000000000
        0.23400000000000001000
       -0.09800000000000000000
        0.20200000000000001000
        0.23999999999999999000
        0.11400000000000000000
       -0.20999999999999999000
        0.37600000000000000000
       -0.25800000000000001000
        0.22200000000000000000
       -0.05400000000000000000
       -0.28999999999999998000
        0.02800000000000000000
        0.05600000000000000000
       -0.23200000000000001000
        0.36599999999999999000
        0.27200000000000002000
       -0.36199999999999999000
       -0.04400000000000000000
        0.09400000000000000000
        0.00800000000000000000
        0.12000000000000000000
       -0.39000000000000001000
        0.37400000000000000000
        0.18200000000000000000
       -0.12600000000000000000
       -0.05200000000000000000
       -0.07600000000000000000
       -0.17199999999999999000
       -0.39200000000000002000
        0.35599999999999998000
        0.25800000000000001000
        0.19000000000000000000
        0.15800000000000000000
        0.09600000000000000000
       -0.23000000000000001000
        0.33800000000000002000
        0.08599999999999999000
       -0.37600000000000000000
        0.25800000000000001000
       -0.28199999999999997000
       -0.05800000000000000000
        0.09800000000000000000
        0.35999999999999999000
        0.05800000000000000000
       -0.27400000000000002000
        0.10000000000000001000
        0.17799999999999999000
        0.08799999999999999000
       -0.15200000000000000000
       -0.05000000000000000000
        0.00800000000000000000
       -0.10600000000000000000
        0.08400000000000001000
        0.26200000000000001000
        0.23799999999999999000
       -0.04000000000000000000
        0.19200000000000000000
        0.03800000000000000000
        0.09600000000000000000
        0.11400000000000000000
       -0.25600000000000001000
        0.16400000000000001000
        0.37800000000000000000
       -0.16800000000000001000
        0.05200000000000000000
        0.03400000000000000000
        0.18600000000000000000
       -0.05200000000000000000
       -0.40000000000000002000
       -0.14199999999999999000
       -0.39600000000000002000
        0.37000000000000000000
       -0.09200000000000000000
       -0.08000000000000000000
        0.39600000000000002000
       -0.12400000000000000000
       -0.20799999999999999000
        0.08200000000000000000
        0.18200000000000000000
        0.20999999999999999000
       -0.15600000000000000000
       -0.00600000000000000000
       -0.17199999999999999000
        0.12400000000000000000
        0.29399999999999998000
        0.38800000000000001000
       -0.10800000000000000000
        0.39400000000000002000
        0.31200000000000000000
        0.03800000000000000000
       -0.16000000000000000000
        0.25000000000000000000
        0.34399999999999997000
        0.31600000000000000000
        0.32000000000000001000
        0.26800000000000002000
        0.46000000000000002000
        0.03800000000000000000
        0.16400000000000001000
       -0.25000000000000000000
       -0.05800000000000000000
       -0.37000000000000000000
        0.01800000000000000000
        0.02200000000000000000
        0.01600000000000000000
        0.07800000000000000000
       -0.11200000000000000000
       -0.27600000000000002000
        0.17000000000000001000
       -0.00600000000000000000
       -0.31200000000000000000
        0.27800000000000002000
       -0.25800000000000001000
       -0.02000000000000000000
        0.07199999999999999000
        0.00600000000000000000
       -0.00600000000000000000
        0.10800000000000000000
        0.24399999999999999000
        0.33600000000000002000
        0.44800000000000001000
       -0.06200000000000000000
        0.02800000000000000000
       -0.28599999999999998000
       -0.11600000000000001000
        0.27400000000000002000
        0.09600000000000000000
       -0.13000000000000000000
       -2.07029802594261447000        4.05103413048750038000        2.51198995149360549000      -12.19475102069423222000       -4.66706321239394395000        0.60052124835415821000        1.74130903788897551000       -2.92538340837469013000       -0.64769875600313720000        7.51435287777611283000        5.52350096677535696000       21.23920515794931770000        1.25730699929867229000        2.86451787967936111000        6.90896508220939154000       -0.67532612598792086000       -3.02925553864848762000       12.24381761560916182000        1.57725851833310471000       -0.08124877113030740000       -2.37055601184564946000       -8.99228697793867404000       -3.48122337843834728000       -0.11950953312883567000       -6.50249615653477076000       28.70814938493489880000       -7.43792641668783183000        3.01892193364615480000       -3.09620917581655419000       -1.62732137906779073000        4.21314363245629586000        7.55675698144227148000      -11.70071035896302369000      -24.09294624157741890000       -3.62414037815303880000        1.45625097753843891000       15.29995216968852390000       -1.12189925990721218000       20.97790414362314590000        7.35770335543418863000       36.20115553611645250000       -0.33254926340687896000        0.81731365094597519000       12.92125727076541608000        1.61165671952821987000       10.93254690220474501000        9.17702874855841344000      -21.42358491749626380000       -2.11796895980498157000       -6.30003090317684933000        5.32627904245569717000        1.27513805352939724000       -0.19092660661169741000      -10.95067370461488210000       49.12195533933657290000      -15.60975708390681405000       11.22734488219668592000      -15.24056381780672176000       -3.41169699947775706000        4.40659525572280764000        3.61385705673682489000       -8.25403672485203188000      -28.41400510040504560000       -5.27417739051582046000        1.05247728586195444000       20.66215322037049520000        0.23795744038150074000       32.12260283024491510000       10.48467125705068703000       45.86321843479567660000        4.40528307642650407000        2.67953558520692026000       17.78852056397041890000        2.31110973325510871000       16.62322106624388240000       11.87560867987200020000      -23.38798729206359180000       -8.08196983855499873000       -5.78907334484252800000        5.03167181691149068000        2.82962639829000917000        0.08169350942218220000      -13.18751447227060858000       60.63848036519134860000      -17.04932159279002240000       19.95961713011750400000      -19.52691715767100080000       -1.34645950399519188000       -4.54509298657552918000        3.97703065510945741000       -4.54041855897622426000      -36.16190886336025300000       -8.20761572446238041000        3.66411590353318717000       20.17528846760310660000       -0.86814936284908095000       47.16423979041423560000        9.55188369043594676000       45.41061447458478280000       -4.70191059761807217000        3.56749439765956167000       17.30501689827491420000        0.66587408316819818000       21.75405976618890950000       22.36170079684770330000      -25.42833620901147280000       -9.50758078565240083000       -6.89279584745959628000       -0.97236129681408434000        5.71296277363323579000       -0.62168931744196820000       -9.85163223725787596000       61.98857422174436490000      -17.39746738032415860000       21.25195387840502550000      -21.27181019836431020000       -0.88804047751969051000       -0.27682979925766021000       -0.46217820495491613000       -0.19801905881654927000      -34.64533539242405880000       -7.83950471697688034000        5.07664934612024421000       18.94823207091760860000       -1.58934968028263857000       51.77800773376920060000       10.55563234154431029000       44.60010725007421680000       -1.38313924719108572000        6.38908701305648119000       16.13290629309684830000       -0.53239828273897849000       15.93200870048868722000       31.42643543286203570000      -30.09620335849399100000       -7.98135743199418624000      -11.22856394214993792000      -15.18960415083963333000        3.46113150005905990000        0.11711731780373068000       -8.37825447812603841000       71.15493026748988830000      -10.53949804896697273000       18.52741383803746440000      -18.86560972136387090000       -1.59832856458688521000        3.62596619600817593000       -2.32132075025471396000        2.42572832456930110000      -40.06320453688815060000       -9.16523085576467622000        3.94688020206903456000       21.99245849035402140000       -0.01322375242884982000       58.49165125516136500000       14.23757385358046967000       52.86708567389540290000        2.95447061359827723000        8.38920580513282132000       17.12382271439958710000       -1.44483868742545174000       17.09295405102032460000       38.28891010586413300000      -45.68945331937283780000       -3.93771250407441986000      -16.57784793481120290000      -20.73879004694274640000        5.13820605996808055000        0.02287541122497612000       -9.39201792460138840000       88.93207655368262010000       -8.81833074526520022000       21.24508706285411110000      -22.89115507902462450000       -0.81602143992176979000       -0.40256290308606479000        0.68616338740910332000        1.74895792466455502000      -50.56900589730865650000      -12.07917764919102233000        4.74350646188003644000       25.54948736122035770000       -0.62929379750552683000       68.21937293620460710000       13.22496047756291659000       56.59813551034140740000       -2.88097394875447499000        8.74497797847905467000       16.80041765490098980000       -2.45608902461095280000       22.41427410263474230000       42.80989436540689040000      -58.58546846805829490000       -3.07632074430734326000      -20.18940320960775030000      -19.73503099518255870000        8.44486966061292499000       -0.84014453807967249000       -7.92538348805575144000       94.32170425728033080000      -10.10297102466925878000       27.08595280183434890000      -29.84625375942956540000       -0.40254296014329122000       -2.45780110826518738000        3.70158883405096040000       -3.85341468477574223000      -53.16346531660258280000      -14.65553192739942467000        5.15059700531572329000       25.00320114960511480000       -1.69964142483334490000       76.89950069731673920000       13.93416875888847350000       61.01291456746172770000       -5.45271034189198023000        8.35937149211991404000       15.28865150347256296000        0.40079963627086934000       28.79516658856111280000       47.40522480744600390000      -52.38363012656822800000       -5.32205616673665372000      -18.25614605710657660000      -24.77864068367953720000       10.58116220639007210000       -0.88987793747114741000       -5.85386325778455063000      100.75671236434341440000       -8.54362485213251510000       30.30740978494053200000      -34.32124746686157120000       -3.28343246932908794000      -20.35957813682371050000       22.96875887114658000000       17.19934899422240800000      -31.04107545978756730000       -4.99651824893366125000        1.87385275532994888000      -11.42288576599263728000        1.66669811066514795000      114.20137137034770090000       10.31669472904479967000       66.46373350456079260000      -31.34994170962614040000       25.49144093676511250000       -1.00536155028497665000       -5.36209631061869008000       19.81375904061897230000       98.40772119473224680000      -61.38376225255620970000      -12.41689766059152511000       -7.21709107757527324000      -84.70972901291735010000       -0.06574143061511076000       -0.23197059968634612000       -6.52321399013562342000       94.06410584408605760000       13.48900148712744418000       38.92252724030444000000      -30.67893403960505690000       -3.92523139505043339000      -22.42970521113930000000       19.45364905883096540000       18.36713274425651580000      -29.64230658834837940000       -4.83745201860204155000        1.40086803185076358000      -14.96228574825605406000        2.45312627447107801000      119.71332927063571100000       12.51215707736729321000       70.47663632850070310000      -26.45051703667600050000       26.55295252031332960000       -2.40947064560408419000       -3.59003971265832122000       19.58203586132028210000      103.02475114599829450000      -63.50297879502915070000      -18.05278413207043190000      -10.17036129779298648000      -85.66192312494561630000       -0.63247114270493365000       -0.04138825506000699000       -6.61485690216463240000       98.73046802420704180000       14.69797812842668350000       41.88263833459677700000      -31.05457931697188560000      -13.73656837603472702000       12.35131564548833794000       -2.75887441926464883000      -10.71744393564214803000      -29.19828653615090270000      -12.09218534309148119000       -3.71519613411293381000        6.69344342557171590000        3.81872957309237027000       78.82203808042756070000       22.62270609012329100000       84.44333843564511710000       21.24379018445522150000       14.85564979795606178000        7.17050305421941125000        9.25384567341854947000       29.98031514613779440000       57.61530905459926540000      -25.96271778275297850000      -20.77148523975964520000       -9.62476921626373816000      -47.68257323642728810000       10.35756500104300315000        0.48806902597825408000        0.18010528227257783000      118.46158708564307460000        6.41262311044423683000       48.24568239170638150000      -39.23837594159243030000      -12.93341691770670820000       11.12656741683693085000       -4.14752459497074977000       -8.92561256507833534000      -33.10811667162199260000      -12.15087720023763040000       -2.91482698485230651000        2.74079459120328606000        3.41454401326968826000       89.50773473925524120000       20.72053186754648020000       84.19112377953108250000       18.71750077387041600000       16.86770628590954860000        5.32507378374399654000        6.35234385873860496000       29.26891384491534610000       66.13893971712040810000      -39.87995491084610930000      -13.35856274402377330000      -14.88993715989265354000      -55.22277023103985270000       10.01255510372014612000        0.35358359058005695000       -0.58674555358664027000      130.33278944496058200000        8.54285652594525757000       51.09659332800988100000      -41.39122492873651280000      -13.73767880302275124000       12.08092210498126917000       -6.81409704011707973000       -2.93317638718394802000      -29.74102016690407520000       -9.84228711777489451000       -3.49390391790568922000        1.87805040812392110000        4.71822839341080247000       97.60473722008522660000       19.89070425944672490000       86.51902176493014450000       21.97654410495150760000       19.38041130526429970000        7.48784091704964805000        6.44502256174619514000       28.45002692332567660000       72.09208996472654010000      -46.54559601624358580000      -12.41958690200459792000      -15.67309722469422262000      -61.97972935855882070000        8.72870741862964650000        0.31631246917192057000       -3.29452206479639065000      139.76389206267685900000        9.19404139958541400000       55.51132206032660580000      -42.33686432035641900000      -13.96117797771524494000       15.85002848547762078000       -9.89454623843321812000       -4.20640442349545562000      -24.27975126714472510000       -9.20183808952691429000       -4.88463724549082556000       -6.18111342504786077000        6.51324373320012029000      102.50590407827161240000       20.35873739703395200000       87.29474693940682070000       25.07734437741340730000       21.05128713985934040000        1.98981360381961903000        8.08982205160090473000       30.00071958436370420000       79.40263525698020430000      -43.26461355441045240000      -11.73496864527719730000      -17.72139678529575590000      -71.50500846047008000000        7.01264998716234178000        0.15301384139723781000       -1.59934344835606779000      149.08762991092453400000       15.83936755418810094000       54.22890087343967020000      -41.02526627168526830000      -15.66164673757648806000       25.76160295719905950000      -11.68545698047202030000       -8.19317700378043057000      -22.69956281751635880000       -9.07233915860160423000       -6.30178420525699678000        0.32129910281276880000        8.90624204026612354000       98.96152764986668160000       17.84524302022722610000       84.36888836483261400000       28.68755002286276580000       21.41153886423942860000        0.16617424329757952000       11.46493322360652201000       37.32677218916289520000       76.32737678255172400000      -44.91580217941896790000       -4.67005949512486573000      -19.36956198183688830000      -72.66587496925141920000        5.52162032283625681000       -0.68052770704219745000       -2.46782975142533223000      160.41122112528017900000       22.13861888673019250000       56.11324419924064700000      -45.27105686315653800000      -15.83455752371665426000       26.96055586559131000000       -7.29772430289714169000      -12.23765667355054276000      -21.58368140800917350000       -9.18916117284627987000       -6.86390178203491352000       -1.80393298166088223000        8.95882697798059624000       98.62381556288231370000       19.01053802268184260000       88.71463478237464530000       27.31255155004362930000       20.76162280417850780000       -3.41656779953052814000       13.72516281560551121000       40.51120105184966750000       80.05803484131860160000      -43.73159586235820480000       -6.34752500041666323000      -19.77158556938135450000      -74.46317879623835270000        5.45909224847973284000       -0.97459173847773295000       -1.17037976880605799000      164.76629535742046100000       23.71221531165642200000       55.36270304424111540000      -47.24683280263163000000      -15.91307506375477843000       25.06036690094221700000       -7.42342723624776024000       -7.44904308781230640000      -22.81518680810103560000       -8.94986983787913104000       -7.66250428630356417000       -4.07222905593785445000       10.57810379892106489000      110.96550054696118080000       21.54145113977753210000       97.87735405912651740000       28.05170657140764590000       24.14139637023847130000       -5.40515302512358442000       13.41857315681620655000       42.71727957891467040000       86.48531462340224610000      -53.48217444222102300000      -10.35830926017913178000      -22.89097366679606440000      -75.38006416510478400000        6.21714729750205386000       -1.45724898886482479000       -1.92862435987235425000      174.74614394149031700000       23.40564396627770450000       58.66293242239117230000      -50.36151241175205940000      -15.65531510769907619000       29.10249181375228390000       -9.85247830629690746000       -6.09189515276828519000      -21.71361057106357960000       -8.59315625080899537000       -7.94524727853859858000      -11.44211290840641304000       12.67998451789951986000      118.50995119236246470000       24.47699139640174340000      102.78409070839734340000       28.44056458145369600000       27.55291050696189000000       -8.18238930455207303000       12.22247954443067464000       41.71741598998901420000       97.64067453008856030000      -61.37135588162060170000       -9.19786348782304231000      -28.24370064153853120000      -86.92195362121242400000        5.81632754069431979000       -1.77272287591600120000       -1.86873573702452234000      186.94663119249426600000       27.16018453641066800000       58.76259643385252930000      -49.35051914059836520000      -17.47869135694259770000       29.34528813005800880000       -8.94992737241804726000       -1.95283147831822568000      -23.19005165892962590000       -8.01619120410332364000       -8.26352138315521145000       -5.93728341090591805000       14.48202446675183097000      123.96886434229530490000       25.22053035211608570000      108.81175643903642940000       27.95082834410601790000       30.05405081067492650000       -5.18544193624328109000       12.02683088997527072000       45.76421339529449030000      102.84640159245562070000      -68.13103280946930340000       -9.46430923870073748000      -28.26937995290128920000      -89.67165380969002800000        5.85930557230103233000       -2.45777493434560279000       -3.88859200652945347000      195.01122224760223400000       26.57350902432537150000       64.77681137815879710000      -54.14109025240659180000      -18.33549423338128290000       28.17171178665997290000       -7.00865322254178036000        0.16870316999573656000      -29.71323207140038040000       -8.84334417987869159000       -7.63706383103329145000        1.63943200981223458000       14.67821694916456288000      132.15150603931925800000       25.06657684973920650000      114.88233090966988930000       25.60623026449600200000       31.64302136366326220000       -2.74669422143998476000       11.75245105364982301000       52.47238837794047580000      114.08727633059429250000      -73.91564501612380410000      -10.30983339710528135000      -28.80232263767180360000      -95.64158273384893500000        6.94201946049338758000       -3.12730163567410591000       -3.75597155970759777000      206.87518956897758900000       24.89811909713815300000       71.02267969095882450000      -61.16946797033313030000      -17.78426772155433970000       27.89179097543376430000       -6.56772973144606986000        3.81738531878530551000      -32.12777525862602350000       -8.27264489191257546000       -7.08358945015558916000        0.63856122186930253000       13.57999146799645196000      139.96430990907546700000       23.90310898685567050000      117.19118459127921030000       25.94002464969143060000       32.45012490110248390000       -3.16928531779562750000       11.08940648883485736000       53.64337862419375820000      123.13880625774093860000      -78.26259004952765960000      -11.68774885486699411000      -28.92912876627193700000     -102.37054863275653820000        6.00406042900153558000       -2.75175448416132928000       -5.30113577031173122000      216.40696198062300900000       24.25347956276442930000       72.88639481430169550000      -61.70513748036280790000      -19.04840415027658550000       31.61069680649848120000      -10.46385486817695920000        7.05792417572991226000      -30.93363232224133340000       -6.98512404270303122000       -7.48659583748735535000        4.84962513225940572000       14.64102971461045044000      140.03194128027635700000       24.93905187242022950000      120.70582807297162730000       32.01101749579523670000       32.50815132218858850000        0.74347810659055147000       11.99459029870320492000       54.87069472218877310000      121.28770064933037530000      -80.27432771669599280000      -13.48814392143288288000      -30.03765174751740830000      -98.98665582714536980000        5.01779724889761969000       -2.52831097567371499000       -8.02864864025253588000      223.71925342568764000000       22.02652625188035530000       75.19584102646177830000      -61.98630803780679340000      -28.74843375100230250000       45.31132166204316290000      -29.31344733022939410000       29.56027785060422630000       -3.77822887325375456000       -6.60122201376441531000       -5.89551915871059595000       -0.53729029635436365000       12.24005546172650050000      136.89223556168499800000       34.05958678678407380000      129.80720910813565200000       52.99960687216523780000       38.30103372499119980000       15.27682462176566780000       16.67142456981634170000       32.07336248765862050000      124.52724376021443220000      -61.96718152215232320000      -42.61826463019772860000      -32.53263353741845520000     -112.25033150599784900000        6.53071440808982562000        0.43793876462603459000       -4.84415939060672951000      218.08913662199768200000       28.07293519178628570000       77.76744410631512490000      -41.80609881046557770000      -29.32522597731978920000       39.97015438533883720000      -27.70869880090521060000       37.68484315239606990000       -5.82244026822906058000       -5.42758302222043554000       -5.38987968475462242000        4.00922667237755714000       11.70248446269700793000      141.78508146479646300000       31.28695573023613720000      129.78847597276313800000       51.34192147554316680000       39.47914750002912140000       18.45235196884949150000       15.38577449054133339000       31.60475220881746240000      129.46365520489305800000      -73.46350947884978670000      -43.75765218149140880000      -32.75353501843946450000     -111.98687060171998550000        6.54901177705143400000        0.11547953335923615000       -7.07527718986527621000      217.93714285487209300000       25.47638771263459030000       83.66269089343971640000      -44.79520905378380040000      -26.45854996029146380000       61.59932411944743080000      -20.30573058512102240000       13.23080612971521219000      -22.15536159582907770000       -2.88805934141342879000       -4.23412049822208836000       14.35795293451049481000       11.16586297247109094000      121.25407061364406050000       16.99434170650843260000      106.54926611456343720000       39.06470483447484550000       36.90564281598189920000        7.31597873333385706000        9.53737805348855616000       42.88374495278843310000      129.29068783291214100000      -89.67671125339499840000        3.89112978329860582000      -38.80469813552447530000     -122.37335040871460020000        3.49183497134024368000       -2.46783124148377420000       -4.64282895712222299000      240.00309528469378500000       28.73349180597971400000       75.15016045881317550000      -56.27840441489888690000      -27.26931586476852590000       62.19846582726300000000      -24.98184077469190360000       16.86174354117398270000      -15.31289721691559436000       -1.56446010238476507000       -3.55164952143703072000       12.82148672120942479000       10.91336842212775160000      123.46269338738140680000       18.62593855862060010000      109.18332513093245950000       45.05153412132183630000       36.83169978230397130000        8.54089904604046879000       11.93141179937303420000       42.41758726689263880000      136.51713657466146400000      -81.18109515291865820000       -1.63290755654972619000      -39.59824092100622290000     -127.13978781854986270000        3.27464449983685757000       -2.39177142437615142000       -2.08063120719988515000      246.67513423671442800000       28.72693018420236300000       74.48872158403719370000      -54.48009204978125550000      -28.16472293701288620000       59.42219006950608670000      -25.00191886652981310000       20.02222325659505490000       -9.45869759509928620000       -0.33314700089367871000       -4.06615091614174240000        7.84905721842571058000       11.17230177084526410000      125.73259031245143550000       20.06468470244297460000      113.09552075593326490000       47.97219562733976520000       37.92996616844310860000        6.58903323885980630000       14.72980980752301328000       39.28482176447803910000      141.31140465612591600000      -79.18099154440351130000      -11.77010769253379330000      -39.89311886482227010000     -129.34850086759578900000        3.27150405953425905000       -2.47425772697060964000        0.22599462072427648000      242.35915797335980000000       29.51672308221917620000       75.50244581422050770000      -53.23648513048408400000      -28.90570128092394600000       56.53944048740862630000      -25.39607815640923860000       22.77322765745397960000       -6.44802906632512585000        1.44471878752005445000       -4.14114031322277132000        4.60676277839694048000       11.05282608195375005000      125.85562208438085460000       20.83780912700355970000      114.65094110647869740000       49.19477893236695820000       38.56524788606358810000        6.48356476110888469000       14.78697816795335562000       35.16420950876046450000      145.57998688851282100000      -83.66322477923201010000      -14.83078805069404460000      -42.19213711547638470000     -130.07013058007095200000        2.49035696788166083000       -2.24661388404759688000        0.23938481943152964000      240.70890693488610200000       28.47158514265991870000       76.33247894780717500000      -52.22256575518003530000      -28.63117579827856570000       54.06995458046043270000      -22.64694105130505260000       20.10302902295065410000      -10.30915422975970763000        0.39748495471930989000       -3.29131507092897202000        8.56300006422108595000       10.48478891107560784000      122.40409293500462700000       19.48261579243528630000      111.92263949013702980000       42.64156876354255130000       37.11294505611238750000        7.23091666706840819000       14.28656649036022053000       37.60602948649518850000      143.88094203313826800000      -86.32549863709122920000      -12.16233547643955326000      -43.68343012769869920000     -125.02130500980841530000        4.01118513976337976000       -2.82769122019899655000        1.70278312635664775000      235.17750345138588800000       26.41633482715215210000       76.17259635984486010000      -54.26209126696640080000      -29.02041434291800570000       50.20521888364269360000      -24.10105731849905910000       22.85054641610762620000      -10.41071860972860641000        1.17715643307349249000       -1.61516022937183878000       12.81009742125786133000        9.77223791615516646000      127.00550363311623410000       16.17303547063754370000      108.62368316105769850000       39.85394633556546750000       37.57910845611927190000       11.79460464727247526000       14.40925813631892893000       38.06584763534005590000      147.96808712143717900000      -86.25100439376649320000      -12.53252149495355994000      -43.36047649167504400000     -128.82264849891402000000        3.45962283761783995000       -3.14555490734720911000        1.79599809056778392000      233.51913868348432900000       25.44336622063601180000       81.25061192874521510000      -56.28328080592071100000      -29.37858353147317200000       47.52423647589356650000      -25.72448927707081980000       29.59813784808450170000       -6.39585916316375691000        2.13173646196892808000       -2.10440692430657794000       15.66068982942505450000       10.64135659289765101000      131.41862255406303500000       16.30011895221755220000      109.76585691833466280000       42.65939465301149620000       38.24464202372795540000       15.78914562400978383000       16.52119929162884660000       36.89238807661516970000      147.10172056979209300000      -84.54757903224526670000      -18.71551006540654070000      -40.68652648508297890000     -129.31185580219639100000        2.75423434254563348000       -2.92897003980639425000        0.31405333554201753000      229.87827669153821800000       25.88480813301491070000       83.48243294717192950000      -55.33043990992901230000      -29.57869221797186300000       43.80916073520820930000      -25.86708503007075420000       35.63837882332357050000       -5.20777643249274735000        2.88238652840611920000       -2.89229452904468864000       15.21964861955365400000       10.27497167170934134000      131.10632143984332700000       14.61095902802513713000      107.40195988734707560000       44.52358548178853680000       37.81838251369521940000       17.16388681533464580000       15.58596979912196368000       35.08877540253116930000      149.24496514283396200000      -86.18091161419032180000      -22.12076931869111010000      -38.08024911683037320000     -128.43413432160886600000        1.99688410922660342000       -2.33851087041313743000       -2.13953204002073205000      225.19166784408949400000       24.63096948695690710000       86.23572835539866330000      -53.63162515262341400000      -29.86197026919925430000       47.15227765803506800000      -23.58038121181582980000       35.27058748497164940000       -5.63580775963637670000        2.70876801667932465000       -3.33822161951890406000       16.15907913213747450000        9.31051863222051779000      127.94036348164169680000       12.30534287822275274000      105.43983407492083870000       44.88188651235238070000       36.59930902752277150000       15.61241584539548732000       15.21576660538642933000       37.61139458454517380000      156.06997583454543100000      -85.41982424120779170000      -18.48558783069933750000      -36.77242695963670370000     -134.44353185247337000000        1.52477352117556264000       -2.29957039665712459000       -2.06777429843298677000      232.41263822847685100000       26.33147921901177210000       85.93518899462765150000      -54.34513332672869270000      -29.56974653294063420000       45.67242810997758800000      -25.72459271307599590000       41.73761542684201230000       -1.71819348281673756000        3.25420081123745586000       -2.91641945477717046000       14.30493006118828880000        8.76207798925395487000      127.74435291151652900000       10.98091550728534926000      100.68953044318122640000       45.16786924328182810000       38.10657408655865910000       15.25421243035581576000       12.76650073277097164000       33.65533949348018440000      155.62715988008506000000      -79.30733624765287000000      -19.96139748789351390000      -33.48269841024995940000     -136.34548912189538300000        0.72003361649787456000       -1.96546101677128004000       -1.54804872177009956000      225.20987899464611800000       27.77785052077537390000       83.18097708180582120000      -49.91733290170872550000      -28.63042044398799390000       46.10382741559816820000      -23.63726438465878490000       47.12068478158390410000       -5.35419834471302902000        3.72226222437464394000       -2.44854471205816493000       17.73819563185973890000        8.13537552031108824000      128.72527224584700900000        8.72512431879456685000       98.70172288551471240000       41.71013788357768700000       39.28596335245917000000       16.06765932422809580000       10.02647190372038288000       30.90976656214077070000      155.19059904917858700000      -92.01487081247385900000      -18.05102406250814800000      -35.20883577474747030000     -135.39972665763872300000       -0.30667668907135132000       -1.82409773901251460000       -3.93091455376518351000      223.47609327668342900000       27.56365196270514420000       82.96051716565638400000      -49.61188783139463960000      -28.30737221979061860000       40.44466746434309100000      -22.23666774920232570000       47.69242530078059870000       -3.31190270259943098000        3.58408135586956655000       -2.56907399618692844000       21.33297320697102610000        8.41868779240361142000      131.21845109597319400000        8.29085365887397963000       99.12467541263488610000       38.54737535669887190000       37.79211488338042100000       18.39225096392721780000       11.23976419051179754000       36.52962470495174330000      152.24778713033359200000      -80.49549211994968800000      -21.26664790503376780000      -30.23196755806563020000     -129.69593170539513900000       -0.34862563962376547000       -2.02284573525895528000       -4.28711723585173310000      218.95430327531528300000       25.52092447007372300000       83.47596207200246000000      -50.76384051928715740000