 4        20        26        36        56
        0.00    0
       1.000000       1.000000      30.440000      30.440000      30.440000      30.440000      30.440000      30.440000      30.440000      30.440000      30.440000      30.440000      30.440000      30.440000      30.440000      30.440000      30.440000      30.440000      30.440000      30.440000      30.440000      30.440000      30.440000      30.440000      30.440000      30.440000      30.440000      30.440000      30.440000      30.440000      30.440000      30.440000      30.440000      30.440000      30.440000      30.440000      30.440000      30.440000      30.440000      30.440000      30.440000      30.440000      30.440000      30.440000      30.440000      30.440000      30.440000      30.440000      30.440000      30.440000      30.440000      30.440000      30.440000      30.440000      30.440000      30.440000
      -1.000000      -1.000000       0.428000       0.669000       0.669000       0.669000       0.669000       0.669000       0.818000       0.818000       0.818000       1.140000       1.226000       1.226000       1.226000       1.226000       1.226000       1.226000       1.356000       1.454000       1.454000       1.454000       1.454000       1.454000       1.454000       1.454000       1.454000       1.454000       1.454000       1.454000       1.454000       1.454000       1.454000       1.454000       1.454000       1.454000       1.454000       1.454000       1.454000       1.454000       1.454000       1.454000       1.454000       1.454000       1.454000       1.454000       1.454000       1.454000       1.454000       1.161000       1.161000       1.161000       1.161000       1.161000       0.782000       0.329000
        0.03600000000000000000
       -0.01400000000000000000
       -0.17399999999999999000
       -0.27800000000000002000
        0.02200000000000000000
       -0.06000000000000000000
       -0.37000000000000000000
        0.10400000000000000000
       -0.10000000000000001000
        0.15200000000000000000
        0.35799999999999998000
        0.13600000000000001000
        0.22800000000000001000
        0.14000000000000001000
        0.19600000000000001000
       -0.28799999999999998000
        0.29599999999999999000
       -0.04600000000000000000
       -0.39800000000000002000
        0.28399999999999997000
       -0.19000000000000000000
        0.33200000000000002000
        0.26800000000000002000
        0.09800000000000000000
       -0.18400000000000000000
       -0.19000000000000000000
        0.34799999999999998000
       -0.32200000000000001000
        0.15200000000000000000
        0.22200000000000000000
       -0.31600000000000000000
        0.05200000000000000000
       -0.16600000000000001000
        0.30199999999999999000
        0.39800000000000002000
        0.34000000000000002000
       -0.34799999999999998000
       -0.34799999999999998000
        0.17399999999999999000
       -0.13400000000000001000
        0.15200000000000000000
        0.38600000000000001000
       -0.06800000000000000000
       -0.35399999999999998000
        0.39600000000000002000
        0.07600000000000000000
       -0.29199999999999998000
        0.34599999999999997000
        0.10400000000000000000
       -0.26400000000000001000
        0.33000000000000002000
       -0.40000000000000002000
       -0.23000000000000001000
        0.26000000000000001000
       -0.08799999999999999000
        0.25800000000000001000
        0.31000000000000000000
        0.30399999999999999000
        0.03000000000000000000
       -0.21400000000000000000
       -0.04600000000000000000
       -0.22200000000000000000
       -0.20399999999999999000
       -0.02800000000000000000
        0.28000000000000003000
       -0.05000000000000000000
        0.32800000000000001000
        0.08400000000000001000
       -0.36199999999999999000
       -0.04000000000000000000
        0.21600000000000000000
       -0.32600000000000001000
       -0.13000000000000000000
       -0.28399999999999997000
       -0.20599999999999999000
       -0.20599999999999999000
       -0.38200000000000001000
       -0.16000000000000000000
       -0.25600000000000001000
       -0.36599999999999999000
       -0.20999999999999999000
       -0.05600000000000000000
        0.36799999999999999000
       -0.24199999999999999000
       -0.27400000000000002000
       -0.06200000000000000000
       -0.37800000000000000000
        0.11600000000000001000
        0.44200000000000000000
       -0.08799999999999999000
        0.35399999999999998000
       -0.34399999999999997000
       -0.26800000000000002000
        0.25600000000000001000
        0.15800000000000000000
        0.12800000000000000000
        0.08200000000000000000
       -0.03600000000000000000
       -0.12600000000000000000
       -0.08400000000000001000
        0.05200000000000000000
       -0.07400000000000000000
       -0.24199999999999999000
       -0.14999999999999999000
       -0.23799999999999999000
        0.37000000000000000000
       -0.23200000000000001000
        0.00400000000000000000
       -0.05600000000000000000
        0.10600000000000000000
       -0.22400000000000000000
        0.06800000000000000000
       -0.04800000000000000000
       -0.14199999999999999000
        0.01000000000000000000
        0.10400000000000000000
        0.33200000000000002000
       -0.26600000000000001000
        0.28599999999999998000
        0.14399999999999999000
       -0.06600000000000000000
       -0.30599999999999999000
       -0.02400000000000000000
        0.06600000000000000000
        0.07800000000000000000
        0.12800000000000000000
        0.22200000000000000000
       -0.31800000000000000000
       -0.28399999999999997000
       -0.17199999999999999000
       -0.24199999999999999000
        0.37600000000000000000
        0.15800000000000000000
        0.00400000000000000000
        0.26600000000000001000
        0.02600000000000000000
        0.29199999999999998000
        0.18200000000000000000
        0.14000000000000001000
       -0.39000000000000001000
        0.27400000000000002000
        0.27800000000000002000
       -0.27800000000000002000
       -0.11799999999999999000
       -0.25600000000000001000
        0.37000000000000000000
       -0.39400000000000002000
        0.30599999999999999000
       -0.20000000000000001000
       -0.17199999999999999000
        0.29799999999999999000
       -0.16800000000000001000
        0.39800000000000002000
        0.26600000000000001000
       -0.48599999999999999000
        0.02600000000000000000
        0.34999999999999998000
       -0.32600000000000001000
       -0.30199999999999999000
       -0.10199999999999999000
       -0.17799999999999999000
       -0.16400000000000001000
       -0.30399999999999999000
        0.14000000000000001000
       -0.14000000000000001000
       -0.26600000000000001000
       -0.13000000000000000000
       -0.04800000000000000000
        0.09200000000000000000
       -0.19600000000000001000
        0.06200000000000000000
        0.26200000000000001000
       -0.05600000000000000000
       -0.25400000000000000000
        0.29399999999999998000
       -0.22200000000000000000
        0.11400000000000000000
       -0.00600000000000000000
        0.37400000000000000000
        0.33800000000000002000
        0.31400000000000000000
        0.20999999999999999000
        0.31800000000000000000
        0.38400000000000001000
       -0.34200000000000003000
        0.02800000000000000000
       -0.35599999999999998000
        0.38200000000000001000
        0.26600000000000001000
        0.19000000000000000000
        0.16600000000000001000
        0.15800000000000000000
       -0.39800000000000002000
        0.29999999999999999000
        0.33600000000000002000
        0.33600000000000002000
        0.01200000000000000000
       -0.03800000000000000000
       -0.29599999999999999000
        0.07000000000000001000
       -0.04400000000000000000
        0.29799999999999999000
       -0.05800000000000000000
        0.31600000000000000000
        0.25200000000000000000
       -0.28799999999999998000
        0.24199999999999999000
        0.20000000000000001000
       -0.32800000000000001000
       -0.39800000000000002000
        0.38800000000000001000
       -0.31200000000000000000
        0.01000000000000000000
       -0.11400000000000000000
        0.07199999999999999000
       -0.08799999999999999000
        0.18800000000000000000
       -0.35399999999999998000
        0.11600000000000001000
       -0.19200000000000000000
       -0.11400000000000000000
       -0.00400000000000000000
        0.26200000000000001000
        0.35399999999999998000
        0.02200000000000000000
       -0.06000000000000000000
       -0.01400000000000000000
        0.01400000000000000000
       -0.29399999999999998000
       -0.18600000000000000000
        0.19800000000000001000
        0.19200000000000000000
       -0.36399999999999999000
       -0.06200000000000000000
       -0.14399999999999999000
       -0.35199999999999998000
       -0.33600000000000002000
       -0.01000000000000000000
        0.13600000000000001000
        0.29599999999999999000
       -0.26400000000000001000
        0.16800000000000001000
        0.23799999999999999000
       -0.06200000000000000000
        0.19400000000000001000
        0.07199999999999999000
       -0.05800000000000000000
       -0.15400000000000000000
        0.22200000000000000000
        0.20599999999999999000
       -0.06800000000000000000
       -0.38400000000000001000
       -0.27800000000000002000
       -0.02400000000000000000
       -0.31200000000000000000
        0.09000000000000000000
       -0.19400000000000001000
       -0.10800000000000000000
        0.21800000000000000000
        0.12600000000000000000
       -0.37600000000000000000
       -0.18200000000000000000
       -0.30800000000000000000
       -0.23999999999999999000
        0.31400000000000000000
       -0.04800000000000000000
        0.34200000000000003000
       -0.35799999999999998000
        0.20599999999999999000
       -0.19400000000000001000
        0.01000000000000000000
       -0.27000000000000002000
        0.08799999999999999000
        0.21800000000000000000
        0.38400000000000001000
       -0.14399999999999999000
       -0.26800000000000002000
        0.20000000000000001000
        0.17799999999999999000
        0.12400000000000000000
        0.16200000000000001000
       -0.00400000000000000000
        0.06400000000000000000
        0.14399999999999999000
       -0.28799999999999998000
       -0.29999999999999999000
        0.01000000000000000000
        0.07199999999999999000
        0.24399999999999999000
       -0.29799999999999999000
        0.26400000000000001000
        0.34399999999999997000
       -0.38600000000000001000
        0.30399999999999999000
       -0.17599999999999999000
       -0.01400000000000000000
        0.28199999999999997000
       -0.17999999999999999000
        0.00000000000000000000
       -0.00600000000000000000
        0.26200000000000001000
        0.19800000000000001000
        0.15800000000000000000
        0.27200000000000002000
       -0.10000000000000001000
       -0.09800000000000000000
        0.03400000000000000000
       -0.38600000000000001000
       -0.18400000000000000000
        0.07600000000000000000
        0.09000000000000000000
        0.00000000000000000000
        0.16800000000000001000
        0.12600000000000000000
        0.33800000000000002000
        0.04800000000000000000
        0.24600000000000000000
       -0.29999999999999999000
       -0.15200000000000000000
       -0.02600000000000000000
        0.39000000000000001000
       -0.27200000000000002000
        0.22200000000000000000
       -0.14999999999999999000
        0.28599999999999998000
       -0.17399999999999999000
       -0.36399999999999999000
        0.37600000000000000000
        0.36799999999999999000
        0.27600000000000002000
        0.36399999999999999000
        0.07800000000000000000
        0.18400000000000000000
        0.02000000000000000000
        0.33600000000000002000
        0.21400000000000000000
        0.10600000000000000000
        0.18800000000000000000
       -0.13400000000000001000
       -0.23400000000000001000
        0.14599999999999999000
        0.25600000000000001000
       -0.34799999999999998000
       -0.36399999999999999000
        0.16400000000000001000
       -0.28799999999999998000
        0.25000000000000000000
        0.29399999999999998000
       -0.34000000000000002000
       -0.06600000000000000000
       -0.30399999999999999000
        0.29399999999999998000
        0.32000000000000001000
        0.08599999999999999000
        0.25000000000000000000
       -0.26200000000000001000
       -0.18600000000000000000
       -0.06000000000000000000
       -0.37000000000000000000
       -0.24800000000000000000
        0.11799999999999999000
        0.30199999999999999000
       -0.06200000000000000000
        0.12800000000000000000
       -0.11600000000000001000
       -0.06600000000000000000
       -0.23400000000000001000
       -0.05000000000000000000
        0.20200000000000001000
       -0.34599999999999997000
       -0.12800000000000000000
       -0.23400000000000001000
        0.16600000000000001000
       -0.29399999999999998000
        0.37400000000000000000
        0.02600000000000000000
       -0.16600000000000001000
       -0.11200000000000000000
       -0.24399999999999999000
        0.16000000000000000000
       -0.15800000000000000000
       -0.22600000000000001000
        0.30199999999999999000
       -0.29799999999999999000
        0.02000000000000000000
        0.33200000000000002000
       -0.22800000000000001000
       -0.18400000000000000000
        0.32800000000000001000
       -0.37800000000000000000
        0.17599999999999999000
        0.24800000000000000000
       -0.30199999999999999000
        0.23799999999999999000
       -0.26800000000000002000
       -0.33000000000000002000
       -0.45000000000000001000
        0.00400000000000000000
        0.32800000000000001000
        0.39600000000000002000
       -0.15600000000000000000
        0.09000000000000000000
        0.10199999999999999000
        0.17399999999999999000
        0.22800000000000001000
       -0.25800000000000001000
        0.12600000000000000000
        0.21400000000000000000
        0.22800000000000001000
       -0.20399999999999999000
        0.07400000000000000000
       -0.36399999999999999000
       -0.14599999999999999000
        0.39800000000000002000
        0.28399999999999997000
        0.36399999999999999000
        0.02000000000000000000
        0.09200000000000000000
       -0.16400000000000001000
        0.05000000000000000000
       -0.07000000000000001000
        0.05800000000000000000
       -0.09800000000000000000
        0.11000000000000000000
       -0.16400000000000001000
        0.03200000000000000000
        0.11799999999999999000
       -0.11600000000000001000
        0.08799999999999999000
       -0.24199999999999999000
        0.17000000000000001000
       -0.22800000000000001000
       -0.34599999999999997000
        0.10000000000000001000
       -0.12400000000000000000
        0.27000000000000002000
       -0.19000000000000000000
       -0.34799999999999998000
        0.29799999999999999000
       -0.35199999999999998000
       -0.29999999999999999000
       -0.05200000000000000000
       -0.31800000000000000000
        0.23000000000000001000
       -0.08599999999999999000
        0.00600000000000000000
        0.11200000000000000000
        0.16400000000000001000
       -0.04000000000000000000
        0.03000000000000000000
        0.08799999999999999000
       -0.27400000000000002000
       -0.12200000000000000000
       -0.15400000000000000000
       -0.29999999999999999000
        0.09600000000000000000
        0.22600000000000001000
        0.04600000000000000000
       -0.38800000000000001000
        0.03400000000000000000
       -0.17199999999999999000
       -0.34000000000000002000
        0.12200000000000000000
        0.00400000000000000000
       -0.38600000000000001000
       -0.10199999999999999000
        0.16800000000000001000
       -0.36399999999999999000
       -0.04600000000000000000
        0.14399999999999999000
        0.23400000000000001000
       -0.17199999999999999000
       -0.20000000000000001000
       -0.15600000000000000000
       -0.07199999999999999000
        0.15400000000000000000
       -0.20000000000000001000
        0.20399999999999999000
       -0.27200000000000002000
       -0.10600000000000000000
       -0.29799999999999999000
       -0.23000000000000001000
        0.03800000000000000000
       -0.06400000000000000000
       -0.25600000000000001000
       -0.05200000000000000000
        0.32200000000000001000
        0.27600000000000002000
        0.32600000000000001000
        0.25800000000000001000
        0.38600000000000001000
        0.09200000000000000000
        0.22200000000000000000
       -0.36599999999999999000
        0.37800000000000000000
        0.38200000000000001000
       -0.13000000000000000000
       -0.28799999999999998000
       -0.38000000000000000000
       -0.22200000000000000000
        0.06200000000000000000
        0.13400000000000001000
        0.02400000000000000000
       -0.12000000000000000000
       -0.11400000000000000000
        0.33600000000000002000
        0.26800000000000002000
       -0.01600000000000000000
       -0.34000000000000002000
       -0.39000000000000001000
        0.13400000000000001000
        0.05800000000000000000
        0.07400000000000000000
       -0.25600000000000001000
        0.19000000000000000000
        0.28799999999999998000
        0.06200000000000000000
       -0.27000000000000002000
       -0.01200000000000000000
        0.03600000000000000000
        0.14799999999999999000
        0.25200000000000000000
        0.27600000000000002000
       -0.06000000000000000000
       -0.20200000000000001000
       -0.19200000000000000000
       -0.05200000000000000000
       -0.17399999999999999000
       -0.08599999999999999000
       -0.05400000000000000000
        0.13200000000000001000
        0.10800000000000000000
        0.30199999999999999000
       -0.05000000000000000000
       -0.39000000000000001000
       -0.15600000000000000000
        0.11600000000000001000
       -0.34200000000000003000
       -0.39000000000000001000
        0.02600000000000000000
       -0.00200000000000000000
        0.26000000000000001000
        0.19200000000000000000
        0.07400000000000000000
       -0.33400000000000002000
       -0.39800000000000002000
        0.28000000000000003000
       -0.25000000000000000000
        0.23000000000000001000
        0.08799999999999999000
       -0.03000000000000000000
       -0.08400000000000001000
        0.27600000000000002000
        0.03000000000000000000
       -0.01400000000000000000
        0.17799999999999999000
       -0.15800000000000000000
       -0.28000000000000003000
       -0.40000000000000002000
        0.22200000000000000000
        0.26600000000000001000
        0.36599999999999999000
       -0.32800000000000001000
        0.34999999999999998000
        0.00000000000000000000
       -0.26600000000000001000
       -0.39200000000000002000
       -0.12600000000000000000
        0.34999999999999998000
       -0.18200000000000000000
        0.04800000000000000000
       -0.03000000000000000000
        1.45672581599803119000       -0.30997801706413214000       -0.61357616181373276000        0.22619918534304384000       -0.60819708969425523000        1.22108709381314240000        1.29256218876920514000        0.18437698117343523000       -0.33575420616997304000       -0.54204676100763871000        0.33526868360600837000        0.18606040506460894000       -1.93451064805582429000       -0.01593689943733595000       -0.65978124087504153000        0.41224778030705850000       -0.06410761130696797000       -0.08006842715416548000        0.82003015783507405000       -0.05295722717964364000       -0.88040084138462704000       -0.66941301018600985000       -0.39393364125647129000       -0.13794762155117055000       -0.49102893325681451000       -0.36575761622182024000        0.76335746920584346000        0.90648776847003820000       -0.01116636637619107000       -1.05034891963014054000        0.23139747134317423000       -1.68826561595243185000        1.60251785609583108000        1.40632283978674200000        0.40989646745643954000       -0.20744094647626704000       -0.51859100485359100000       -0.00857481697888973000        0.45137292513597804000       -2.35213087762943696000        0.28441277810643667000       -0.14830801700508878000        0.26350430470378433000        0.24355957643288553000        0.18668400375306840000        1.05891773662050470000       -0.11178843146832584000       -1.12239384478794824000        0.17811969826776147000       -0.71491161392778946000       -0.74868201541360446000       -1.41029302417979929000        0.34986735147600190000        1.32922422899236103000        1.07624627593063682000        0.09739116041842832000       -1.53615401220533854000        0.30133521557968102000       -2.29486942651816017000        2.06207085632844045000        0.87876395330005430000        0.21105395194083801000       -0.16448930421014643000        0.09362621713140450000        0.50226411870769105000        0.84436491164017702000       -2.44651691574844632000        0.81828755202464587000        0.28947233743265177000       -0.16698429396139874000       -0.01134627008775291000        0.25916873298564724000        1.12447598126813775000        0.48855478967345878000       -2.04215441405476961000        0.50275827190448685000       -1.02275639899148074000       -1.07887149915138858000       -1.72524069883523512000        0.38818473124558978000        2.02183143393118447000        1.97296482429457187000       -0.12960656117164371000       -1.83809814222784618000        0.08963291334360715000       -2.72337299324661064000        1.65506117240744266000        1.83073960262665625000        0.43168646153291629000        0.27748725393788043000        0.47489860421031099000        0.41699001239900402000        1.68550997401955427000       -2.30718331366406693000        0.81390530051376853000        0.29754433862845692000       -0.79334220288608814000       -0.23053084499908907000        0.70770363450671891000        1.00195301013086269000        0.42878356294585945000       -1.85968627287926935000        1.52651229404348165000       -1.12097386353065898000       -1.64794934301130214000       -2.47942827384573139000        0.65907819833309866000        2.14279882723228976000        1.99473205670763809000       -0.21556048561622868000       -1.79257011197078664000       -0.03694647737203221000       -2.73742587476402743000        1.30821455321377855000        1.75412183579314185000        0.24547946125339565000        0.43587851793703630000        0.50030986528464338000        0.00740832487303963000        1.71914588362952236000       -1.56764802785818791000       -0.35414939111467830000        0.22534336039113162000       -0.32088605396907127000       -0.20406701341596625000        0.82247758216181388000        0.36847432356935933000        0.50830931097699006000       -1.86238354819639929000        1.16108755767790894000       -1.03590744613754104000       -1.74909206349396174000       -2.36219374363939671000        0.68104625176980327000        1.47816067442548049000        2.63010871698558946000       -0.46529449765123343000       -1.67225370485660796000       -0.12833379840426987000       -2.66390185066419649000        1.33751345367458296000        2.10549452399739945000        0.33553770612543127000        0.63170058419792019000        0.40319169104001723000       -0.29820515156034061000        1.72294033909082667000       -1.45871773597092202000       -0.62883823610438450000       -0.01438727156369838000       -0.15469248691271834000       -0.64036374305080890000        1.42891221650872691000       -0.19875281404451045000        0.70288699289160461000       -1.44798016507511029000        0.85880597326873098000       -0.90181879338695004000       -2.11021223352132115000       -1.85951404911790963000        0.61560984895667337000        1.28474262841902664000        2.49141432133367235000       -0.54529939086514390000       -1.35532470085833423000       -0.29286401652710137000       -3.09992849930826431000        1.91389426762909776000        2.57282390226095092000        0.59658372929395875000        0.83478158984390949000       -0.08345902333223960000       -0.40099589984299805000        1.61350951394562303000       -1.90503432276302154000       -0.55170031812453491000       -0.67979145583368472000        0.27936806789538332000       -0.75987086840162621000        2.08368992281400622000       -0.41405155351659773000        1.41509591277773006000       -1.97131291886036553000        0.89019898921446206000       -0.87850148931297101000       -2.35077484945129411000       -2.06053309016376973000        0.41066295622983739000        0.99580601339782959000        2.00945408976039719000        0.04858503939068947000       -0.94262896031120835000       -0.07499484467970116000       -3.04783774893535897000        3.04716536234603197000        2.37141219487526023000        0.67528330872799092000        0.88769467761193710000       -0.59985104108515164000        0.38719636432676452000        0.94637824098816115000       -2.36256442913902154000        0.07058480291022298000       -1.73537778757857808000        0.61988680371921745000       -0.54503001572124210000        1.83639035356210600000       -0.24215994500496080000        1.70117521435151198000       -2.29756560591208325000        0.27046129923935908000       -1.09512899831049615000       -2.54770293159143568000       -2.01347129091483090000       -0.61655412153274436000        0.94417639989921032000        1.16943662340895482000        0.27490144612275152000       -0.86185439174765566000        0.20802640374225181000       -3.74155300465389873000        3.95997286557180361000        2.47079409334227496000        0.80924403785923738000        1.06865735498746584000       -0.98543807229167124000        0.88577753826870520000        0.49666795777550055000       -3.25223138606575590000        1.35343951659468398000       -1.50653460811450501000        0.11883194519903574000       -0.08150824103166236000        2.81489920678013839000        0.61096748466856798000        1.93759175857311106000       -2.72942683512521134000        0.99983671968946020000       -1.38870756099859061000       -2.73230124729974300000       -2.72960491063045474000       -0.24431171946095856000        1.39090772925188499000        1.02352523487808544000        0.43084421054379701000       -1.06743741839576356000        0.00963037069623861000       -4.00182091517866834000        3.52795979610389976000        2.79259087630777181000        0.81883946780783101000        0.94379413313892013000       -0.47092082016718845000        0.49640471356717097000        0.49026277979008276000       -3.01609222547292166000        1.02016328675241263000       -1.65871832331945779000        0.13235458817984422000        0.06981206205806337000        3.12563642107764350000        0.59817997634301878000        1.36502301850602792000       -2.57314932118163586000        1.31525126957668093000       -1.29955138994443775000       -2.75374297837520610000       -2.59123065766161220000       -0.03326117522894424000        1.24690553876069665000        1.44032746521591992000        0.36872137074890260000       -1.42888361375638917000        0.04164539879153137000       -4.03779350838475626000        2.96227042112509054000        2.83722500173279846000        0.59931671764281091000        1.01465979791613226000        0.23236170920739899000        0.14909993751948031000        0.82145991358992854000       -2.45556932142071638000        0.28290069492059772000       -1.41469742948879884000       -0.00474147367840738000       -0.12557597373106796000        2.76862274667135688000        0.18657186782960131000        1.92177638141311835000       -2.63000104033283488000        1.08297570899386497000       -1.28483071504116775000       -2.60716107622993887000       -2.42922900012894294000        0.16043308025186398000        1.30617434425568413000        2.02668345594190047000        0.14895839840733091000       -1.35578753861651369000        0.02847045430735767000       -3.53844682764907326000        2.46453687744385963000        3.17772952899329919000        0.39618852947808725000        1.04591814624785728000        0.20338274305326676000        0.01651723949492376000        1.47253537311043536000       -2.25069575848495695000        0.16036550270939484000       -1.36026810795511843000       -0.00081786511577808000       -0.91455248700193936000        2.50160492007187463000       -0.35380869237410406000        2.16088826881824447000       -2.02729454278492849000        0.67345255581193886000       -1.50630931169179738000       -2.69292849391312616000       -2.30763588690463761000        0.30280935755227029000        1.04043513295148027000        2.49067952946266269000        0.08134513446109019000       -1.16184305507730357000        0.07251830921537059000       -3.57336418229544739000        1.94831179427745038000        2.79388937033662588000        0.28082101610007187000        0.90077331115737169000        0.73843092025377377000        0.65991782167528401000        1.43368273255232004000       -1.97677103654184827000        0.13530962586702572000       -1.04210664861270996000        0.49441211508862126000       -0.69762993761051117000        1.71225216939519487000       -0.54670748333687191000        2.21911361832789211000       -2.26017295966542919000        0.62180279232883551000       -1.72785884315194460000       -2.26981561492312167000       -2.17339058017789899000        0.05016807088749588000        0.87990783473093348000        1.76956289706611769000        0.10593498050565739000       -0.43410100665117657000        0.18605554856846060000       -3.49285982732596789000        1.90840645562458011000        2.59393334191395297000        0.40646135684257156000        0.89077946332099922000        0.47329453794884835000        1.44112059599393794000        0.53157024470116387000       -2.05340657484419653000        0.70063564871236883000       -1.32862157942122883000        0.82340511681370399000       -0.26730181153435217000        1.64255007913017304000       -0.61093715908603163000        1.93785567357592226000       -2.65053712501628969000        0.94337794725006474000       -1.67462625898333606000       -1.95351562230656017000       -2.14219455267864189000       -0.71157791806672266000        0.30859774404961832000        1.25334738079138419000        0.36677066307838091000        0.16843273734987985000        0.48103626814217776000       -3.23910587909134540000        2.84797676335108152000        2.46388155318139601000        0.60333284360113415000        0.78191025513479784000        0.24998762310296332000        2.03044169899575389000        0.16678407899341885000       -2.61184543427437177000        1.64520563843617795000       -1.52597643859372423000        0.17123439569517465000       -0.60740345990045685000        2.10084608080100077000       -0.90972678710832022000        2.09657786098753984000       -2.90078687841637395000        0.42473124872974710000       -1.51277398038773736000       -2.22166658396674510000       -2.45378783675187551000       -0.97064551750701833000        0.47345467707017092000        0.43972740524895315000        0.41710166159378192000        0.32947190000335680000        0.31502319120198274000       -3.45483797974784590000        2.27131349002464189000        2.28143467743169381000        0.87036168156607951000        0.78504021790055645000        0.24840589442156705000        1.58813291621685093000        0.02512215652360895000       -2.69651849821630529000        1.66131266764768215000       -1.38619252759857448000        0.41255063411257525000       -0.18140163318923744000        1.95787001244909531000       -1.23151254702701829000        0.99450810667022493000       -2.64823009396218634000        1.07144088971651996000       -1.33878181659423023000       -2.44754129194885595000       -2.83204110751725180000       -0.85842346075494635000        0.21769389867786212000       -0.03140696093532089000        0.44715108714049878000        0.06689636825691150000        0.13294504824659245000       -3.01620365944543378000        1.88932295092604097000        1.96121173568110008000        0.34576816789935672000        0.52773556606575933000        0.02364665146489762000        0.88341260120035348000       -0.19815385871303734000       -2.51794467026176649000        1.06806182381312631000       -1.45172072402912944000        0.66525906525102962000        0.02048906991513434000        1.36045678613692744000       -1.62871742447769696000        0.90996639247408717000       -2.10621555654452886000        0.52719233837138690000       -1.27670133596700275000       -2.55729024982497188000       -2.32812687770100668000       -0.69665264378882241000        0.03255441092929893000       -0.00429159849359232000        0.35611249569382719000        0.40183877025669351000       -0.07085118820175677000       -2.94598389235490110000        1.05562834736638567000        2.45200331918165437000        0.39678259193769266000        0.46746426050530460000       -0.07068747852307533000        0.89498823293036756000       -0.04073476727732973000       -2.22299079104038544000        0.94648017953846120000       -1.34382295930374718000        0.69308338021273963000        0.28223634085821880000        1.32484950614015751000       -1.73494028597364669000        0.54854642013309418000       -1.65286878075272914000        0.93469866396789691000       -1.16678800168562757000       -2.36167105716536696000       -2.47581474632061616000       -0.76935734539145362000       -0.51405728506765203000        0.32117572414610129000       -0.37511675578490006000        0.82281539692613259000        0.14724107615532289000       -2.16121179028813648000       -0.03680288566391040000        2.20684949370707351000        0.44066755831926041000        0.50968226894761848000        0.53767463712962493000        0.92382176833264695000       -0.40801745991684890000       -2.14476006839464084000        1.03275575198960623000       -1.43420186056315901000        0.92678370332393378000        0.10400396523061405000        0.95277611507751514000       -1.91078094129249898000        0.34724900250972518000       -1.59885582683615612000        1.19815789596383726000       -1.07405707883165236000       -1.84095104994199077000       -2.57752356722164189000       -0.56439479997116337000       -0.95272006165124401000       -0.36589393500922102000       -0.41650444147270610000        0.86681509597875528000        0.48600808126600514000       -1.54900018406422801000        0.55367304800049699000        1.39983583310712900000       -0.02652306958495824000        0.32542481990106281000       -0.06486756715313403000        0.64620547336400380000       -0.71270126089202179000       -2.54623963086461425000        1.10728805334065639000       -1.56001517214301932000        0.48909968111094060000       -0.38297102582633519000        0.43162151842320140000       -2.59717198784403314000        1.05845886557432389000       -1.73703008687626559000       -0.07413244445849836000       -0.67189936992583887000       -1.69748524291955194000       -2.14618891822646507000       -0.15154254610038986000       -0.67703584710052478000       -1.12388022979517643000       -0.07315422383024583000        0.69984841306094847000        0.42103120568343444000       -1.65673155786222637000        1.21901070099526443000        0.88235608213831140000       -0.38072828691137250000        0.03331663653198676000       -0.95701331286445901000        0.22059765023167499000       -0.68907988786438923000       -3.02218490583816157000        1.07525500091716353000       -1.54068323355981751000        0.28327122595584775000       -0.13443832451215698000        0.51735535690046563000       -2.71344442321948076000        1.17416914288977892000       -1.62008801719541196000       -0.78832531473608547000       -0.33245352804233741000       -2.03348293248148337000       -2.03340449893160891000        0.10706223852852773000       -0.41590592592603121000       -1.18562462436064742000        0.03871209714915575000        0.35270395163125051000        0.18304421075312344000       -1.97876660510907998000        1.46940797426179115000        0.55096717676419360000       -0.98815659747514850000       -0.30503130248928750000       -0.93418426898936435000       -0.05879807407426904000       -0.53901684271781358000       -2.91231323232088490000        0.94912392173212823000       -1.35124186416847936000        0.48480362447470360000        0.10271953545393880000        0.35823920669938075000       -2.68441024140529105000        2.02204542827765898000       -1.97374473329283084000       -1.21000653736821295000       -0.56907567034622131000       -2.24848877075071751000       -1.61794566693060138000        0.01088407294356785000       -0.25722589306332544000       -1.23385310088156674000        0.08507163484283946000        0.49495729806548894000        0.35061509558642939000       -1.84964509715325787000        2.10010866106805594000        0.78165911407198463000       -1.10770011615155739000       -0.33282744082801535000       -0.89613941884050796000        0.05996971091946329000       -0.73704331679977741000       -2.56722896347829632000        0.85265734888820344000       -1.58497789503404185000       -0.12391461632964651000        0.30587250109403641000        0.99885924866640952000       -2.31379372640684267000        1.57293727818621765000       -1.69330968199432763000       -1.45748834484748180000       -0.41955838865079892000       -2.19821386280596132000       -1.41048917679653552000       -0.12491236857444271000       -0.26442269238095095000       -0.83733526809090031000       -0.28790731617183590000        0.38091412536729768000        0.20460578000496185000       -1.94966987835815120000        1.55293969668750753000        0.79764854332569002000       -1.03549511791702242000       -0.47461791088925376000       -0.31147318774180932000        0.16947855551031282000       -0.24477904904328723000       -2.62225462492411499000        1.07977208387125589000       -1.20108542625339254000       -0.54034573517944307000        0.43576786857339245000        1.06354008537965594000       -2.29314954691447914000        0.61677592279546356000       -1.29726261139459043000       -1.02538734859377523000       -0.39793672004269176000       -2.01755639940353637000       -1.88624629520639053000        0.39257835790065326000       -0.08882524052776659000       -0.94687449566638038000       -0.46722573078327567000        0.38923812146284781000        0.11891074307961154000       -1.83967889448519362000        1.05289305555437296000        0.69789185070959470000       -1.31414960388607960000       -0.72379736311898246000       -0.52452079815925190000       -0.23554710375398857000        0.04495713328983322000       -2.54121342831142005000        1.20485651208197164000       -1.05272643803663790000       -0.79425799144247522000        0.54306885724804321000        0.79382963306047694000       -2.50329648773971281000        0.68143861037196696000       -1.03386936614927505000       -1.25965478493779104000       -0.20762715443771040000       -2.11508169560518144000       -1.81215141213664332000        0.41154592363047099000       -0.15188863935929309000       -0.72885137268661748000       -0.59166867061160433000        0.68467014185409492000        0.00428981008684067000       -1.67392151901655617000        0.16824678425605807000        0.58354710202424165000       -1.54515029115355151000       -0.82378934375153223000       -0.27330481115290783000       -0.44136421022345496000        0.43252175894682482000       -1.89772940240246824000        0.64157011186666146000       -0.96116662123037222000       -0.44484038414467653000        0.80342213041523325000        0.36190453312681575000       -2.70277911727719111000        0.89350442853301038000       -1.11469402675509577000       -1.62683321555721649000       -0.21511105056683719000       -1.77838601445926359000       -1.52052376034230630000       -0.01912741505165684000       -0.81151464324665712000        0.19437701308167604000       -0.80016974186747669000        1.01077055047991737000       -0.12565190408159890000       -0.62947535026485013000       -0.94225030405136012000        0.53467967754599577000       -1.94384026306542457000       -0.83058743081494035000        0.33343417455628310000        0.17651304124769610000        0.62357864819157172000       -1.08093749648097703000        0.22161656681475644000       -1.21068161404078256000       -0.35844719320891782000        0.39806352700431663000        0.09217789820310628000       -3.10042016923588637000        1.06099430035848386000       -0.88425400078656735000       -2.36914511587886034000       -0.29370412251034772000       -1.22915467063614869000       -0.71974080393129158000       -0.92337260246174924000       -1.59979517557164108000       -0.39993364604184845000       -0.56977715711318144000        1.12255931971812384000       -0.10423024528138464000       -0.12011973734454282000       -1.11534414764158063000        0.05179874701594680000       -2.37517098794757331000       -1.08978624218498754000        0.36228159835587465000        0.41651884891657737000        0.70404214414684652000       -0.70317110324180787000       -0.19678574351621111000       -0.83740185756692498000       -0.36887125490833278000        0.39783345851613500000       -0.24680509415357413000       -3.32205765816323684000        0.48947461347749055000       -0.63016382660879333000       -3.26059115118109766000       -0.47347788741899960000       -0.53636081532077928000       -0.22276019360906774000       -0.83472216951921741000       -2.02016257622629736000       -1.55527629615608931000       -0.51964892244522864000        1.67702732965906498000       -0.00676610648196138000        0.67398056092877523000       -0.71672163727885430000       -0.59220730719468628000       -2.98717469769943422000       -1.51848946864687129000       -0.24958327581415626000        1.04156966499027193000        0.53429314789645110000       -0.93803592527888158000        0.54364589891020265000       -0.31745365551685928000       -0.99907900530763216000        0.45560219099527710000        0.01064441638244748000       -2.79167171601794584000        0.64671342739866522000       -1.10357725475086021000       -3.38886784208213054000       -0.58179887985088452000       -0.16976749453057430000       -0.20535993128800420000       -1.02892183855444230000       -2.37004387323787347000       -1.57514448492437964000       -0.19931778117365501000        1.69901753639834441000        0.05191440156160782000        0.85140835265081360000       -0.96641459413062603000       -0.97643778175658602000       -2.97512928926383902000       -1.50941971968560495000       -0.15431381379787165000        0.94809986323721851000        0.39859258574360396000       -0.37024008817653037000        0.25189528171199960000       -0.19703658571807561000       -0.68452101625940187000        1.00502448134999667000       -1.09041499799949748000       -2.67722411859532139000        0.26678053853497086000       -0.69988397137750613000       -3.27560527626569886000       -0.59221884308356421000       -0.15026799230982441000        0.20286972266543996000       -1.65232522710783836000       -2.40288146883287457000       -0.26547832137035998000       -0.73389795022917026000        2.07071402776494429000       -0.03741414208322436000        2.27857726092217749000       -2.86088938473712195000       -0.81450296871605288000       -3.17331919742021062000       -1.62198074636214185000        0.64517534547478783000        0.91218552988218615000        0.56714283890487438000        0.65442923695828814000       -0.59671030339580922000       -0.34316398420418182000       -0.19157119475266013000        0.60325043440069326000       -1.49583351639696538000       -3.15123138679011694000       -0.11189181225839144000        0.23757488025757667000       -3.85386438182851387000       -0.42363145227957461000        0.45552190950134769000        1.20822852512637757000       -2.54613601044361948000       -3.46620235413427746000       -0.34348185251400287000       -0.96529888849532863000        2.49471930776272544000       -0.06132164995648828000        3.24194331011397807000       -3.82861283959651599000       -0.66289870185212807000       -3.42186691279145316000       -1.65842113849883321000        0.61932783451567475000        0.34410547136379982000        0.50797424093349930000        1.47069986656547713000       -1.64757483666478821000       -0.71354453257169481000        0.41366773535978935000        0.34513001251244690000       -1.26506420617371873000       -3.19861014716482472000       -0.26843547630597309000        0.57803919012180260000       -4.35999136718764113000       -0.20905016094366810000        1.07149577060670897000        1.99905649439927324000       -2.88790413734045392000       -4.69771805456367098000       -0.86429876081168722000       -0.86097351258539456000        2.82435238138530975000        0.22488519649835498000        3.82286965329150696000       -4.29069189194253386000       -0.89209236735503394000       -3.20998253652386145000       -1.41839926916138381000        0.74545188245741956000        0.40715586628663974000        0.06402902177533315000        1.56293121530364232000       -1.59974852844013737000       -0.58615004781234747000        0.85853696232811627000        0.80678210693180152000       -1.50981068793213424000       -2.41825285059041217000       -1.46094798016859229000        0.97943391695939119000       -3.51882383980066571000       -0.54342375148958311000        1.39392352108282136000        1.72972476711511058000       -2.83065801630043890000       -5.20991933999571621000       -1.45559714745161739000       -0.87061189889414425000        2.86557087165104507000        0.04930158441735787000        4.15248859214984112000       -4.70947149591171321000       -0.88687589629906038000       -3.05631036001057987000       -1.58081338388265347000        0.22686898592421958000       -0.15163012787966076000       -0.03461518701424882000        1.06455332562264293000       -1.12668906791112144000       -0.16317883876308001000        1.01048583220009913000        1.14595728781399653000       -1.32977310193191700000       -1.97831545449929447000       -2.63416613026847157000        1.91291335643028315000       -2.74923966059944602000       -0.61956994372225649000        1.05803415558766711000        1.56668591175654748000       -2.35497278714596270000       -5.29223318439055390000       -1.23010049761768347000       -0.86382034978473277000        2.29554912296060554000       -0.15226941463033894000        4.72381350508370268000       -5.00684967838398887000       -1.02143900303814306000       -3.10922371391317576000       -1.81842703879413703000        0.63897218058470029000       -1.10366406259212990000        0.45838945770823741000        0.61331443807020924000       -1.09878974550291697000        0.22175066411019939000        0.13309143744421140000        0.84242877070715316000       -1.20818241963214912000       -1.99404752313229627000       -2.96672900771277304000        2.27372494688045235000       -2.65524662910518439000       -0.24463870359810791000        0.69969733126518596000        1.75754197716694627000       -1.63077170970287044000       -4.62264618977281216000       -0.78627825319066957000       -1.22403662067525532000        2.26022941159503565000       -0.29374458478541920000        5.42249119898585974000       -5.44978847664458854000       -0.95749202767327146000       -3.26958115753988965000       -2.02880138069343818000        1.02853974629242240000       -0.99527870460522661000        0.37349660615612001000        0.41060817324376087000       -0.61493838063772466000        0.26435257655515559000        0.09203392411324517000        1.05594264648132508000       -1.33795030072315280000       -1.23882669699066983000       -3.70945660673931732000        2.75866155221152898000       -2.11959169356878352000       -0.51202370067984604000        1.10404243611358521000        2.21927440511558283000       -1.55258987303352836000       -4.57517725568591782000