 7        20        23        36        56
        0.00    0
       1.000000       1.000000      52.186000      52.186000      52.186000      52.186000      52.186000      52.186000      52.186000      52.186000      52.186000      52.186000      52.186000      52.186000      52.186000      52.186000      52.186000      52.186000      52.186000      52.186000      52.186000      52.186000      52.186000      52.186000      52.186000      52.186000      52.186000      52.186000      52.186000      52.186000      52.186000      52.186000      52.186000      52.186000      52.186000      52.186000      52.186000      52.186000      52.186000      52.186000      52.186000      52.186000      52.186000      52.186000      52.186000      52.186000      52.186000      52.186000      52.186000      52.186000      52.186000      52.186000      52.186000      52.186000      52.186000      52.186000
      -1.000000      -1.000000       1.000000       1.000000       1.000000       1.000000       1.000000       1.000000       1.000000       1.000000       1.000000       1.000000       1.000000       1.000000       1.000000       1.000000       1.000000       1.000000       1.000000       1.000000       1.000000       1.000000       1.000000       1.000000       1.000000       1.000000       1.000000       1.000000       1.000000       1.000000       1.000000       1.000000       1.000000       1.000000       1.000000       1.000000       1.000000       1.000000       1.000000       1.000000       1.000000       1.000000       1.000000       1.000000       1.000000       1.000000       1.000000       1.000000       1.000000       1.000000       1.000000       1.000000       1.000000       1.000000       1.000000       1.000000
       -0.27600000000000002000
        0.04000000000000000000
       -0.24800000000000000000
        0.19200000000000000000
        0.29999999999999999000
        0.08400000000000001000
       -0.16600000000000001000
       -0.30399999999999999000
        0.03200000000000000000
        0.38200000000000001000
        0.10400000000000000000
       -0.21199999999999999000
       -0.06600000000000000000
        0.11200000000000000000
       -0.31600000000000000000
       -0.13000000000000000000
       -0.25000000000000000000
        0.26000000000000001000
        0.20999999999999999000
        0.30800000000000000000
       -0.39800000000000002000
       -0.15200000000000000000
       -0.06600000000000000000
       -0.02000000000000000000
       -0.20799999999999999000
       -0.06800000000000000000
        0.09400000000000000000
        0.14399999999999999000
        0.26600000000000001000
        0.26600000000000001000
        0.06200000000000000000
        0.26400000000000001000
       -0.22600000000000001000
        0.01800000000000000000
        0.22200000000000000000
       -0.22800000000000001000
       -0.25400000000000000000
       -0.26400000000000001000
       -0.32400000000000001000
       -0.23999999999999999000
       -0.25000000000000000000
        0.34799999999999998000
       -0.00800000000000000000
       -0.25200000000000000000
        0.41399999999999998000
       -0.00600000000000000000
       -0.35799999999999998000
       -0.01000000000000000000
       -0.27800000000000002000
       -0.04200000000000000000
        0.05600000000000000000
        0.35999999999999999000
       -0.19200000000000000000
       -0.33400000000000002000
       -0.32200000000000001000
       -0.09600000000000000000
        0.21400000000000000000
       -0.08599999999999999000
       -0.29999999999999999000
       -0.27400000000000002000
        0.35799999999999998000
       -0.28799999999999998000
       -0.12800000000000000000
        0.14599999999999999000
       -0.12200000000000000000
        0.21199999999999999000
       -0.40400000000000003000
       -0.01600000000000000000
        0.10199999999999999000
        0.15600000000000000000
       -0.36199999999999999000
        0.23599999999999999000
       -0.22600000000000001000
        0.30199999999999999000
        0.08599999999999999000
       -0.32800000000000001000
        0.09000000000000000000
       -0.06800000000000000000
       -0.28399999999999997000
       -0.21800000000000000000
       -0.12600000000000000000
        0.08599999999999999000
       -0.30199999999999999000
       -0.38400000000000001000
        0.34000000000000002000
        0.28399999999999997000
        0.03200000000000000000
       -0.23799999999999999000
       -0.19400000000000001000
       -0.06600000000000000000
       -0.05800000000000000000
       -0.01000000000000000000
        0.13600000000000001000
       -0.17799999999999999000
       -0.20200000000000001000
       -0.15400000000000000000
        0.04800000000000000000
        0.00400000000000000000
       -0.07000000000000001000
       -0.32000000000000001000
        0.16600000000000001000
       -0.36599999999999999000
       -0.13200000000000001000
       -0.23400000000000001000
       -0.37600000000000000000
       -0.26600000000000001000
        0.13800000000000001000
        0.24399999999999999000
        0.12200000000000000000
        0.04800000000000000000
        0.18600000000000000000
       -0.01600000000000000000
        0.39200000000000002000
        0.26400000000000001000
        0.33200000000000002000
        0.35999999999999999000
       -0.27400000000000002000
        0.24600000000000000000
        0.04200000000000000000
       -0.24800000000000000000
       -0.16800000000000001000
       -0.14799999999999999000
       -0.23999999999999999000
       -0.08000000000000000000
        0.04000000000000000000
       -0.08400000000000001000
        0.36199999999999999000
       -0.13400000000000001000
        0.29799999999999999000
       -0.22600000000000001000
        0.36199999999999999000
        0.17799999999999999000
        0.25000000000000000000
       -0.05800000000000000000
        0.28000000000000003000
       -0.19400000000000001000
        0.07800000000000000000
       -0.35199999999999998000
        0.26800000000000002000
       -0.04200000000000000000
        0.00200000000000000000
        0.10400000000000000000
       -0.26200000000000001000
        0.37600000000000000000
       -0.08200000000000000000
       -0.37800000000000000000
       -0.08000000000000000000
       -0.10800000000000000000
        0.35999999999999999000
       -0.19000000000000000000
        0.09800000000000000000
       -0.26400000000000001000
        0.19000000000000000000
       -0.18200000000000000000
        0.06200000000000000000
        0.08000000000000000000
       -0.01600000000000000000
       -0.16800000000000001000
       -0.15600000000000000000
       -0.07600000000000000000
       -0.09400000000000000000
        0.20999999999999999000
        0.31200000000000000000
        0.04400000000000000000
        0.32400000000000001000
       -0.12000000000000000000
       -0.25600000000000001000
       -0.17199999999999999000
       -0.01800000000000000000
        0.16000000000000000000
        0.16000000000000000000
       -0.07800000000000000000
        0.37400000000000000000
        0.39400000000000002000
       -0.14799999999999999000
        0.21199999999999999000
        0.45600000000000002000
        0.00200000000000000000
        0.38400000000000001000
        0.12000000000000000000
       -0.30399999999999999000
        0.14999999999999999000
        0.35599999999999998000
       -0.01000000000000000000
       -0.20799999999999999000
       -0.09200000000000000000
       -0.32200000000000001000
       -0.19800000000000001000
        0.13200000000000001000
       -0.08000000000000000000
       -0.10600000000000000000
       -0.25400000000000000000
       -0.19000000000000000000
       -0.09000000000000000000
       -0.11600000000000001000
        0.09200000000000000000
       -0.27400000000000002000
        0.19200000000000000000
        0.12600000000000000000
       -0.07400000000000000000
        0.23999999999999999000
       -0.30199999999999999000
       -0.14399999999999999000
       -0.14199999999999999000
       -0.26800000000000002000
        0.12200000000000000000
       -0.38600000000000001000
        0.17999999999999999000
       -0.29799999999999999000
        0.37800000000000000000
       -0.39400000000000002000
        0.37000000000000000000
       -0.14999999999999999000
        0.14599999999999999000
       -0.06800000000000000000
        0.39800000000000002000
        0.37400000000000000000
        0.30599999999999999000
        0.26800000000000002000
        0.39600000000000002000
        0.14799999999999999000
        0.06000000000000000000
       -0.08400000000000001000
       -0.12800000000000000000
        0.21400000000000000000
        0.19000000000000000000
       -0.05600000000000000000
        0.15200000000000000000
       -0.14799999999999999000
        0.24600000000000000000
       -0.25600000000000001000
       -0.25600000000000001000
       -0.17799999999999999000
       -0.19400000000000001000
       -0.23599999999999999000
       -0.30599999999999999000
        0.04400000000000000000
       -0.19400000000000001000
       -0.08400000000000001000
        0.22800000000000001000
       -0.03600000000000000000
       -0.00200000000000000000
        0.29399999999999998000
       -0.05600000000000000000
       -0.39800000000000002000
        0.39400000000000002000
        0.10800000000000000000
       -0.33800000000000002000
        0.13800000000000001000
        0.31200000000000000000
       -0.19000000000000000000
        0.33800000000000002000
       -0.16200000000000001000
       -0.22800000000000001000
        0.28399999999999997000
        0.05600000000000000000
       -0.21800000000000000000
        0.27400000000000002000
       -0.28000000000000003000
       -0.13400000000000001000
       -0.38600000000000001000
       -0.30599999999999999000
        0.03800000000000000000
       -0.15800000000000000000
       -0.30399999999999999000
        0.08200000000000000000
       -0.14999999999999999000
        0.38000000000000000000
        0.33600000000000002000
       -0.32200000000000001000
        0.20799999999999999000
        0.31400000000000000000
        0.04800000000000000000
        0.05400000000000000000
        0.08000000000000000000
       -0.31200000000000000000
       -0.00800000000000000000
        0.00600000000000000000
        0.32600000000000001000
        0.09600000000000000000
        0.14199999999999999000
       -0.06800000000000000000
       -0.14799999999999999000
       -0.31800000000000000000
        0.24800000000000000000
        0.39600000000000002000
       -0.08799999999999999000
        0.01400000000000000000
       -0.35599999999999998000
       -0.29999999999999999000
        0.00200000000000000000
        0.28999999999999998000
        0.18400000000000000000
       -0.10000000000000001000
       -0.29399999999999998000
        0.31800000000000000000
       -0.06200000000000000000
        0.25200000000000000000
       -0.34999999999999998000
       -0.12800000000000000000
       -0.10400000000000000000
       -0.32200000000000001000
        0.10400000000000000000
       -0.38800000000000001000
       -0.28999999999999998000
       -0.36199999999999999000
        0.11600000000000001000
       -0.33600000000000002000
        0.40799999999999997000
       -0.05000000000000000000
       -0.20999999999999999000
       -0.37800000000000000000
        0.31600000000000000000
       -0.10800000000000000000
       -0.09400000000000000000
        0.28999999999999998000
        0.16800000000000001000
       -0.28799999999999998000
        0.34799999999999998000
       -0.32800000000000001000
        0.19000000000000000000
       -0.08200000000000000000
       -0.05400000000000000000
       -0.11000000000000000000
        0.19800000000000001000
       -0.05800000000000000000
       -0.36599999999999999000
        0.30399999999999999000
       -0.07800000000000000000
        0.03800000000000000000
       -0.18200000000000000000
        0.08400000000000001000
       -0.12600000000000000000
        0.26400000000000001000
        0.18400000000000000000
       -0.29599999999999999000
        0.37600000000000000000
       -0.24199999999999999000
       -0.32800000000000001000
       -0.11799999999999999000
       -0.23000000000000001000
       -0.08799999999999999000
       -0.13000000000000000000
       -0.22000000000000000000
        0.24199999999999999000
        0.02400000000000000000
       -0.14999999999999999000
        0.23799999999999999000
        0.28199999999999997000
       -0.16600000000000001000
       -0.00200000000000000000
        0.27200000000000002000
        0.33600000000000002000
        0.07199999999999999000
        0.26800000000000002000
        0.14599999999999999000
       -0.24600000000000000000
       -0.19200000000000000000
       -0.33000000000000002000
        0.14399999999999999000
       -0.27200000000000002000
        0.08000000000000000000
       -0.07800000000000000000
        0.16600000000000001000
        0.08400000000000001000
        0.00200000000000000000
        0.38400000000000001000
       -0.20999999999999999000
        0.32600000000000001000
        0.13400000000000001000
       -0.34799999999999998000
        0.32400000000000001000
       -0.24600000000000000000
       -0.21400000000000000000
        0.11600000000000001000
        0.02800000000000000000
       -0.02800000000000000000
        0.08000000000000000000
       -0.08000000000000000000
        0.21600000000000000000
       -0.06600000000000000000
        0.18400000000000000000
       -0.10000000000000001000
        0.06800000000000000000
       -0.40000000000000002000
       -0.29799999999999999000
        0.04400000000000000000
       -0.05200000000000000000
       -0.38600000000000001000
       -0.39800000000000002000
        0.22600000000000001000
       -0.20599999999999999000
       -0.16400000000000001000
       -0.11400000000000000000
       -0.33000000000000002000
        0.34599999999999997000
       -0.24800000000000000000
        0.09200000000000000000
        0.00800000000000000000
       -0.12600000000000000000
        0.30599999999999999000
       -0.00400000000000000000
        0.11000000000000000000
       -0.01000000000000000000
       -0.03200000000000000000
       -0.22000000000000000000
       -0.24800000000000000000
       -0.20200000000000001000
        0.01600000000000000000
       -0.28399999999999997000
       -0.08400000000000001000
        0.32400000000000001000
        0.32800000000000001000
       -0.10000000000000001000
       -0.36399999999999999000
       -0.32600000000000001000
        0.35999999999999999000
       -0.27000000000000002000
       -0.10600000000000000000
       -0.10000000000000001000
        0.39600000000000002000
        0.34000000000000002000
       -0.12400000000000000000
       -0.37600000000000000000
        0.38800000000000001000
       -0.32800000000000001000
        0.08000000000000000000
       -0.31200000000000000000
        0.16800000000000001000
        0.17199999999999999000
        0.12000000000000000000
       -0.01600000000000000000
        0.32800000000000001000
       -0.31000000000000000000
        0.27000000000000002000
        0.09000000000000000000
       -0.03200000000000000000
        0.36599999999999999000
        0.30199999999999999000
       -0.00400000000000000000
       -0.31000000000000000000
        0.02600000000000000000
        0.00200000000000000000
        0.08000000000000000000
       -0.26000000000000001000
        0.23200000000000001000
       -0.24600000000000000000
       -0.28000000000000003000
       -0.01400000000000000000
       -0.12000000000000000000
       -0.31400000000000000000
        0.03000000000000000000
        0.19000000000000000000
       -0.05400000000000000000
        0.15800000000000000000
       -0.38800000000000001000
        0.39000000000000001000
        0.36399999999999999000
        0.09800000000000000000
       -0.38800000000000001000
        0.18200000000000000000
        0.30199999999999999000
        0.43200000000000000000
        0.03600000000000000000
       -0.33800000000000002000
       -0.12600000000000000000
        0.11799999999999999000
        0.04800000000000000000
       -0.03200000000000000000
       -0.27400000000000002000
       -0.23799999999999999000
       -0.10199999999999999000
       -0.18600000000000000000
       -0.06600000000000000000
       -0.09600000000000000000
        0.00600000000000000000
       -0.10400000000000000000
       -0.26000000000000001000
        0.16000000000000000000
        0.04400000000000000000
       -0.01400000000000000000
       -0.03600000000000000000
       -0.07800000000000000000
        0.35399999999999998000
        0.17999999999999999000
       -0.08599999999999999000
       -0.03400000000000000000
        0.15600000000000000000
        0.11200000000000000000
       -0.39600000000000002000
       -0.17000000000000001000
        0.14999999999999999000
       -0.09400000000000000000
       -0.22000000000000000000
       -0.32400000000000001000
       -0.38000000000000000000
        0.04200000000000000000
       -0.08599999999999999000
       -0.40000000000000002000
       -0.10199999999999999000
        0.05000000000000000000
        0.16000000000000000000
       -0.09000000000000000000
       -0.09200000000000000000
       -0.29799999999999999000
        0.20000000000000001000
       -0.84551286283419624000        1.24272404835064676000       -1.11450979793465899000       -1.88314795758086850000        2.03474098999005726000        1.90780976612250819000       -1.57618371214627295000        2.57313445332810575000        0.05724452239079730000        0.62896273231293576000       -5.83364250042567978000        0.40500621994827596000       -0.79606057362147920000        0.82092337766690371000        0.29526721043481641000        0.93825641405615778000        0.98563604586502485000        5.33112682842646546000       -0.29168692617610581000       -0.17931150641657376000       -0.93976332093485349000        2.05033774622161991000       -1.93519770511739564000       -1.37722504813750568000        0.24398490799430336000        2.41217607627971287000       -0.11957530063215939000       -2.33782075139950596000        2.32552104990456021000        2.98738245279924985000       -1.99980186851879904000        2.98285399364476023000        1.50378495201523799000        0.94007964340591854000       -8.18181525384833641000        0.58262037965843150000       -0.97589832287171552000        2.88799600743860951000        0.56426946813059020000        1.46771395023078677000        1.56930945372433217000        2.68853931611194419000       -0.38259283964508728000        0.01918244857875149000       -1.11651288580500618000        1.16136980363573250000       -0.34692348083899688000       -1.72330494534810019000        0.43216479099475313000        2.32401509716229393000        1.54862865346899525000       -2.48478647066135450000        2.37467881882791998000        2.93089594634632711000       -1.86361046363666261000        2.33129519933055507000        0.64353743764915117000        0.47840092996769717000       -6.69040487151224017000        0.08264353695875502000       -0.63726337408628808000        3.33188061527437229000       -0.26832233845986392000        1.50995988555820748000        1.39848438164493438000        0.60344668662428913000       -0.44382161457618247000        0.19135059314582115000       -0.76857194227522374000       -0.81690743522423093000        0.65007660015096380000       -0.63689400491425208000        0.44479426773311620000        1.06025783002154061000        2.27308016531562229000       -2.18627330845108725000        2.08284542414267060000        2.22269917233984948000       -1.81500436507875396000        1.44405355420113901000       -1.03336691444429518000        0.55862738040530546000       -4.62316729879855437000       -0.14195985361417493000       -0.41835647869389525000        2.78956588131490513000       -0.57908435035576988000        1.33407440294967872000        0.99624261857458030000        1.44367895651447054000       -0.18826731662179308000        0.58656615848940363000       -1.48797201611513974000       -1.90541994919944857000        0.34256392649337536000        0.09028050779265563000        0.42356503335971690000        0.66038092510563418000        2.35381367314907930000       -1.83415792078090578000        1.65728209330985665000        2.08883401894099086000       -1.43486530404460444000        0.96668020958606904000       -0.98759117207532432000        0.46736021852519188000       -3.03949151073872281000       -0.36288150197683278000        0.54140262199611988000        2.89488858395779980000       -1.07918867275708963000        1.26057278328162514000        1.01910902910848633000       -0.13384802159637951000       -0.53991600553990360000        0.12074054865994321000       -1.45593148644070181000       -1.70069216651535227000        0.86970657197151069000        0.19036810125080267000        0.75095920602999555000        1.49174345585041479000        1.16657993696505446000       -1.12462289481416988000        1.03225744781834905000        1.89888294501883514000       -2.10805106966340583000        1.39884085451417617000        0.39503540075471827000        0.64913821019018059000       -3.85560595368329828000       -0.37037605079791558000        0.98161125115503556000        3.07495717859266815000       -1.55912883734019991000        0.09702141576378796000        0.00513085101021224000       -2.03426546962616817000        0.36441891692587336000       -0.35754146859928593000        0.00003319992418490000       -0.92919807245758979000        2.63683572678431677000        1.24072111351783487000        0.92844254329334053000        2.76186383347543529000        0.50221550675602034000       -1.37661945183522128000        0.77680478481267912000        1.82972996141514477000       -2.51594497385432891000        2.40896869303559225000        1.50426726527004839000        0.86483062780231235000       -5.15648088291337192000       -0.28665188706151590000        0.91926173444560666000        3.58034628357377072000       -1.48799601511113488000        0.01600141283316194000        0.32645720263781719000       -2.23700127556027528000        1.04939834711050395000       -0.09638180937134519000        0.63912761788246808000       -0.36718595623538564000        3.17896788799690588000        1.17723654883752604000        1.24572161373573898000        3.19058640303948060000        0.87839736271578406000       -1.44360609396452033000        0.38381743505094473000        1.34420033911263803000       -2.27343791672968543000        2.58440184419379548000        2.58430309822328352000        1.06318988764500721000       -4.98268659192229890000       -0.55724552871202249000        1.73327240026080176000        4.03277619790838404000       -1.35482112368988350000        0.23247255822470844000        0.41758530077729344000       -3.60609645320777927000        1.20441890598408929000        0.17418065215735112000        0.72777668893739289000       -0.59065833098551257000        3.93975141879113089000        1.06474176025745693000        1.90723701474565654000        1.56850514038729383000        3.64811585801603266000       -1.32959523322099704000        0.59513730319790403000        1.19782717187956478000       -1.39659494414461594000        1.89222055332837780000        3.06448908311890555000        0.42594953840884903000       -2.48491552955673001000       -0.99062889290695533000        3.15170818935217145000        4.20909582492171452000       -2.52259947951058683000       -0.43462871585933849000       -0.42843574761582243000       -6.71485981312470415000        0.78361933175985099000       -0.51813557522682108000        1.30879918877221058000       -2.85896597825884147000        4.34383493124107201000        1.85157978401286205000        2.26301360203746471000        1.09633423503878280000        4.87339418013453241000       -1.71595410851886920000        0.90507454547914035000        0.68719939399621321000       -1.59313507256170150000        2.11694354368934601000        3.14551125294324052000        0.26842638500554117000       -1.22818228739745350000       -1.18064274270711822000        3.58704757611300540000        4.18450576304402855000       -3.77212123489710072000       -0.74061628641281496000       -0.63882340443955254000       -7.59234863728386511000        1.27013202911022738000       -0.48961945657744554000        1.20562785202101130000       -4.16244223643429745000        4.48760428407166589000        2.58434114239740120000        1.88503416974901539000        1.18450544841380490000        3.73347904254166618000       -1.33007550456601820000        0.48458482176284295000        0.34328784218471053000       -2.19008397547230205000        2.36300276851863122000        3.20655020219409348000        0.39124802065433606000       -0.88851752677606788000       -0.83814112217501202000        3.17394996550479247000        3.79777456348230524000       -2.92266489013889519000       -0.65061901329158311000       -0.16693828257349086000       -6.43731473542042476000        1.34497010133590322000       -0.13107911473789721000        1.24729624956074714000       -3.29597491996857173000        3.91573676219695521000        2.07742252773907987000        1.19793635686711109000        1.53577931203242635000        2.22548474953069286000       -1.10370850730806325000        0.42017689845960737000        0.50270270111707793000       -1.94366147958246005000        2.41165862771522654000        2.65088225984001369000        0.24537079627855951000       -0.84883188463956283000       -0.36599349947913717000        2.64297188952264461000        2.97454588078269877000       -2.09273057870807300000       -0.33499586438011120000        0.40141422420314538000       -5.29425562641983838000        0.83314526179119719000       -0.17686199457966442000        1.35817098472069553000       -1.60993750603594643000        3.37300389758460417000        1.19437237353636050000        0.73797295029032095000        2.09579946757950708000        1.00113091571539403000       -0.97586334458549528000        0.61070905706711986000        0.52915151154348805000       -2.11142177796868280000        2.11155362799157054000        1.34003824126624860000        0.58908921512626111000       -1.59524907744307542000        0.40377983578977811000        1.32349619769343385000        2.40220645275059397000       -2.27014559306740704000       -0.46709469179129176000       -0.13655614545047062000       -3.97037633341119189000        1.27253315262499123000        0.32131803952990273000        1.51980418085626723000       -0.82284201913593191000        3.11772674864227417000        1.64991789950137036000        0.18776160331050409000        3.64852203458017188000       -0.60447543595629716000       -0.99774098928078647000        0.61984289972815110000        0.95818056847293831000       -2.99421477395652857000        2.53716075949148223000        0.98062604283529697000        0.87626259227027681000       -3.51297760955381122000        1.06544018714789202000       -0.06940554062377526000        2.50558838756573321000       -1.81540948413297953000       -0.45800231981591705000        0.15592108277467279000       -2.74631395353176710000        1.79487477323582612000        1.13760096353484275000        1.86320803624581433000        0.72358314158540937000        3.11743696039294615000        1.41938354577923853000        0.04675247250433159000        4.36202982163685959000       -1.01505789993569695000       -1.10646352476293397000        0.58512429218801443000        1.28738167013355942000       -3.57512426182629239000        2.62610245497262396000        1.46579354274394702000        0.73268148106492048000       -4.52251204453009681000        1.18672573866255537000       -0.50861323062933617000        2.58682736913740419000       -1.00567905997168316000       -0.35259031760028242000        0.31193977371072090000       -2.81011720432991030000        1.60781292347272053000        1.35690634599860260000        2.08313379360086426000        1.15231254352459800000        3.57847517667390491000        0.96211053710631489000        0.07851605593220867000        3.40682201608376678000       -0.66408520591029907000       -0.94336363327913475000        0.80403994421599800000        1.32370354935935786000       -3.00943341512779572000        2.31148490680871532000        1.69587386857078837000        0.39167122077231115000       -4.51652204031184645000        1.36494668468092439000       -0.84686273261587430000        2.20605048011994587000       -0.12957953454302587000        0.19093172795716168000       -0.12763916025103395000       -2.64702565501237119000        1.00379524676940668000        1.35493125847639861000        1.34219497398344068000        1.21139004874069167000        2.84184295668356590000        0.22753991194799819000        0.47172971748552772000        2.17358055934163774000       -0.02783071155598837000       -0.98637659308005621000        1.04424846673622551000        1.24235194230064616000       -2.98544295432115403000        2.29359853726009311000        2.24533329537085491000        0.25825328646222850000       -3.65106018012977040000        1.58309778982304694000       -0.81674510413005663000        2.08204668713395114000       -0.24150203213175139000       -0.15654971998528761000       -0.53921766526319781000       -2.74765107169368639000        0.96475809925481082000        1.29605449637235859000        1.11388333383137583000        0.99914852080433503000        1.96656659032417092000        0.00180814992787147000        0.42250354582131128000        0.77000253274966213000        0.46867639740359812000       -0.97643182730624445000        0.82259539399582493000        0.98709127301025856000       -2.59619118637788660000        1.99104245752215525000        1.85278065182164209000       -0.27654227573045620000       -1.93816084942652145000        1.51527244628198909000       -0.82264529346254756000        2.01940241088213934000       -0.31185805229563029000        0.05864011080760069000       -0.85641483016154385000       -2.49086213818716118000        0.22271190606706631000        1.47793303574292034000        0.81769087669141993000        0.60554923411233619000        1.36558117856067618000       -0.17160996902168388000        0.14841290481720432000        0.95006482611505361000        0.67617674663107441000       -1.19746341435646997000        0.54366900396228324000        0.79488926598843224000       -2.49128423297516211000        2.26697602389083031000        1.15145994395303397000       -0.64026053561182716000       -1.45465013857753456000        0.90329628650983007000       -0.68929446487323742000        2.38434273694511401000       -0.99870511179924437000        0.74354393006858799000       -0.37607837619843854000       -2.30322130391559599000       -0.19017810892812617000        1.34212286062642772000        0.67819425653242027000        0.02862503021554644000        1.74620175978389947000        0.19703931249981660000        0.08506018903372957000        0.23656393448880800000        1.18476538111800744000       -1.29847559432768778000        1.10288177775024643000        0.90714879380973668000       -2.42858509335242179000        2.56187640070653622000        0.13992471665651479000       -1.07148055562313504000       -2.04078601167991369000        1.04351957755799929000       -1.71423139191787244000        2.10609616431031377000       -0.95174529286819676000        1.08719244369761769000       -0.58479229155807932000       -0.80898922986184807000       -0.13701964181474477000        1.55258427612966465000        0.31650318387159193000       -0.61400540555301808000        0.83855802702350135000        0.41497539631545305000        0.68775214058400891000       -0.28751583901829625000        1.97541118885214328000       -1.39310424636431751000        1.45117728430268045000        1.26955732797488463000       -2.11766864205807703000        2.45424354737861172000        0.73231443354185699000       -0.86534602811880124000       -2.60714895333361696000        1.24104923609422846000       -1.60012875121166709000        2.44514950086610794000       -0.52958657736816417000        1.18353907350505128000       -0.36854471099514036000       -0.75663490135033906000       -0.38738986886979293000        1.45964171554648559000       -0.27061211828857196000       -0.73540026508828449000        0.06947210325931955000       -0.26457801253582280000        0.72506285803130466000       -0.43162299230085016000        1.77054361009333028000       -1.13240434081423658000        1.32411432839104837000        1.48328915276023321000       -2.02629870158490144000        2.42036010319541450000        1.80242182490963709000       -0.68642126048013341000       -2.57367856891257851000        1.67783031046944342000       -1.42159749477349839000        2.89555302845865814000        0.09394590102430282000        1.13416071857044898000       -0.40653835876102157000       -1.67504047018459801000       -0.75949869640772338000        1.34668625623169347000        0.23728415421465787000       -0.47260433056245871000        0.05498706090946767000       -0.82747703953463336000        1.07719816128046375000        0.19948453887278683000        1.28374307102644680000       -1.00838176503580712000        1.20897988209182072000        1.52910343690636097000       -2.10517251300916142000        2.71013758126379489000        2.53168593530930020000       -0.13524736742204785000       -3.72733366756289986000        1.73806937513227067000       -0.96356892257643667000        3.17092396856862591000        0.02629193280484847000        0.81014228290214652000       -0.14513507284982352000       -1.47176155725773139000       -0.40564895856002670000        1.12215132419325725000        0.33843093263268303000        0.32093325250137189000        0.18333880439740127000       -0.94794765311734741000        1.72728850364159570000        0.24970312255065794000        1.69070055822617116000       -1.11910589160397000000        1.53975554626271438000        1.79323808166518917000       -1.88664536824908047000        2.93898425912467465000        3.46198377748546005000        0.13868824019510462000       -4.91386186289047977000        1.70645779298879763000       -0.49932113969358749000        3.65640713038985377000        0.17354382617071459000        0.97503869294168222000        0.36097982954966751000       -1.28146688799791519000       -0.29782580074635451000        0.85687723299505181000        0.03835193605978143000        0.70189845933996153000       -0.54700200471208305000       -1.40822203217343556000        1.71491682613543794000        0.53287415667762172000        1.78853271558533411000       -0.92781638434583147000        1.58401682322153992000        2.02524488007563708000       -1.95967771149106240000        2.85923553917886197000        3.27311137385921791000        0.30908878848498744000       -5.94972048306007917000        1.66823142900571586000       -0.63855711049927266000        4.22996729726691800000        0.50474451271142906000        1.49130148417550901000        0.23203080913089927000       -1.32907062526422592000       -0.30298834790142276000        0.82221440325828443000       -0.02231946780202075000        0.11107572577337997000       -0.12294959865863271000       -1.06563928767048322000        1.74667478958144140000        1.06904939123739307000        2.42275609429892436000       -1.27051202758578019000        1.79362432746849643000        2.35779281899628979000       -1.89230795183495193000        3.25952168615099547000        3.65432006746952576000       -0.06445120654796888000       -6.42251854346835493000        1.02390328843735912000       -0.23454123256356532000        4.93153183834237385000        0.27930104462525401000        2.24330272727332547000        0.97036749702078950000       -2.42774996002957133000       -0.57803136303664926000        0.25912539503588172000       -0.09404264954876046000       -0.42169566881058279000        0.31819000110391732000       -1.07248141487647120000        1.31533820645307720000        0.83731319143169225000        2.58547982880796434000       -1.50357605288077356000        1.84777427217721257000        2.57380816313313643000       -2.50987706904508467000        3.55718416141698546000        3.44040227175713964000       -0.72260062290195148000       -5.25400666716536335000        0.64474142703317017000       -0.38814316380993957000        4.85388828134004147000        0.27879955851888216000        2.53806077726856127000        1.95742657638073902000       -2.52044079961369016000       -0.88744348360628778000       -0.07274436332604570000       -0.11311071310792767000       -0.42663015140040511000       -0.11091459578551449000       -1.44670834064653975000        0.77774252906375496000        0.72486632077674906000        1.47225253690759916000       -1.14025540929795177000        1.17275014638783026000        2.30616031346205874000       -2.78500784823385228000        3.39146391746732245000        2.49169785113630038000       -0.97929734279669234000       -3.64867288011674651000        0.74746500435021046000       -0.84660553912230863000        4.15673637164323040000        0.69251101418440830000        2.31516805867211373000        2.16307588426233099000       -1.78427941423366776000       -0.86087934781459574000        0.24177862643394890000        0.25110299063773528000        0.46011910898646946000       -0.37477398365157055000       -1.57810887759990326000        0.44041985879672918000        0.37284685778956073000        0.96219130780083872000       -0.87069091698291745000        0.38164371470397462000        1.62150133130040452000       -2.33153731097716399000        2.81342245987203832000        1.63629942143115326000       -1.25867729131016470000       -1.65189347628019001000        0.36687309771795507000       -0.54722912893537656000        3.51540776911993236000        0.97087508561790836000        2.74836518247495576000        1.95932262359971077000       -1.48664517653980566000       -1.32021242060637256000        0.07151006643290553000        0.56159782124221835000        0.26622322666397924000       -0.32379036641476827000       -1.22904786334690774000        0.51505857043616687000        0.32831490479004877000        1.20488684426658832000       -0.45987781698346714000       -0.02455881179254057000        1.27545100108414511000       -1.63760937944265117000        2.35789331634676058000        1.81334936894232523000       -1.29151789983313825000       -0.85284333602645968000        0.25827470309262446000       -0.19684503602371464000        3.10731495526742352000        0.93928074177726917000        2.78495592188969443000        1.53227959063309171000       -1.92476250809026328000       -1.43584235519821224000       -0.15670358215202645000        0.99647857989821675000        0.35509477554434987000       -0.79699986128838607000       -1.02936701317177937000        1.04282010587618945000        0.61111700803889102000        1.56653263685646515000       -0.18919429174818000000        0.02312490025589582000        1.39134886312426276000       -1.78720518254686134000        2.18273742261644044000        3.00714472028534807000       -0.97078090273592721000       -1.36727221607842386000        0.70821311822037902000       -0.12614880324685129000        2.84679363072048641000        1.23072028674881584000        1.83206086966139070000        0.81282280221528291000       -3.05793366106915210000       -0.93503678210488583000       -0.28197338508468972000        1.69723857936175726000        0.49952821443057249000       -0.69420183144536030000       -1.04595934098746457000        1.30177904532117039000        0.05437013186777458000        2.82729371570678101000       -0.73501014225207140000        0.57976320391842695000        1.17452663678182234000       -2.20170117070092575000        2.13349134847214517000        3.67974183645746322000       -1.36261679937009661000       -0.63997068237332344000        0.23678430826552915000        0.38716506794830902000        2.72766744308468700000        1.00714059291439417000        1.21354007606701764000        0.11644886870799742000       -4.38934595642729608000       -0.78964900398106064000       -0.44563422915267287000        1.78106860259655342000       -0.87938148312593667000        0.03604867245869991000       -0.68702598061916531000        1.56658279072270146000       -1.41643152348969248000        3.62152601615101632000       -0.57570904957472913000        0.60926013234128429000        0.90939037260137712000       -1.86604779513150043000        1.64544413235496401000        4.13374331982375143000       -1.37869943320236210000        0.53298349622516938000        0.37847975153939539000        0.82696532146031276000        2.36032706508047330000        1.21780160335085919000        1.03261045342473001000       -0.48873022255731491000       -4.71625342150863602000       -1.07655573598133181000       -0.84770087710922837000        1.18714423484822218000       -1.41723096934792192000       -0.52948082346573566000       -1.05776109014145003000        1.23822673835311092000       -2.46187808288850674000        2.85817113538441570000        0.06364633119187643000        0.45312523471544286000        0.95857512238435916000       -1.09260107840848741000        1.42906837903508444000        3.60175086192038441000       -1.48409834797015283000        0.94098599227976643000        1.28483676271623337000        0.17451913599019914000        1.73504699391873807000        2.17794525200980393000        1.05269709466464190000       -0.81429693421375482000       -3.63630375019372210000       -1.58807544563316316000       -0.77964017749403280000        0.98809893173777552000       -0.47963171593249676000       -1.63128625020274987000       -1.89778519907629306000        1.33068053566579136000       -3.18991587687163669000        2.29742491805654225000        0.86207776533547198000        0.18954966046013824000        1.23103979666357310000       -0.18443720841704056000        0.72843131115150528000        2.68253495515932006000       -1.14415627611517245000        0.63493939969245372000        2.44248422986237124000       -0.84448203249448872000        1.44650954681589106000        2.88611272964339527000        0.89498756272505153000       -1.61495252355973129000       -2.73491621172381594000       -1.87692987256226784000       -0.67998143269664169000        1.16588016537415751000       -0.01536678917618924000       -2.54781284193588098000       -2.09014683212178642000        1.25376635817834092000       -2.41768725445627908000        1.26988744388875641000        0.90071646119050663000        0.43615200801981530000        1.65413753573595623000       -0.25989342767823720000        1.06065725897009711000        2.26397626740293623000       -0.97229154725024192000       -1.06969761038286970000        3.19734955549516409000       -2.00007370232177895000        1.74290529261105354000        3.39300116296179821000        1.00696140665494216000       -1.48660708326638735000       -1.68328621398120748000       -1.60266562039263349000       -0.11963390977637384000        1.73947763339834105000        0.66506609886787649000       -2.94634981296253917000       -2.05855063509768144000