 7         6        30         1         7
        0.00    0
       1.000000       1.000000       1.000000       0.999000      45.487300      15.600000      50.172000
      -1.000000      -1.000000      -1.000000      -1.000000       7.975800       1.580000       0.125560
        0.34200000000000003000
       -0.01200000000000000000
       -0.34999999999999998000
        0.09400000000000000000
       -0.06400000000000000000
        0.22200000000000000000
        0.13000000000000000000
        0.09400000000000000000
       -0.09000000000000000000
        0.00200000000000000000
       -0.02600000000000000000
       -0.17399999999999999000
        0.20200000000000001000
        0.10800000000000000000
        0.04200000000000000000
       -0.13000000000000000000
        0.22600000000000001000
       -0.00400000000000000000
       -0.27200000000000002000
        0.15400000000000000000
        0.35799999999999998000
       -0.20399999999999999000
        0.02000000000000000000
       -0.09200000000000000000
        0.28000000000000003000
       -0.02000000000000000000
       -0.35399999999999998000
        0.01200000000000000000
        0.16400000000000001000
       -0.38000000000000000000
       -0.25600000000000001000
       -0.12000000000000000000
        0.04200000000000000000
       -0.03600000000000000000
       -0.17000000000000001000
       -0.37400000000000000000
        0.11000000000000000000
       -0.39200000000000002000
        0.03200000000000000000
        0.02200000000000000000
       -0.15800000000000000000
       -0.07400000000000000000
        0.01400000000000000000
        0.22200000000000000000
       -0.05800000000000000000
        0.10800000000000000000
        0.33400000000000002000
       -0.23599999999999999000
       -0.20399999999999999000
        0.04600000000000000000
        0.27200000000000002000
        0.38800000000000001000
       -0.36799999999999999000
        0.24800000000000000000
       -0.13400000000000001000
        0.22000000000000000000
        0.31400000000000000000
        0.00800000000000000000
       -0.21800000000000000000
        0.26200000000000001000
       -0.39800000000000002000
       -0.14000000000000001000
       -0.00800000000000000000
        0.10199999999999999000
       -0.34200000000000003000
       -0.04000000000000000000
        0.03200000000000000000
        0.00600000000000000000
        0.19400000000000001000
        0.04000000000000000000
       -0.13600000000000001000
        0.31600000000000000000
       -0.44000000000000000000
       -0.06400000000000000000
       -0.31400000000000000000
       -0.30399999999999999000
       -0.40000000000000002000
       -0.03000000000000000000
       -0.28799999999999998000
        0.37400000000000000000
       -0.08400000000000001000
       -0.06000000000000000000
        0.29199999999999998000
       -0.11600000000000001000
       -0.16600000000000001000
        0.38200000000000001000
       -0.23200000000000001000
        0.28999999999999998000
       -0.47599999999999998000
        0.09800000000000000000
       -0.35599999999999998000
        0.39800000000000002000
       -0.05000000000000000000
        0.08000000000000000000
       -0.33600000000000002000
       -0.09800000000000000000
       -0.09600000000000000000
        0.06400000000000000000
       -0.00800000000000000000
       -0.19600000000000001000
       -0.27800000000000002000
       -0.09600000000000000000
       -0.13800000000000001000
       -0.34999999999999998000
        0.16400000000000001000
       -0.10000000000000001000
       -0.09600000000000000000
        0.30399999999999999000
        0.16400000000000001000
       -0.25600000000000001000
        0.33600000000000002000
       -0.38800000000000001000
       -0.06000000000000000000
        0.00000000000000000000
        0.17799999999999999000
       -0.31000000000000000000
        0.10400000000000000000
       -0.18600000000000000000
       -0.28000000000000003000
       -0.02400000000000000000
        0.39000000000000001000
       -0.09800000000000000000
       -0.20000000000000001000
       -0.04200000000000000000
        0.00600000000000000000
       -0.23599999999999999000
       -0.31600000000000000000
       -0.22600000000000001000
        0.26400000000000001000
       -0.06400000000000000000
        0.35399999999999998000
       -0.25000000000000000000
        0.24800000000000000000
       -0.34999999999999998000
        0.17000000000000001000
        0.26600000000000001000
        0.01000000000000000000
       -0.04400000000000000000
       -0.30800000000000000000
        0.26600000000000001000
        0.23999999999999999000
        0.34799999999999998000
       -0.11600000000000001000
        0.15800000000000000000
       -0.02200000000000000000
       -0.08000000000000000000
       -0.36799999999999999000
       -0.17799999999999999000
        0.00000000000000000000
        0.22600000000000001000
       -0.37400000000000000000
        0.29399999999999998000
       -0.34399999999999997000
       -0.06000000000000000000
       -0.27200000000000002000
        0.24399999999999999000
        0.17999999999999999000
        0.05800000000000000000
       -0.32000000000000001000
        0.17999999999999999000
       -0.01600000000000000000
       -0.00200000000000000000
        0.28000000000000003000
        0.33400000000000002000
       -0.26800000000000002000
        0.18800000000000000000
        0.05000000000000000000
       -0.04000000000000000000
       -0.27200000000000002000
       -0.09600000000000000000
        0.18600000000000000000
        0.36799999999999999000
        0.04200000000000000000
        0.35799999999999998000
        0.34200000000000003000
       -0.14599999999999999000
       -0.08400000000000001000
       -0.04800000000000000000
        0.07000000000000001000
        0.05000000000000000000
        0.29199999999999998000
       -0.23799999999999999000
        0.10000000000000001000
        0.23000000000000001000
        0.33200000000000002000
       -0.00200000000000000000
        0.22400000000000000000
        0.32200000000000001000
        0.09200000000000000000
       -0.23000000000000001000
       -0.40000000000000002000
       -0.06000000000000000000
        0.08000000000000000000
        0.03600000000000000000
       -0.16400000000000001000
        0.21400000000000000000
       -0.25000000000000000000
       -0.30399999999999999000
        0.27600000000000002000
        0.09800000000000000000
        0.20999999999999999000
        0.01400000000000000000
       -0.16400000000000001000
       -0.04800000000000000000
       -0.20200000000000001000
        0.01400000000000000000
        0.01000000000000000000
       -0.29799999999999999000
        0.39600000000000002000
       -0.08200000000000000000
       -0.18200000000000000000
       -0.09000000000000000000
       -0.24199999999999999000
        0.22600000000000001000
        0.07199999999999999000
       -0.07400000000000000000
       -0.31000000000000000000
       -0.07600000000000000000
        0.19400000000000001000
        0.21600000000000000000
        0.17599999999999999000
        0.17199999999999999000
       -0.30199999999999999000
        0.24199999999999999000
        0.33000000000000002000
        0.01000000000000000000
        0.00800000000000000000
        0.20599999999999999000
       -0.11200000000000000000
        0.00800000000000000000
       -0.07000000000000001000
        0.00200000000000000000
       -0.38600000000000001000
        0.01800000000000000000
        0.00200000000000000000
        0.12800000000000000000
       -0.25200000000000000000
       -0.38000000000000000000
       -0.09400000000000000000
       -0.13200000000000001000
        6.04829197505016047000       20.05108874469693700000        2.04041597742032144000      -12.10696288091354234000        7.43168833101200477000      -11.26551114522761665000       -0.89532056429820073000       -2.45701788019656719000       28.44561630870546760000       -5.46206039492439999000       -9.18873650515093310000       -2.13882923471654651000       -6.23625689080682211000       -4.85307663556161639000        0.79294490145816054000       18.62564152187402300000        1.95939715409510828000       -0.39886314603000605000       -3.72178141954475050000       -8.68145300948844856000        0.51698447814318516000        8.57920336570639641000      -11.91818502215161324000       -5.53782600368338596000       -0.77177181217053792000      -17.75633165284402540000       14.67230953982784314000      -10.96743358001516278000       49.35067595038019310000       12.78059607513458396000      -15.71239923717159215000