 3         6        29         1         7
        0.00    0
       1.000000       1.000000       1.000000       0.999000      45.487300      15.010000      50.172000
      -1.000000      -1.000000      -1.000000      -1.000000       7.975800       1.640000       0.125560
        0.15800000000000000000
       -0.01800000000000000000
        0.23799999999999999000
       -0.02200000000000000000
        0.20999999999999999000
       -0.33600000000000002000
        0.17199999999999999000
       -0.23599999999999999000
        0.11799999999999999000
        0.01800000000000000000
        0.39400000000000002000
        0.13000000000000000000
        0.18400000000000000000
        0.12800000000000000000
        0.20599999999999999000
       -0.33800000000000002000
        0.48799999999999999000
       -0.07800000000000000000
        0.27000000000000002000
        0.20200000000000001000
       -0.01200000000000000000
        0.36399999999999999000
        0.21400000000000000000
        0.02200000000000000000
        0.47799999999999998000
        0.02400000000000000000
        0.11000000000000000000
       -0.04400000000000000000
       -0.03000000000000000000
        0.20599999999999999000
        0.30800000000000000000
       -0.24199999999999999000
        0.10400000000000000000
       -0.03000000000000000000
       -0.06000000000000000000
       -0.27600000000000002000
       -0.39800000000000002000
        0.38400000000000001000
        0.14399999999999999000
        0.39000000000000001000
        0.03600000000000000000
       -0.01600000000000000000
       -0.07800000000000000000
       -0.23400000000000001000
       -0.20000000000000001000
       -0.31600000000000000000
       -0.09000000000000000000
       -0.27000000000000002000
        0.03600000000000000000
        0.08200000000000000000
       -0.05000000000000000000
       -0.15800000000000000000
        0.08000000000000000000
       -0.05000000000000000000
       -0.25600000000000001000
        0.18200000000000000000
       -0.07800000000000000000
        0.05200000000000000000
        0.09600000000000000000
       -0.12600000000000000000
        0.17199999999999999000
       -0.25200000000000000000
        0.00600000000000000000
       -0.27600000000000002000
        0.12200000000000000000
        0.01200000000000000000
        0.31400000000000000000
        0.02000000000000000000
       -0.31800000000000000000
       -0.14599999999999999000
        0.00200000000000000000
       -0.08599999999999999000
       -0.21400000000000000000
       -0.09600000000000000000
        0.18600000000000000000
        0.23400000000000001000
       -0.20399999999999999000
       -0.17399999999999999000
       -0.04000000000000000000
       -0.23599999999999999000
        0.44400000000000001000
       -0.03200000000000000000
        0.31400000000000000000
        0.04000000000000000000
       -0.14999999999999999000
       -0.00400000000000000000
       -0.14799999999999999000
        0.25800000000000001000
        0.24600000000000000000
       -0.02400000000000000000
       -0.22000000000000000000
        0.19000000000000000000
       -0.06400000000000000000
        0.13000000000000000000
       -0.13400000000000001000
        0.30800000000000000000
       -0.24199999999999999000
        0.02800000000000000000
        0.03800000000000000000
       -0.25200000000000000000
       -0.03800000000000000000
        0.33400000000000002000
        0.13400000000000001000
        0.18600000000000000000
        0.31800000000000000000
       -0.09400000000000000000
        0.06200000000000000000
       -0.16800000000000001000
       -0.03600000000000000000
        0.20399999999999999000
       -0.30399999999999999000
        0.38600000000000001000
       -0.05200000000000000000
       -0.00400000000000000000
        0.34399999999999997000
       -0.39200000000000002000
        0.07000000000000001000
        0.23799999999999999000
        0.33400000000000002000
       -0.06800000000000000000
       -0.14799999999999999000
       -0.03200000000000000000
       -0.25200000000000000000
       -0.26400000000000001000
        0.10800000000000000000
       -0.11799999999999999000
        0.04000000000000000000
       -0.23999999999999999000
        0.44800000000000001000
        0.02600000000000000000
       -0.40000000000000002000
       -0.34799999999999998000
       -0.33400000000000002000
        0.23999999999999999000
        0.14199999999999999000
       -0.07600000000000000000
       -0.02200000000000000000
       -0.09000000000000000000
       -0.15600000000000000000
       -0.07800000000000000000
        0.20399999999999999000
        0.23000000000000001000
       -0.32600000000000001000
        0.27000000000000002000
       -0.31800000000000000000
        0.06800000000000000000
        0.03600000000000000000
        0.02400000000000000000
       -0.38200000000000001000
       -0.22000000000000000000
        0.20000000000000001000
       -0.24800000000000000000
       -0.46800000000000003000
       -0.00800000000000000000
        0.39600000000000002000
       -0.40000000000000002000
        0.04600000000000000000
       -0.30199999999999999000
        0.28999999999999998000
       -0.01000000000000000000
       -0.48599999999999999000
       -0.09600000000000000000
       -0.29999999999999999000
       -0.06000000000000000000
        0.13200000000000001000
       -0.23999999999999999000
       -0.35399999999999998000
        0.30399999999999999000
       -0.49800000000000000000
        0.02400000000000000000
       -0.36399999999999999000
        0.12600000000000000000
       -0.26800000000000002000
       -0.12600000000000000000
        0.06400000000000000000
        0.16600000000000001000
       -0.33400000000000002000
       -0.01800000000000000000
        0.39800000000000002000
       -0.17199999999999999000
        0.28799999999999998000
        0.28599999999999998000
        0.07199999999999999000
        0.32600000000000001000
        0.46200000000000002000
        0.00400000000000000000
        0.33600000000000002000
       -0.06000000000000000000
        0.02200000000000000000
        0.03200000000000000000
       -0.00800000000000000000
        0.17599999999999999000
        0.17199999999999999000
        0.05600000000000000000
       -0.34599999999999997000
        0.28199999999999997000
        0.00600000000000000000
        0.03600000000000000000
       -0.13000000000000000000
        0.16600000000000001000
        0.01400000000000000000
       -0.04800000000000000000
        0.15600000000000000000
       -0.07000000000000001000
        0.27600000000000002000
       -0.32400000000000001000
       -0.15200000000000000000
       -0.32400000000000001000
       -0.19200000000000000000
        0.02400000000000000000
        0.25000000000000000000
        0.21600000000000000000
        0.38400000000000001000
        0.38400000000000001000
       -0.21600000000000000000
       -0.07400000000000000000
        0.21600000000000000000
       -0.04800000000000000000
        0.39200000000000002000
       -0.03000000000000000000
       -0.38200000000000001000
        0.29999999999999999000
       -0.27000000000000002000
       -0.04800000000000000000
       -0.46999999999999997000
       -0.03600000000000000000
       -0.21400000000000000000
       -0.19000000000000000000
        0.05200000000000000000
       -0.02400000000000000000
       -0.34399999999999997000
        0.01400000000000000000
       14.50142583757926928000       -5.77600818923755810000        7.04006412548793214000       -0.80715552528123025000       -0.68812409754619663000        4.89287201022010620000      -13.50578785604640153000       -6.16093319692468988000        6.58584663185744468000      -19.42604067119627940000        5.15973694896549517000      -14.38074640167697993000       -4.11301324360328469000        6.64646980481307814000       -4.27233161280609064000       -7.48415309267980877000       -1.48595892114613215000       -3.37953065912443318000       -2.54067521512364092000       -2.95067858898868440000        5.37620466684278941000       -6.35630387307539113000       -1.89119097762849409000      -20.29318208715851310000       -4.73315356448686142000       -9.92337208983494179000        1.83997241758043462000        0.25565547200195815000        3.34566593891638364000       -3.40585472344637896000