
                           Número de exemplos   235
              Erro Medio Absoluto Normalizado  8.91
                          Erro Medio Absoluto  5.08
                Raiz do Erro Médio Quadrático  6.71
    Raiz do Erro Médio Quadrático Normalizado 11.77



  29.5  24.7  22.7  21.7  20.7  23.7  26.8  26.0  24.5  25.1  27.6  29.3  28.7  28.4  28.1  28.2  27.6  26.4  23.5  21.7  22.5  25.6  25.5  26.9  27.1  26.6  27.3  28.1  32.4  33.3  33.4  33.2  33.5  34.0  32.2  30.3
  10.7   8.7   6.8   6.7   6.7   7.0   6.4   9.1   8.9   7.6   7.0   7.2   6.1   6.1   6.0   5.9   4.8   5.5   6.6   4.8   4.0   6.7   7.4   7.8   8.2   7.6   9.1   9.4  10.1  10.9  12.1  12.6  11.4  13.4  16.5  20.7
  46.6  47.5  43.3  44.9  44.7  45.4  49.6  49.5  52.2  49.7  47.2  50.5  48.4  46.2  45.9  46.7  45.4  46.3  44.5  47.6  51.6  49.4  47.3  45.6  44.6  44.9  42.3  40.0  41.0  48.2  49.5  46.4  42.5  43.0  45.5  47.4
  15.6  13.3  13.9  13.6  12.4  13.6  12.0   8.8  11.6  16.0  16.5  16.2  15.9  14.2  12.8  14.8  17.7  17.8  13.0  14.1  14.4  13.5  13.5  12.5  10.1   9.2   7.4   5.4   4.4   5.1   7.1   7.8   7.0   6.0   3.4   2.6
  37.2  36.5  33.4  31.9  29.4  31.4  31.9  40.2  41.5  30.2  12.1   4.5   4.3  11.1  12.7  10.8  12.4  12.9   8.3   7.2  10.6  15.0  16.6  14.4  12.5  10.8  18.1  17.9  15.6  15.7  15.6  11.8   9.0   4.8   1.8   1.0
   8.0   7.2  11.6  10.7   8.7   6.8   6.7   6.7   7.0   6.4   9.1   8.9   7.6   7.0   7.2   6.1   6.1   6.0   5.9   4.8   5.5   6.6   4.8   4.0   6.7   7.4   7.8   8.2   7.6   9.1   9.4  10.1  10.9  12.1  12.6  11.4
  16.0  13.9  14.5  16.2  11.2  13.5  16.6  18.0  20.3  21.0  22.6  26.4  25.3  27.8  28.2  28.2  28.4  29.5  24.7  22.7  21.7  20.7  23.7  26.8  26.0  24.5  25.1  27.6  29.3  28.7  28.4  28.1  28.2  27.6  26.4  23.5
  13.9  13.6  12.4  13.6  12.0   8.8  11.6  16.0  16.5  16.2  15.9  14.2  12.8  14.8  17.7  17.8  13.0  14.1  14.4  13.5  13.5  12.5  10.1   9.2   7.4   5.4   4.4   5.1   7.1   7.8   7.0   6.0   3.4   2.6   1.9   4.1
  49.7  47.2  50.5  48.4  46.2  45.9  46.7  45.4  46.3  44.5  47.6  51.6  49.4  47.3  45.6  44.6  44.9  42.3  40.0  41.0  48.2  49.5  46.4  42.5  43.0  45.5  47.4  49.0  43.6  38.0  37.2  36.5  33.4  31.9  29.4  31.4
  12.1  12.8  15.5  16.0  13.9  14.5  16.2  11.2  13.5  16.6  18.0  20.3  21.0  22.6  26.4  25.3  27.8  28.2  28.2  28.4  29.5  24.7  22.7  21.7  20.7  23.7  26.8  26.0  24.5  25.1  27.6  29.3  28.7  28.4  28.1  28.2
  31.9  40.2  41.5  30.2  12.1   4.5   4.3  11.1  12.7  10.8  12.4  12.9   8.3   7.2  10.6  15.0  16.6  14.4  12.5  10.8  18.1  17.9  15.6  15.7  15.6  11.8   9.0   4.8   1.8   1.0   2.2   5.8   7.7  10.6  12.1  12.8
   4.8   5.5   6.6   4.8   4.0   6.7   7.4   7.8   8.2   7.6   9.1   9.4  10.1  10.9  12.1  12.6  11.4  13.4  16.5  20.7  23.3  27.8  31.2  32.1  31.2  29.6  30.2  29.9  32.9  32.7  30.9  32.5  32.2  32.7  37.5  38.2
   4.5   4.3  11.1  12.7  10.8  12.4  12.9   8.3   7.2  10.6  15.0  16.6  14.4  12.5  10.8  18.1  17.9  15.6  15.7  15.6  11.8   9.0   4.8   1.8   1.0   2.2   5.8   7.7  10.6  12.1  12.8  15.5  16.0  13.9  14.5  16.2
  15.0  16.6  14.4  12.5  10.8  18.1  17.9  15.6  15.7  15.6  11.8   9.0   4.8   1.8   1.0   2.2   5.8   7.7  10.6  12.1  12.8  15.5  16.0  13.9  14.5  16.2  11.2  13.5  16.6  18.0  20.3  21.0  22.6  26.4  25.3  27.8
  16.2  11.2  13.5  16.6  18.0  20.3  21.0  22.6  26.4  25.3  27.8  28.2  28.2  28.4  29.5  24.7  22.7  21.7  20.7  23.7  26.8  26.0  24.5  25.1  27.6  29.3  28.7  28.4  28.1  28.2  27.6  26.4  23.5  21.7  22.5  25.6
  12.5  10.8  18.1  17.9  15.6  15.7  15.6  11.8   9.0   4.8   1.8   1.0   2.2   5.8   7.7  10.6  12.1  12.8  15.5  16.0  13.9  14.5  16.2  11.2  13.5  16.6  18.0  20.3  21.0  22.6  26.4  25.3  27.8  28.2  28.2  28.4
  23.1  15.9  16.2  38.5  41.8  26.5  18.0  15.6  13.3  13.9  13.6  12.4  13.6  12.0   8.8  11.6  16.0  16.5  16.2  15.9  14.2  12.8  14.8  17.7  17.8  13.0  14.1  14.4  13.5  13.5  12.5  10.1   9.2   7.4   5.4   4.4
  25.6  25.5  26.9  27.1  26.6  27.3  28.1  32.4  33.3  33.4  33.2  33.5  34.0  32.2  30.3  30.2  30.3  31.0  32.8  33.6  34.2  36.6  40.9  39.4  42.4  43.9  43.8  40.8  44.7  43.4  42.5  44.8  43.6  43.5  46.5  45.5
   7.2   6.1   6.1   6.0   5.9   4.8   5.5   6.6   4.8   4.0   6.7   7.4   7.8   8.2   7.6   9.1   9.4  10.1  10.9  12.1  12.6  11.4  13.4  16.5  20.7  23.3  27.8  31.2  32.1  31.2  29.6  30.2  29.9  32.9  32.7  30.9
   4.3  11.1  12.7  10.8  12.4  12.9   8.3   7.2  10.6  15.0  16.6  14.4  12.5  10.8  18.1  17.9  15.6  15.7  15.6  11.8   9.0   4.8   1.8   1.0   2.2   5.8   7.7  10.6  12.1  12.8  15.5  16.0  13.9  14.5  16.2  11.2
  12.4  13.6  12.0   8.8  11.6  16.0  16.5  16.2  15.9  14.2  12.8  14.8  17.7  17.8  13.0  14.1  14.4  13.5  13.5  12.5  10.1   9.2   7.4   5.4   4.4   5.1   7.1   7.8   7.0   6.0   3.4   2.6   1.9   4.1   6.2   8.2
  43.1  46.6  47.5  43.3  44.9  44.7  45.4  49.6  49.5  52.2  49.7  47.2  50.5  48.4  46.2  45.9  46.7  45.4  46.3  44.5  47.6  51.6  49.4  47.3  45.6  44.6  44.9  42.3  40.0  41.0  48.2  49.5  46.4  42.5  43.0  45.5
  14.2  12.8  14.8  17.7  17.8  13.0  14.1  14.4  13.5  13.5  12.5  10.1   9.2   7.4   5.4   4.4   5.1   7.1   7.8   7.0   6.0   3.4   2.6   1.9   4.1   6.2   8.2   8.0   7.2  11.6  10.7   8.7   6.8   6.7   6.7   7.0
  22.6  26.4  25.3  27.8  28.2  28.2  28.4  29.5  24.7  22.7  21.7  20.7  23.7  26.8  26.0  24.5  25.1  27.6  29.3  28.7  28.4  28.1  28.2  27.6  26.4  23.5  21.7  22.5  25.6  25.5  26.9  27.1  26.6  27.3  28.1  32.4
  31.4  31.9  40.2  41.5  30.2  12.1   4.5   4.3  11.1  12.7  10.8  12.4  12.9   8.3   7.2  10.6  15.0  16.6  14.4  12.5  10.8  18.1  17.9  15.6  15.7  15.6  11.8   9.0   4.8   1.8   1.0   2.2   5.8   7.7  10.6  12.1
  47.3  45.6  44.6  44.9  42.3  40.0  41.0  48.2  49.5  46.4  42.5  43.0  45.5  47.4  49.0  43.6  38.0  37.2  36.5  33.4  31.9  29.4  31.4  31.9  40.2  41.5  30.2  12.1   4.5   4.3  11.1  12.7  10.8  12.4  12.9   8.3
  18.1  17.9  15.6  15.7  15.6  11.8   9.0   4.8   1.8   1.0   2.2   5.8   7.7  10.6  12.1  12.8  15.5  16.0  13.9  14.5  16.2  11.2  13.5  16.6  18.0  20.3  21.0  22.6  26.4  25.3  27.8  28.2  28.2  28.4  29.5  24.7
   7.2  11.6  10.7   8.7   6.8   6.7   6.7   7.0   6.4   9.1   8.9   7.6   7.0   7.2   6.1   6.1   6.0   5.9   4.8   5.5   6.6   4.8   4.0   6.7   7.4   7.8   8.2   7.6   9.1   9.4  10.1  10.9  12.1  12.6  11.4  13.4
   6.1   6.1   6.0   5.9   4.8   5.5   6.6   4.8   4.0   6.7   7.4   7.8   8.2   7.6   9.1   9.4  10.1  10.9  12.1  12.6  11.4  13.4  16.5  20.7  23.3  27.8  31.2  32.1  31.2  29.6  30.2  29.9  32.9  32.7  30.9  32.5
  32.7  30.9  32.5  32.2  32.7  37.5  38.2  39.7  40.6  40.7  43.1  46.6  47.5  43.3  44.9  44.7  45.4  49.6  49.5  52.2  49.7  47.2  50.5  48.4  46.2  45.9  46.7  45.4  46.3  44.5  47.6  51.6  49.4  47.3  45.6  44.6
   9.4  10.1  10.9  12.1  12.6  11.4  13.4  16.5  20.7  23.3  27.8  31.2  32.1  31.2  29.6  30.2  29.9  32.9  32.7  30.9  32.5  32.2  32.7  37.5  38.2  39.7  40.6  40.7  43.1  46.6  47.5  43.3  44.9  44.7  45.4  49.6
  22.7  21.7  20.7  23.7  26.8  26.0  24.5  25.1  27.6  29.3  28.7  28.4  28.1  28.2  27.6  26.4  23.5  21.7  22.5  25.6  25.5  26.9  27.1  26.6  27.3  28.1  32.4  33.3  33.4  33.2  33.5  34.0  32.2  30.3  30.2  30.3
  10.6  15.0  16.6  14.4  12.5  10.8  18.1  17.9  15.6  15.7  15.6  11.8   9.0   4.8   1.8   1.0   2.2   5.8   7.7  10.6  12.1  12.8  15.5  16.0  13.9  14.5  16.2  11.2  13.5  16.6  18.0  20.3  21.0  22.6  26.4  25.3
  41.8  26.5  18.0  15.6  13.3  13.9  13.6  12.4  13.6  12.0   8.8  11.6  16.0  16.5  16.2  15.9  14.2  12.8  14.8  17.7  17.8  13.0  14.1  14.4  13.5  13.5  12.5  10.1   9.2   7.4   5.4   4.4   5.1   7.1   7.8   7.0
   6.7   7.4   7.8   8.2   7.6   9.1   9.4  10.1  10.9  12.1  12.6  11.4  13.4  16.5  20.7  23.3  27.8  31.2  32.1  31.2  29.6  30.2  29.9  32.9  32.7  30.9  32.5  32.2  32.7  37.5  38.2  39.7  40.6  40.7  43.1  46.6
  28.7  28.4  28.1  28.2  27.6  26.4  23.5  21.7  22.5  25.6  25.5  26.9  27.1  26.6  27.3  28.1  32.4  33.3  33.4  33.2  33.5  34.0  32.2  30.3  30.2  30.3  31.0  32.8  33.6  34.2  36.6  40.9  39.4  42.4  43.9  43.8
  29.6  30.2  29.9  32.9  32.7  30.9  32.5  32.2  32.7  37.5  38.2  39.7  40.6  40.7  43.1  46.6  47.5  43.3  44.9  44.7  45.4  49.6  49.5  52.2  49.7  47.2  50.5  48.4  46.2  45.9  46.7  45.4  46.3  44.5  47.6  51.6
  17.7  17.8  13.0  14.1  14.4  13.5  13.5  12.5  10.1   9.2   7.4   5.4   4.4   5.1   7.1   7.8   7.0   6.0   3.4   2.6   1.9   4.1   6.2   8.2   8.0   7.2  11.6  10.7   8.7   6.8   6.7   6.7   7.0   6.4   9.1   8.9
  23.7  26.8  26.0  24.5  25.1  27.6  29.3  28.7  28.4  28.1  28.2  27.6  26.4  23.5  21.7  22.5  25.6  25.5  26.9  27.1  26.6  27.3  28.1  32.4  33.3  33.4  33.2  33.5  34.0  32.2  30.3  30.2  30.3  31.0  32.8  33.6
  28.4  29.5  24.7  22.7  21.7  20.7  23.7  26.8  26.0  24.5  25.1  27.6  29.3  28.7  28.4  28.1  28.2  27.6  26.4  23.5  21.7  22.5  25.6  25.5  26.9  27.1  26.6  27.3  28.1  32.4  33.3  33.4  33.2  33.5  34.0  32.2
  20.7  23.7  26.8  26.0  24.5  25.1  27.6  29.3  28.7  28.4  28.1  28.2  27.6  26.4  23.5  21.7  22.5  25.6  25.5  26.9  27.1  26.6  27.3  28.1  32.4  33.3  33.4  33.2  33.5  34.0  32.2  30.3  30.2  30.3  31.0  32.8
  15.7  15.6  11.8   9.0   4.8   1.8   1.0   2.2   5.8   7.7  10.6  12.1  12.8  15.5  16.0  13.9  14.5  16.2  11.2  13.5  16.6  18.0  20.3  21.0  22.6  26.4  25.3  27.8  28.2  28.2  28.4  29.5  24.7  22.7  21.7  20.7
  30.2  12.1   4.5   4.3  11.1  12.7  10.8  12.4  12.9   8.3   7.2  10.6  15.0  16.6  14.4  12.5  10.8  18.1  17.9  15.6  15.7  15.6  11.8   9.0   4.8   1.8   1.0   2.2   5.8   7.7  10.6  12.1  12.8  15.5  16.0  13.9
   9.2   7.4   5.4   4.4   5.1   7.1   7.8   7.0   6.0   3.4   2.6   1.9   4.1   6.2   8.2   8.0   7.2  11.6  10.7   8.7   6.8   6.7   6.7   7.0   6.4   9.1   8.9   7.6   7.0   7.2   6.1   6.1   6.0   5.9   4.8   5.5
   4.8   4.0   6.7   7.4   7.8   8.2   7.6   9.1   9.4  10.1  10.9  12.1  12.6  11.4  13.4  16.5  20.7  23.3  27.8  31.2  32.1  31.2  29.6  30.2  29.9  32.9  32.7  30.9  32.5  32.2  32.7  37.5  38.2  39.7  40.6  40.7
  13.5  13.5  12.5  10.1   9.2   7.4   5.4   4.4   5.1   7.1   7.8   7.0   6.0   3.4   2.6   1.9   4.1   6.2   8.2   8.0   7.2  11.6  10.7   8.7   6.8   6.7   6.7   7.0   6.4   9.1   8.9   7.6   7.0   7.2   6.1   6.1
   6.0   5.9   4.8   5.5   6.6   4.8   4.0   6.7   7.4   7.8   8.2   7.6   9.1   9.4  10.1  10.9  12.1  12.6  11.4  13.4  16.5  20.7  23.3  27.8  31.2  32.1  31.2  29.6  30.2  29.9  32.9  32.7  30.9  32.5  32.2  32.7
   3.4   2.6   1.9   4.1   6.2   8.2   8.0   7.2  11.6  10.7   8.7   6.8   6.7   6.7   7.0   6.4   9.1   8.9   7.6   7.0   7.2   6.1   6.1   6.0   5.9   4.8   5.5   6.6   4.8   4.0   6.7   7.4   7.8   8.2   7.6   9.1
  13.2  11.1  21.7  19.3  23.6  23.1  15.9  16.2  38.5  41.8  26.5  18.0  15.6  13.3  13.9  13.6  12.4  13.6  12.0   8.8  11.6  16.0  16.5  16.2  15.9  14.2  12.8  14.8  17.7  17.8  13.0  14.1  14.4  13.5  13.5  12.5
  16.2  15.9  14.2  12.8  14.8  17.7  17.8  13.0  14.1  14.4  13.5  13.5  12.5  10.1   9.2   7.4   5.4   4.4   5.1   7.1   7.8   7.0   6.0   3.4   2.6   1.9   4.1   6.2   8.2   8.0   7.2  11.6  10.7   8.7   6.8   6.7
  42.5  43.0  45.5  47.4  49.0  43.6  38.0  37.2  36.5  33.4  31.9  29.4  31.4  31.9  40.2  41.5  30.2  12.1   4.5   4.3  11.1  12.7  10.8  12.4  12.9   8.3   7.2  10.6  15.0  16.6  14.4  12.5  10.8  18.1  17.9  15.6
  14.5  16.2  11.2  13.5  16.6  18.0  20.3  21.0  22.6  26.4  25.3  27.8  28.2  28.2  28.4  29.5  24.7  22.7  21.7  20.7  23.7  26.8  26.0  24.5  25.1  27.6  29.3  28.7  28.4  28.1  28.2  27.6  26.4  23.5  21.7  22.5
  10.8  18.1  17.9  15.6  15.7  15.6  11.8   9.0   4.8   1.8   1.0   2.2   5.8   7.7  10.6  12.1  12.8  15.5  16.0  13.9  14.5  16.2  11.2  13.5  16.6  18.0  20.3  21.0  22.6  26.4  25.3  27.8  28.2  28.2  28.4  29.5
  19.3  23.6  23.1  15.9  16.2  38.5  41.8  26.5  18.0  15.6  13.3  13.9  13.6  12.4  13.6  12.0   8.8  11.6  16.0  16.5  16.2  15.9  14.2  12.8  14.8  17.7  17.8  13.0  14.1  14.4  13.5  13.5  12.5  10.1   9.2   7.4
  45.4  46.3  44.5  47.6  51.6  49.4  47.3  45.6  44.6  44.9  42.3  40.0  41.0  48.2  49.5  46.4  42.5  43.0  45.5  47.4  49.0  43.6  38.0  37.2  36.5  33.4  31.9  29.4  31.4  31.9  40.2  41.5  30.2  12.1   4.5   4.3
   2.6   1.9   4.1   6.2   8.2   8.0   7.2  11.6  10.7   8.7   6.8   6.7   6.7   7.0   6.4   9.1   8.9   7.6   7.0   7.2   6.1   6.1   6.0   5.9   4.8   5.5   6.6   4.8   4.0   6.7   7.4   7.8   8.2   7.6   9.1   9.4
  33.4  31.9  29.4  31.4  31.9  40.2  41.5  30.2  12.1   4.5   4.3  11.1  12.7  10.8  12.4  12.9   8.3   7.2  10.6  15.0  16.6  14.4  12.5  10.8  18.1  17.9  15.6  15.7  15.6  11.8   9.0   4.8   1.8   1.0   2.2   5.8
  28.2  27.6  26.4  23.5  21.7  22.5  25.6  25.5  26.9  27.1  26.6  27.3  28.1  32.4  33.3  33.4  33.2  33.5  34.0  32.2  30.3  30.2  30.3  31.0  32.8  33.6  34.2  36.6  40.9  39.4  42.4  43.9  43.8  40.8  44.7  43.4
  24.5  25.1  27.6  29.3  28.7  28.4  28.1  28.2  27.6  26.4  23.5  21.7  22.5  25.6  25.5  26.9  27.1  26.6  27.3  28.1  32.4  33.3  33.4  33.2  33.5  34.0  32.2  30.3  30.2  30.3  31.0  32.8  33.6  34.2  36.6  40.9
   1.8   1.0   2.2   5.8   7.7  10.6  12.1  12.8  15.5  16.0  13.9  14.5  16.2  11.2  13.5  16.6  18.0  20.3  21.0  22.6  26.4  25.3  27.8  28.2  28.2  28.4  29.5  24.7  22.7  21.7  20.7  23.7  26.8  26.0  24.5  25.1
  46.3  44.5  47.6  51.6  49.4  47.3  45.6  44.6  44.9  42.3  40.0  41.0  48.2  49.5  46.4  42.5  43.0  45.5  47.4  49.0  43.6  38.0  37.2  36.5  33.4  31.9  29.4  31.4  31.9  40.2  41.5  30.2  12.1   4.5   4.3  11.1
   4.0   6.7   7.4   7.8   8.2   7.6   9.1   9.4  10.1  10.9  12.1  12.6  11.4  13.4  16.5  20.7  23.3  27.8  31.2  32.1  31.2  29.6  30.2  29.9  32.9  32.7  30.9  32.5  32.2  32.7  37.5  38.2  39.7  40.6  40.7  43.1
  13.6  12.4  13.6  12.0   8.8  11.6  16.0  16.5  16.2  15.9  14.2  12.8  14.8  17.7  17.8  13.0  14.1  14.4  13.5  13.5  12.5  10.1   9.2   7.4   5.4   4.4   5.1   7.1   7.8   7.0   6.0   3.4   2.6   1.9   4.1   6.2
  51.6  49.4  47.3  45.6  44.6  44.9  42.3  40.0  41.0  48.2  49.5  46.4  42.5  43.0  45.5  47.4  49.0  43.6  38.0  37.2  36.5  33.4  31.9  29.4  31.4  31.9  40.2  41.5  30.2  12.1   4.5   4.3  11.1  12.7  10.8  12.4
  28.1  28.2  27.6  26.4  23.5  21.7  22.5  25.6  25.5  26.9  27.1  26.6  27.3  28.1  32.4  33.3  33.4  33.2  33.5  34.0  32.2  30.3  30.2  30.3  31.0  32.8  33.6  34.2  36.6  40.9  39.4  42.4  43.9  43.8  40.8  44.7
   6.4   9.1   8.9   7.6   7.0   7.2   6.1   6.1   6.0   5.9   4.8   5.5   6.6   4.8   4.0   6.7   7.4   7.8   8.2   7.6   9.1   9.4  10.1  10.9  12.1  12.6  11.4  13.4  16.5  20.7  23.3  27.8  31.2  32.1  31.2  29.6
  23.3  27.8  31.2  32.1  31.2  29.6  30.2  29.9  32.9  32.7  30.9  32.5  32.2  32.7  37.5  38.2  39.7  40.6  40.7  43.1  46.6  47.5  43.3  44.9  44.7  45.4  49.6  49.5  52.2  49.7  47.2  50.5  48.4  46.2  45.9  46.7
  40.0  41.0  48.2  49.5  46.4  42.5  43.0  45.5  47.4  49.0  43.6  38.0  37.2  36.5  33.4  31.9  29.4  31.4  31.9  40.2  41.5  30.2  12.1   4.5   4.3  11.1  12.7  10.8  12.4  12.9   8.3   7.2  10.6  15.0  16.6  14.4
  26.0  24.5  25.1  27.6  29.3  28.7  28.4  28.1  28.2  27.6  26.4  23.5  21.7  22.5  25.6  25.5  26.9  27.1  26.6  27.3  28.1  32.4  33.3  33.4  33.2  33.5  34.0  32.2  30.3  30.2  30.3  31.0  32.8  33.6  34.2  36.6
  40.2  41.5  30.2  12.1   4.5   4.3  11.1  12.7  10.8  12.4  12.9   8.3   7.2  10.6  15.0  16.6  14.4  12.5  10.8  18.1  17.9  15.6  15.7  15.6  11.8   9.0   4.8   1.8   1.0   2.2   5.8   7.7  10.6  12.1  12.8  15.5
  12.1   4.5   4.3  11.1  12.7  10.8  12.4  12.9   8.3   7.2  10.6  15.0  16.6  14.4  12.5  10.8  18.1  17.9  15.6  15.7  15.6  11.8   9.0   4.8   1.8   1.0   2.2   5.8   7.7  10.6  12.1  12.8  15.5  16.0  13.9  14.5
  44.6  44.9  42.3  40.0  41.0  48.2  49.5  46.4  42.5  43.0  45.5  47.4  49.0  43.6  38.0  37.2  36.5  33.4  31.9  29.4  31.4  31.9  40.2  41.5  30.2  12.1   4.5   4.3  11.1  12.7  10.8  12.4  12.9   8.3   7.2  10.6
   7.6   7.0   7.2   6.1   6.1   6.0   5.9   4.8   5.5   6.6   4.8   4.0   6.7   7.4   7.8   8.2   7.6   9.1   9.4  10.1  10.9  12.1  12.6  11.4  13.4  16.5  20.7  23.3  27.8  31.2  32.1  31.2  29.6  30.2  29.9  32.9
  14.4  13.5  13.5  12.5  10.1   9.2   7.4   5.4   4.4   5.1   7.1   7.8   7.0   6.0   3.4   2.6   1.9   4.1   6.2   8.2   8.0   7.2  11.6  10.7   8.7   6.8   6.7   6.7   7.0   6.4   9.1   8.9   7.6   7.0   7.2   6.1
  43.6  38.0  37.2  36.5  33.4  31.9  29.4  31.4  31.9  40.2  41.5  30.2  12.1   4.5   4.3  11.1  12.7  10.8  12.4  12.9   8.3   7.2  10.6  15.0  16.6  14.4  12.5  10.8  18.1  17.9  15.6  15.7  15.6  11.8   9.0   4.8
  45.5  47.4  49.0  43.6  38.0  37.2  36.5  33.4  31.9  29.4  31.4  31.9  40.2  41.5  30.2  12.1   4.5   4.3  11.1  12.7  10.8  12.4  12.9   8.3   7.2  10.6  15.0  16.6  14.4  12.5  10.8  18.1  17.9  15.6  15.7  15.6
  36.5  33.4  31.9  29.4  31.4  31.9  40.2  41.5  30.2  12.1   4.5   4.3  11.1  12.7  10.8  12.4  12.9   8.3   7.2  10.6  15.0  16.6  14.4  12.5  10.8  18.1  17.9  15.6  15.7  15.6  11.8   9.0   4.8   1.8   1.0   2.2
  15.5  16.0  13.9  14.5  16.2  11.2  13.5  16.6  18.0  20.3  21.0  22.6  26.4  25.3  27.8  28.2  28.2  28.4  29.5  24.7  22.7  21.7  20.7  23.7  26.8  26.0  24.5  25.1  27.6  29.3  28.7  28.4  28.1  28.2  27.6  26.4
  13.6  12.0   8.8  11.6  16.0  16.5  16.2  15.9  14.2  12.8  14.8  17.7  17.8  13.0  14.1  14.4  13.5  13.5  12.5  10.1   9.2   7.4   5.4   4.4   5.1   7.1   7.8   7.0   6.0   3.4   2.6   1.9   4.1   6.2   8.2   8.0
  44.7  45.4  49.6  49.5  52.2  49.7  47.2  50.5  48.4  46.2  45.9  46.7  45.4  46.3  44.5  47.6  51.6  49.4  47.3  45.6  44.6  44.9  42.3  40.0  41.0  48.2  49.5  46.4  42.5  43.0  45.5  47.4  49.0  43.6  38.0  37.2
  49.0  43.6  38.0  37.2  36.5  33.4  31.9  29.4  31.4  31.9  40.2  41.5  30.2  12.1   4.5   4.3  11.1  12.7  10.8  12.4  12.9   8.3   7.2  10.6  15.0  16.6  14.4  12.5  10.8  18.1  17.9  15.6  15.7  15.6  11.8   9.0
  10.6  12.1  12.8  15.5  16.0  13.9  14.5  16.2  11.2  13.5  16.6  18.0  20.3  21.0  22.6  26.4  25.3  27.8  28.2  28.2  28.4  29.5  24.7  22.7  21.7  20.7  23.7  26.8  26.0  24.5  25.1  27.6  29.3  28.7  28.4  28.1
  49.6  49.5  52.2  49.7  47.2  50.5  48.4  46.2  45.9  46.7  45.4  46.3  44.5  47.6  51.6  49.4  47.3  45.6  44.6  44.9  42.3  40.0  41.0  48.2  49.5  46.4  42.5  43.0  45.5  47.4  49.0  43.6  38.0  37.2  36.5  33.4
  47.2  50.5  48.4  46.2  45.9  46.7  45.4  46.3  44.5  47.6  51.6  49.4  47.3  45.6  44.6  44.9  42.3  40.0  41.0  48.2  49.5  46.4  42.5  43.0  45.5  47.4  49.0  43.6  38.0  37.2  36.5  33.4  31.9  29.4  31.4  31.9
  25.3  27.8  28.2  28.2  28.4  29.5  24.7  22.7  21.7  20.7  23.7  26.8  26.0  24.5  25.1  27.6  29.3  28.7  28.4  28.1  28.2  27.6  26.4  23.5  21.7  22.5  25.6  25.5  26.9  27.1  26.6  27.3  28.1  32.4  33.3  33.4
  49.5  52.2  49.7  47.2  50.5  48.4  46.2  45.9  46.7  45.4  46.3  44.5  47.6  51.6  49.4  47.3  45.6  44.6  44.9  42.3  40.0  41.0  48.2  49.5  46.4  42.5  43.0  45.5  47.4  49.0  43.6  38.0  37.2  36.5  33.4  31.9
  16.2  38.5  41.8  26.5  18.0  15.6  13.3  13.9  13.6  12.4  13.6  12.0   8.8  11.6  16.0  16.5  16.2  15.9  14.2  12.8  14.8  17.7  17.8  13.0  14.1  14.4  13.5  13.5  12.5  10.1   9.2   7.4   5.4   4.4   5.1   7.1
  46.4  42.5  43.0  45.5  47.4  49.0  43.6  38.0  37.2  36.5  33.4  31.9  29.4  31.4  31.9  40.2  41.5  30.2  12.1   4.5   4.3  11.1  12.7  10.8  12.4  12.9   8.3   7.2  10.6  15.0  16.6  14.4  12.5  10.8  18.1  17.9
  18.0  15.6  13.3  13.9  13.6  12.4  13.6  12.0   8.8  11.6  16.0  16.5  16.2  15.9  14.2  12.8  14.8  17.7  17.8  13.0  14.1  14.4  13.5  13.5  12.5  10.1   9.2   7.4   5.4   4.4   5.1   7.1   7.8   7.0   6.0   3.4
   4.8   1.8   1.0   2.2   5.8   7.7  10.6  12.1  12.8  15.5  16.0  13.9  14.5  16.2  11.2  13.5  16.6  18.0  20.3  21.0  22.6  26.4  25.3  27.8  28.2  28.2  28.4  29.5  24.7  22.7  21.7  20.7  23.7  26.8  26.0  24.5
  31.2  29.6  30.2  29.9  32.9  32.7  30.9  32.5  32.2  32.7  37.5  38.2  39.7  40.6  40.7  43.1  46.6  47.5  43.3  44.9  44.7  45.4  49.6  49.5  52.2  49.7  47.2  50.5  48.4  46.2  45.9  46.7  45.4  46.3  44.5  47.6
   7.6   9.1   9.4  10.1  10.9  12.1  12.6  11.4  13.4  16.5  20.7  23.3  27.8  31.2  32.1  31.2  29.6  30.2  29.9  32.9  32.7  30.9  32.5  32.2  32.7  37.5  38.2  39.7  40.6  40.7  43.1  46.6  47.5  43.3  44.9  44.7
  13.3  13.9  13.6  12.4  13.6  12.0   8.8  11.6  16.0  16.5  16.2  15.9  14.2  12.8  14.8  17.7  17.8  13.0  14.1  14.4  13.5  13.5  12.5  10.1   9.2   7.4   5.4   4.4   5.1   7.1   7.8   7.0   6.0   3.4   2.6   1.9
  14.1  14.4  13.5  13.5  12.5  10.1   9.2   7.4   5.4   4.4   5.1   7.1   7.8   7.0   6.0   3.4   2.6   1.9   4.1   6.2   8.2   8.0   7.2  11.6  10.7   8.7   6.8   6.7   6.7   7.0   6.4   9.1   8.9   7.6   7.0   7.2
  40.6  40.7  43.1  46.6  47.5  43.3  44.9  44.7  45.4  49.6  49.5  52.2  49.7  47.2  50.5  48.4  46.2  45.9  46.7  45.4  46.3  44.5  47.6  51.6  49.4  47.3  45.6  44.6  44.9  42.3  40.0  41.0  48.2  49.5  46.4  42.5
  44.9  44.7  45.4  49.6  49.5  52.2  49.7  47.2  50.5  48.4  46.2  45.9  46.7  45.4  46.3  44.5  47.6  51.6  49.4  47.3  45.6  44.6  44.9  42.3  40.0  41.0  48.2  49.5  46.4  42.5  43.0  45.5  47.4  49.0  43.6  38.0
  50.5  48.4  46.2  45.9  46.7  45.4  46.3  44.5  47.6  51.6  49.4  47.3  45.6  44.6  44.9  42.3  40.0  41.0  48.2  49.5  46.4  42.5  43.0  45.5  47.4  49.0  43.6  38.0  37.2  36.5  33.4  31.9  29.4  31.4  31.9  40.2
  10.1   9.2   7.4   5.4   4.4   5.1   7.1   7.8   7.0   6.0   3.4   2.6   1.9   4.1   6.2   8.2   8.0   7.2  11.6  10.7   8.7   6.8   6.7   6.7   7.0   6.4   9.1   8.9   7.6   7.0   7.2   6.1   6.1   6.0   5.9   4.8
  13.5  16.6  18.0  20.3  21.0  22.6  26.4  25.3  27.8  28.2  28.2  28.4  29.5  24.7  22.7  21.7  20.7  23.7  26.8  26.0  24.5  25.1  27.6  29.3  28.7  28.4  28.1  28.2  27.6  26.4  23.5  21.7  22.5  25.6  25.5  26.9
  25.1  27.6  29.3  28.7  28.4  28.1  28.2  27.6  26.4  23.5  21.7  22.5  25.6  25.5  26.9  27.1  26.6  27.3  28.1  32.4  33.3  33.4  33.2  33.5  34.0  32.2  30.3  30.2  30.3  31.0  32.8  33.6  34.2  36.6  40.9  39.4
   7.8   8.2   7.6   9.1   9.4  10.1  10.9  12.1  12.6  11.4  13.4  16.5  20.7  23.3  27.8  31.2  32.1  31.2  29.6  30.2  29.9  32.9  32.7  30.9  32.5  32.2  32.7  37.5  38.2  39.7  40.6  40.7  43.1  46.6  47.5  43.3
   7.7  10.6  12.1  12.8  15.5  16.0  13.9  14.5  16.2  11.2  13.5  16.6  18.0  20.3  21.0  22.6  26.4  25.3  27.8  28.2  28.2  28.4  29.5  24.7  22.7  21.7  20.7  23.7  26.8  26.0  24.5  25.1  27.6  29.3  28.7  28.4
  16.6  18.0  20.3  21.0  22.6  26.4  25.3  27.8  28.2  28.2  28.4  29.5  24.7  22.7  21.7  20.7  23.7  26.8  26.0  24.5  25.1  27.6  29.3  28.7  28.4  28.1  28.2  27.6  26.4  23.5  21.7  22.5  25.6  25.5  26.9  27.1
  28.4  28.1  28.2  27.6  26.4  23.5  21.7  22.5  25.6  25.5  26.9  27.1  26.6  27.3  28.1  32.4  33.3  33.4  33.2  33.5  34.0  32.2  30.3  30.2  30.3  31.0  32.8  33.6  34.2  36.6  40.9  39.4  42.4  43.9  43.8  40.8
  31.2  32.1  31.2  29.6  30.2  29.9  32.9  32.7  30.9  32.5  32.2  32.7  37.5  38.2  39.7  40.6  40.7  43.1  46.6  47.5  43.3  44.9  44.7  45.4  49.6  49.5  52.2  49.7  47.2  50.5  48.4  46.2  45.9  46.7  45.4  46.3
  49.5  46.4  42.5  43.0  45.5  47.4  49.0  43.6  38.0  37.2  36.5  33.4  31.9  29.4  31.4  31.9  40.2  41.5  30.2  12.1   4.5   4.3  11.1  12.7  10.8  12.4  12.9   8.3   7.2  10.6  15.0  16.6  14.4  12.5  10.8  18.1
  14.8  17.7  17.8  13.0  14.1  14.4  13.5  13.5  12.5  10.1   9.2   7.4   5.4   4.4   5.1   7.1   7.8   7.0   6.0   3.4   2.6   1.9   4.1   6.2   8.2   8.0   7.2  11.6  10.7   8.7   6.8   6.7   6.7   7.0   6.4   9.1
   1.9   4.1   6.2   8.2   8.0   7.2  11.6  10.7   8.7   6.8   6.7   6.7   7.0   6.4   9.1   8.9   7.6   7.0   7.2   6.1   6.1   6.0   5.9   4.8   5.5   6.6   4.8   4.0   6.7   7.4   7.8   8.2   7.6   9.1   9.4  10.1
  12.4  12.9   8.3   7.2  10.6  15.0  16.6  14.4  12.5  10.8  18.1  17.9  15.6  15.7  15.6  11.8   9.0   4.8   1.8   1.0   2.2   5.8   7.7  10.6  12.1  12.8  15.5  16.0  13.9  14.5  16.2  11.2  13.5  16.6  18.0  20.3
   6.0   3.4   2.6   1.9   4.1   6.2   8.2   8.0   7.2  11.6  10.7   8.7   6.8   6.7   6.7   7.0   6.4   9.1   8.9   7.6   7.0   7.2   6.1   6.1   6.0   5.9   4.8   5.5   6.6   4.8   4.0   6.7   7.4   7.8   8.2   7.6
  29.9  32.9  32.7  30.9  32.5  32.2  32.7  37.5  38.2  39.7  40.6  40.7  43.1  46.6  47.5  43.3  44.9  44.7  45.4  49.6  49.5  52.2  49.7  47.2  50.5  48.4  46.2  45.9  46.7  45.4  46.3  44.5  47.6  51.6  49.4  47.3
  32.1  31.2  29.6  30.2  29.9  32.9  32.7  30.9  32.5  32.2  32.7  37.5  38.2  39.7  40.6  40.7  43.1  46.6  47.5  43.3  44.9  44.7  45.4  49.6  49.5  52.2  49.7  47.2  50.5  48.4  46.2  45.9  46.7  45.4  46.3  44.5
   6.8   6.7   6.7   7.0   6.4   9.1   8.9   7.6   7.0   7.2   6.1   6.1   6.0   5.9   4.8   5.5   6.6   4.8   4.0   6.7   7.4   7.8   8.2   7.6   9.1   9.4  10.1  10.9  12.1  12.6  11.4  13.4  16.5  20.7  23.3  27.8
  29.3  28.7  28.4  28.1  28.2  27.6  26.4  23.5  21.7  22.5  25.6  25.5  26.9  27.1  26.6  27.3  28.1  32.4  33.3  33.4  33.2  33.5  34.0  32.2  30.3  30.2  30.3  31.0  32.8  33.6  34.2  36.6  40.9  39.4  42.4  43.9
   6.2   8.2   8.0   7.2  11.6  10.7   8.7   6.8   6.7   6.7   7.0   6.4   9.1   8.9   7.6   7.0   7.2   6.1   6.1   6.0   5.9   4.8   5.5   6.6   4.8   4.0   6.7   7.4   7.8   8.2   7.6   9.1   9.4  10.1  10.9  12.1
   7.0   6.4   9.1   8.9   7.6   7.0   7.2   6.1   6.1   6.0   5.9   4.8   5.5   6.6   4.8   4.0   6.7   7.4   7.8   8.2   7.6   9.1   9.4  10.1  10.9  12.1  12.6  11.4  13.4  16.5  20.7  23.3  27.8  31.2  32.1  31.2
  26.5  18.0  15.6  13.3  13.9  13.6  12.4  13.6  12.0   8.8  11.6  16.0  16.5  16.2  15.9  14.2  12.8  14.8  17.7  17.8  13.0  14.1  14.4  13.5  13.5  12.5  10.1   9.2   7.4   5.4   4.4   5.1   7.1   7.8   7.0   6.0
  27.1  26.6  27.3  28.1  32.4  33.3  33.4  33.2  33.5  34.0  32.2  30.3  30.2  30.3  31.0  32.8  33.6  34.2  36.6  40.9  39.4  42.4  43.9  43.8  40.8  44.7  43.4  42.5  44.8  43.6  43.5  46.5  45.5  45.9  48.4  47.7
  22.5  25.6  25.5  26.9  27.1  26.6  27.3  28.1  32.4  33.3  33.4  33.2  33.5  34.0  32.2  30.3  30.2  30.3  31.0  32.8  33.6  34.2  36.6  40.9  39.4  42.4  43.9  43.8  40.8  44.7  43.4  42.5  44.8  43.6  43.5  46.5
  11.8   9.0   4.8   1.8   1.0   2.2   5.8   7.7  10.6  12.1  12.8  15.5  16.0  13.9  14.5  16.2  11.2  13.5  16.6  18.0  20.3  21.0  22.6  26.4  25.3  27.8  28.2  28.2  28.4  29.5  24.7  22.7  21.7  20.7  23.7  26.8
   6.7   7.0   6.4   9.1   8.9   7.6   7.0   7.2   6.1   6.1   6.0   5.9   4.8   5.5   6.6   4.8   4.0   6.7   7.4   7.8   8.2   7.6   9.1   9.4  10.1  10.9  12.1  12.6  11.4  13.4  16.5  20.7  23.3  27.8  31.2  32.1
  45.6  44.6  44.9  42.3  40.0  41.0  48.2  49.5  46.4  42.5  43.0  45.5  47.4  49.0  43.6  38.0  37.2  36.5  33.4  31.9  29.4  31.4  31.9  40.2  41.5  30.2  12.1   4.5   4.3  11.1  12.7  10.8  12.4  12.9   8.3   7.2
   6.6   4.8   4.0   6.7   7.4   7.8   8.2   7.6   9.1   9.4  10.1  10.9  12.1  12.6  11.4  13.4  16.5  20.7  23.3  27.8  31.2  32.1  31.2  29.6  30.2  29.9  32.9  32.7  30.9  32.5  32.2  32.7  37.5  38.2  39.7  40.6
  21.7  22.5  25.6  25.5  26.9  27.1  26.6  27.3  28.1  32.4  33.3  33.4  33.2  33.5  34.0  32.2  30.3  30.2  30.3  31.0  32.8  33.6  34.2  36.6  40.9  39.4  42.4  43.9  43.8  40.8  44.7  43.4  42.5  44.8  43.6  43.5
  13.9  14.5  16.2  11.2  13.5  16.6  18.0  20.3  21.0  22.6  26.4  25.3  27.8  28.2  28.2  28.4  29.5  24.7  22.7  21.7  20.7  23.7  26.8  26.0  24.5  25.1  27.6  29.3  28.7  28.4  28.1  28.2  27.6  26.4  23.5  21.7
  28.2  28.2  28.4  29.5  24.7  22.7  21.7  20.7  23.7  26.8  26.0  24.5  25.1  27.6  29.3  28.7  28.4  28.1  28.2  27.6  26.4  23.5  21.7  22.5  25.6  25.5  26.9  27.1  26.6  27.3  28.1  32.4  33.3  33.4  33.2  33.5
   6.7   6.7   7.0   6.4   9.1   8.9   7.6   7.0   7.2   6.1   6.1   6.0   5.9   4.8   5.5   6.6   4.8   4.0   6.7   7.4   7.8   8.2   7.6   9.1   9.4  10.1  10.9  12.1  12.6  11.4  13.4  16.5  20.7  23.3  27.8  31.2
  12.0   8.8  11.6  16.0  16.5  16.2  15.9  14.2  12.8  14.8  17.7  17.8  13.0  14.1  14.4  13.5  13.5  12.5  10.1   9.2   7.4   5.4   4.4   5.1   7.1   7.8   7.0   6.0   3.4   2.6   1.9   4.1   6.2   8.2   8.0   7.2
  48.2  49.5  46.4  42.5  43.0  45.5  47.4  49.0  43.6  38.0  37.2  36.5  33.4  31.9  29.4  31.4  31.9  40.2  41.5  30.2  12.1   4.5   4.3  11.1  12.7  10.8  12.4  12.9   8.3   7.2  10.6  15.0  16.6  14.4  12.5  10.8
   8.9   7.6   7.0   7.2   6.1   6.1   6.0   5.9   4.8   5.5   6.6   4.8   4.0   6.7   7.4   7.8   8.2   7.6   9.1   9.4  10.1  10.9  12.1  12.6  11.4  13.4  16.5  20.7  23.3  27.8  31.2  32.1  31.2  29.6  30.2  29.9
  10.8  12.4  12.9   8.3   7.2  10.6  15.0  16.6  14.4  12.5  10.8  18.1  17.9  15.6  15.7  15.6  11.8   9.0   4.8   1.8   1.0   2.2   5.8   7.7  10.6  12.1  12.8  15.5  16.0  13.9  14.5  16.2  11.2  13.5  16.6  18.0
   7.0   6.0   3.4   2.6   1.9   4.1   6.2   8.2   8.0   7.2  11.6  10.7   8.7   6.8   6.7   6.7   7.0   6.4   9.1   8.9   7.6   7.0   7.2   6.1   6.1   6.0   5.9   4.8   5.5   6.6   4.8   4.0   6.7   7.4   7.8   8.2
  12.5  10.1   9.2   7.4   5.4   4.4   5.1   7.1   7.8   7.0   6.0   3.4   2.6   1.9   4.1   6.2   8.2   8.0   7.2  11.6  10.7   8.7   6.8   6.7   6.7   7.0   6.4   9.1   8.9   7.6   7.0   7.2   6.1   6.1   6.0   5.9
  10.9  12.1  12.6  11.4  13.4  16.5  20.7  23.3  27.8  31.2  32.1  31.2  29.6  30.2  29.9  32.9  32.7  30.9  32.5  32.2  32.7  37.5  38.2  39.7  40.6  40.7  43.1  46.6  47.5  43.3  44.9  44.7  45.4  49.6  49.5  52.2
  21.0  22.6  26.4  25.3  27.8  28.2  28.2  28.4  29.5  24.7  22.7  21.7  20.7  23.7  26.8  26.0  24.5  25.1  27.6  29.3  28.7  28.4  28.1  28.2  27.6  26.4  23.5  21.7  22.5  25.6  25.5  26.9  27.1  26.6  27.3  28.1
  41.5  30.2  12.1   4.5   4.3  11.1  12.7  10.8  12.4  12.9   8.3   7.2  10.6  15.0  16.6  14.4  12.5  10.8  18.1  17.9  15.6  15.7  15.6  11.8   9.0   4.8   1.8   1.0   2.2   5.8   7.7  10.6  12.1  12.8  15.5  16.0
  47.6  51.6  49.4  47.3  45.6  44.6  44.9  42.3  40.0  41.0  48.2  49.5  46.4  42.5  43.0  45.5  47.4  49.0  43.6  38.0  37.2  36.5  33.4  31.9  29.4  31.4  31.9  40.2  41.5  30.2  12.1   4.5   4.3  11.1  12.7  10.8
   8.7   6.8   6.7   6.7   7.0   6.4   9.1   8.9   7.6   7.0   7.2   6.1   6.1   6.0   5.9   4.8   5.5   6.6   4.8   4.0   6.7   7.4   7.8   8.2   7.6   9.1   9.4  10.1  10.9  12.1  12.6  11.4  13.4  16.5  20.7  23.3
  23.6  23.1  15.9  16.2  38.5  41.8  26.5  18.0  15.6  13.3  13.9  13.6  12.4  13.6  12.0   8.8  11.6  16.0  16.5  16.2  15.9  14.2  12.8  14.8  17.7  17.8  13.0  14.1  14.4  13.5  13.5  12.5  10.1   9.2   7.4   5.4
   5.5   6.6   4.8   4.0   6.7   7.4   7.8   8.2   7.6   9.1   9.4  10.1  10.9  12.1  12.6  11.4  13.4  16.5  20.7  23.3  27.8  31.2  32.1  31.2  29.6  30.2  29.9  32.9  32.7  30.9  32.5  32.2  32.7  37.5  38.2  39.7
  27.6  26.4  23.5  21.7  22.5  25.6  25.5  26.9  27.1  26.6  27.3  28.1  32.4  33.3  33.4  33.2  33.5  34.0  32.2  30.3  30.2  30.3  31.0  32.8  33.6  34.2  36.6  40.9  39.4  42.4  43.9  43.8  40.8  44.7  43.4  42.5
  12.1  12.6  11.4  13.4  16.5  20.7  23.3  27.8  31.2  32.1  31.2  29.6  30.2  29.9  32.9  32.7  30.9  32.5  32.2  32.7  37.5  38.2  39.7  40.6  40.7  43.1  46.6  47.5  43.3  44.9  44.7  45.4  49.6  49.5  52.2  49.7
  11.1  21.7  19.3  23.6  23.1  15.9  16.2  38.5  41.8  26.5  18.0  15.6  13.3  13.9  13.6  12.4  13.6  12.0   8.8  11.6  16.0  16.5  16.2  15.9  14.2  12.8  14.8  17.7  17.8  13.0  14.1  14.4  13.5  13.5  12.5  10.1
   1.0   2.2   5.8   7.7  10.6  12.1  12.8  15.5  16.0  13.9  14.5  16.2  11.2  13.5  16.6  18.0  20.3  21.0  22.6  26.4  25.3  27.8  28.2  28.2  28.4  29.5  24.7  22.7  21.7  20.7  23.7  26.8  26.0  24.5  25.1  27.6
  38.0  37.2  36.5  33.4  31.9  29.4  31.4  31.9  40.2  41.5  30.2  12.1   4.5   4.3  11.1  12.7  10.8  12.4  12.9   8.3   7.2  10.6  15.0  16.6  14.4  12.5  10.8  18.1  17.9  15.6  15.7  15.6  11.8   9.0   4.8   1.8
  47.4  49.0  43.6  38.0  37.2  36.5  33.4  31.9  29.4  31.4  31.9  40.2  41.5  30.2  12.1   4.5   4.3  11.1  12.7  10.8  12.4  12.9   8.3   7.2  10.6  15.0  16.6  14.4  12.5  10.8  18.1  17.9  15.6  15.7  15.6  11.8
  38.5  41.8  26.5  18.0  15.6  13.3  13.9  13.6  12.4  13.6  12.0   8.8  11.6  16.0  16.5  16.2  15.9  14.2  12.8  14.8  17.7  17.8  13.0  14.1  14.4  13.5  13.5  12.5  10.1   9.2   7.4   5.4   4.4   5.1   7.1   7.8
  13.5  12.5  10.1   9.2   7.4   5.4   4.4   5.1   7.1   7.8   7.0   6.0   3.4   2.6   1.9   4.1   6.2   8.2   8.0   7.2  11.6  10.7   8.7   6.8   6.7   6.7   7.0   6.4   9.1   8.9   7.6   7.0   7.2   6.1   6.1   6.0
  13.0  14.1  14.4  13.5  13.5  12.5  10.1   9.2   7.4   5.4   4.4   5.1   7.1   7.8   7.0   6.0   3.4   2.6   1.9   4.1   6.2   8.2   8.0   7.2  11.6  10.7   8.7   6.8   6.7   6.7   7.0   6.4   9.1   8.9   7.6   7.0
  17.9  15.6  15.7  15.6  11.8   9.0   4.8   1.8   1.0   2.2   5.8   7.7  10.6  12.1  12.8  15.5  16.0  13.9  14.5  16.2  11.2  13.5  16.6  18.0  20.3  21.0  22.6  26.4  25.3  27.8  28.2  28.2  28.4  29.5  24.7  22.7
  52.2  49.7  47.2  50.5  48.4  46.2  45.9  46.7  45.4  46.3  44.5  47.6  51.6  49.4  47.3  45.6  44.6  44.9  42.3  40.0  41.0  48.2  49.5  46.4  42.5  43.0  45.5  47.4  49.0  43.6  38.0  37.2  36.5  33.4  31.9  29.4
  15.9  16.2  38.5  41.8  26.5  18.0  15.6  13.3  13.9  13.6  12.4  13.6  12.0   8.8  11.6  16.0  16.5  16.2  15.9  14.2  12.8  14.8  17.7  17.8  13.0  14.1  14.4  13.5  13.5  12.5  10.1   9.2   7.4   5.4   4.4   5.1
  46.7  45.4  46.3  44.5  47.6  51.6  49.4  47.3  45.6  44.6  44.9  42.3  40.0  41.0  48.2  49.5  46.4  42.5  43.0  45.5  47.4  49.0  43.6  38.0  37.2  36.5  33.4  31.9  29.4  31.4  31.9  40.2  41.5  30.2  12.1   4.5
   9.1   8.9   7.6   7.0   7.2   6.1   6.1   6.0   5.9   4.8   5.5   6.6   4.8   4.0   6.7   7.4   7.8   8.2   7.6   9.1   9.4  10.1  10.9  12.1  12.6  11.4  13.4  16.5  20.7  23.3  27.8  31.2  32.1  31.2  29.6  30.2
  37.5  38.2  39.7  40.6  40.7  43.1  46.6  47.5  43.3  44.9  44.7  45.4  49.6  49.5  52.2  49.7  47.2  50.5  48.4  46.2  45.9  46.7  45.4  46.3  44.5  47.6  51.6  49.4  47.3  45.6  44.6  44.9  42.3  40.0  41.0  48.2
   9.1   9.4  10.1  10.9  12.1  12.6  11.4  13.4  16.5  20.7  23.3  27.8  31.2  32.1  31.2  29.6  30.2  29.9  32.9  32.7  30.9  32.5  32.2  32.7  37.5  38.2  39.7  40.6  40.7  43.1  46.6  47.5  43.3  44.9  44.7  45.4
  12.8  14.8  17.7  17.8  13.0  14.1  14.4  13.5  13.5  12.5  10.1   9.2   7.4   5.4   4.4   5.1   7.1   7.8   7.0   6.0   3.4   2.6   1.9   4.1   6.2   8.2   8.0   7.2  11.6  10.7   8.7   6.8   6.7   6.7   7.0   6.4
  44.9  42.3  40.0  41.0  48.2  49.5  46.4  42.5  43.0  45.5  47.4  49.0  43.6  38.0  37.2  36.5  33.4  31.9  29.4  31.4  31.9  40.2  41.5  30.2  12.1   4.5   4.3  11.1  12.7  10.8  12.4  12.9   8.3   7.2  10.6  15.0
  26.4  25.3  27.8  28.2  28.2  28.4  29.5  24.7  22.7  21.7  20.7  23.7  26.8  26.0  24.5  25.1  27.6  29.3  28.7  28.4  28.1  28.2  27.6  26.4  23.5  21.7  22.5  25.6  25.5  26.9  27.1  26.6  27.3  28.1  32.4  33.3
   7.0   7.2   6.1   6.1   6.0   5.9   4.8   5.5   6.6   4.8   4.0   6.7   7.4   7.8   8.2   7.6   9.1   9.4  10.1  10.9  12.1  12.6  11.4  13.4  16.5  20.7  23.3  27.8  31.2  32.1  31.2  29.6  30.2  29.9  32.9  32.7
  32.5  32.2  32.7  37.5  38.2  39.7  40.6  40.7  43.1  46.6  47.5  43.3  44.9  44.7  45.4  49.6  49.5  52.2  49.7  47.2  50.5  48.4  46.2  45.9  46.7  45.4  46.3  44.5  47.6  51.6  49.4  47.3  45.6  44.6  44.9  42.3
  18.0  20.3  21.0  22.6  26.4  25.3  27.8  28.2  28.2  28.4  29.5  24.7  22.7  21.7  20.7  23.7  26.8  26.0  24.5  25.1  27.6  29.3  28.7  28.4  28.1  28.2  27.6  26.4  23.5  21.7  22.5  25.6  25.5  26.9  27.1  26.6
  45.9  46.7  45.4  46.3  44.5  47.6  51.6  49.4  47.3  45.6  44.6  44.9  42.3  40.0  41.0  48.2  49.5  46.4  42.5  43.0  45.5  47.4  49.0  43.6  38.0  37.2  36.5  33.4  31.9  29.4  31.4  31.9  40.2  41.5  30.2  12.1
  12.6  11.4  13.4  16.5  20.7  23.3  27.8  31.2  32.1  31.2  29.6  30.2  29.9  32.9  32.7  30.9  32.5  32.2  32.7  37.5  38.2  39.7  40.6  40.7  43.1  46.6  47.5  43.3  44.9  44.7  45.4  49.6  49.5  52.2  49.7  47.2
  16.6  14.4  12.5  10.8  18.1  17.9  15.6  15.7  15.6  11.8   9.0   4.8   1.8   1.0   2.2   5.8   7.7  10.6  12.1  12.8  15.5  16.0  13.9  14.5  16.2  11.2  13.5  16.6  18.0  20.3  21.0  22.6  26.4  25.3  27.8  28.2
   5.4   4.4   5.1   7.1   7.8   7.0   6.0   3.4   2.6   1.9   4.1   6.2   8.2   8.0   7.2  11.6  10.7   8.7   6.8   6.7   6.7   7.0   6.4   9.1   8.9   7.6   7.0   7.2   6.1   6.1   6.0   5.9   4.8   5.5   6.6   4.8
   9.0   4.8   1.8   1.0   2.2   5.8   7.7  10.6  12.1  12.8  15.5  16.0  13.9  14.5  16.2  11.2  13.5  16.6  18.0  20.3  21.0  22.6  26.4  25.3  27.8  28.2  28.2  28.4  29.5  24.7  22.7  21.7  20.7  23.7  26.8  26.0
  26.9  27.1  26.6  27.3  28.1  32.4  33.3  33.4  33.2  33.5  34.0  32.2  30.3  30.2  30.3  31.0  32.8  33.6  34.2  36.6  40.9  39.4  42.4  43.9  43.8  40.8  44.7  43.4  42.5  44.8  43.6  43.5  46.5  45.5  45.9  48.4
  21.7  19.3  23.6  23.1  15.9  16.2  38.5  41.8  26.5  18.0  15.6  13.3  13.9  13.6  12.4  13.6  12.0   8.8  11.6  16.0  16.5  16.2  15.9  14.2  12.8  14.8  17.7  17.8  13.0  14.1  14.4  13.5  13.5  12.5  10.1   9.2
  21.7  20.7  23.7  26.8  26.0  24.5  25.1  27.6  29.3  28.7  28.4  28.1  28.2  27.6  26.4  23.5  21.7  22.5  25.6  25.5  26.9  27.1  26.6  27.3  28.1  32.4  33.3  33.4  33.2  33.5  34.0  32.2  30.3  30.2  30.3  31.0
  38.2  39.7  40.6  40.7  43.1  46.6  47.5  43.3  44.9  44.7  45.4  49.6  49.5  52.2  49.7  47.2  50.5  48.4  46.2  45.9  46.7  45.4  46.3  44.5  47.6  51.6  49.4  47.3  45.6  44.6  44.9  42.3  40.0  41.0  48.2  49.5
   8.2   7.6   9.1   9.4  10.1  10.9  12.1  12.6  11.4  13.4  16.5  20.7  23.3  27.8  31.2  32.1  31.2  29.6  30.2  29.9  32.9  32.7  30.9  32.5  32.2  32.7  37.5  38.2  39.7  40.6  40.7  43.1  46.6  47.5  43.3  44.9
  42.3  40.0  41.0  48.2  49.5  46.4  42.5  43.0  45.5  47.4  49.0  43.6  38.0  37.2  36.5  33.4  31.9  29.4  31.4  31.9  40.2  41.5  30.2  12.1   4.5   4.3  11.1  12.7  10.8  12.4  12.9   8.3   7.2  10.6  15.0  16.6
  32.2  32.7  37.5  38.2  39.7  40.6  40.7  43.1  46.6  47.5  43.3  44.9  44.7  45.4  49.6  49.5  52.2  49.7  47.2  50.5  48.4  46.2  45.9  46.7  45.4  46.3  44.5  47.6  51.6  49.4  47.3  45.6  44.6  44.9  42.3  40.0
  39.7  40.6  40.7  43.1  46.6  47.5  43.3  44.9  44.7  45.4  49.6  49.5  52.2  49.7  47.2  50.5  48.4  46.2  45.9  46.7  45.4  46.3  44.5  47.6  51.6  49.4  47.3  45.6  44.6  44.9  42.3  40.0  41.0  48.2  49.5  46.4
  11.4  13.4  16.5  20.7  23.3  27.8  31.2  32.1  31.2  29.6  30.2  29.9  32.9  32.7  30.9  32.5  32.2  32.7  37.5  38.2  39.7  40.6  40.7  43.1  46.6  47.5  43.3  44.9  44.7  45.4  49.6  49.5  52.2  49.7  47.2  50.5
  25.5  26.9  27.1  26.6  27.3  28.1  32.4  33.3  33.4  33.2  33.5  34.0  32.2  30.3  30.2  30.3  31.0  32.8  33.6  34.2  36.6  40.9  39.4  42.4  43.9  43.8  40.8  44.7  43.4  42.5  44.8  43.6  43.5  46.5  45.5  45.9
  15.9  14.2  12.8  14.8  17.7  17.8  13.0  14.1  14.4  13.5  13.5  12.5  10.1   9.2   7.4   5.4   4.4   5.1   7.1   7.8   7.0   6.0   3.4   2.6   1.9   4.1   6.2   8.2   8.0   7.2  11.6  10.7   8.7   6.8   6.7   6.7
  16.0  16.5  16.2  15.9  14.2  12.8  14.8  17.7  17.8  13.0  14.1  14.4  13.5  13.5  12.5  10.1   9.2   7.4   5.4   4.4   5.1   7.1   7.8   7.0   6.0   3.4   2.6   1.9   4.1   6.2   8.2   8.0   7.2  11.6  10.7   8.7
  26.4  23.5  21.7  22.5  25.6  25.5  26.9  27.1  26.6  27.3  28.1  32.4  33.3  33.4  33.2  33.5  34.0  32.2  30.3  30.2  30.3  31.0  32.8  33.6  34.2  36.6  40.9  39.4  42.4  43.9  43.8  40.8  44.7  43.4  42.5  44.8
  11.1  12.7  10.8  12.4  12.9   8.3   7.2  10.6  15.0  16.6  14.4  12.5  10.8  18.1  17.9  15.6  15.7  15.6  11.8   9.0   4.8   1.8   1.0   2.2   5.8   7.7  10.6  12.1  12.8  15.5  16.0  13.9  14.5  16.2  11.2  13.5
   5.9   4.8   5.5   6.6   4.8   4.0   6.7   7.4   7.8   8.2   7.6   9.1   9.4  10.1  10.9  12.1  12.6  11.4  13.4  16.5  20.7  23.3  27.8  31.2  32.1  31.2  29.6  30.2  29.9  32.9  32.7  30.9  32.5  32.2  32.7  37.5
  15.6  11.8   9.0   4.8   1.8   1.0   2.2   5.8   7.7  10.6  12.1  12.8  15.5  16.0  13.9  14.5  16.2  11.2  13.5  16.6  18.0  20.3  21.0  22.6  26.4  25.3  27.8  28.2  28.2  28.4  29.5  24.7  22.7  21.7  20.7  23.7
  11.6  16.0  16.5  16.2  15.9  14.2  12.8  14.8  17.7  17.8  13.0  14.1  14.4  13.5  13.5  12.5  10.1   9.2   7.4   5.4   4.4   5.1   7.1   7.8   7.0   6.0   3.4   2.6   1.9   4.1   6.2   8.2   8.0   7.2  11.6  10.7
  32.7  37.5  38.2  39.7  40.6  40.7  43.1  46.6  47.5  43.3  44.9  44.7  45.4  49.6  49.5  52.2  49.7  47.2  50.5  48.4  46.2  45.9  46.7  45.4  46.3  44.5  47.6  51.6  49.4  47.3  45.6  44.6  44.9  42.3  40.0  41.0
  31.9  29.4  31.4  31.9  40.2  41.5  30.2  12.1   4.5   4.3  11.1  12.7  10.8  12.4  12.9   8.3   7.2  10.6  15.0  16.6  14.4  12.5  10.8  18.1  17.9  15.6  15.7  15.6  11.8   9.0   4.8   1.8   1.0   2.2   5.8   7.7
   5.1   7.1   7.8   7.0   6.0   3.4   2.6   1.9   4.1   6.2   8.2   8.0   7.2  11.6  10.7   8.7   6.8   6.7   6.7   7.0   6.4   9.1   8.9   7.6   7.0   7.2   6.1   6.1   6.0   5.9   4.8   5.5   6.6   4.8   4.0   6.7
  43.3  44.9  44.7  45.4  49.6  49.5  52.2  49.7  47.2  50.5  48.4  46.2  45.9  46.7  45.4  46.3  44.5  47.6  51.6  49.4  47.3  45.6  44.6  44.9  42.3  40.0  41.0  48.2  49.5  46.4  42.5  43.0  45.5  47.4  49.0  43.6
  12.9   8.3   7.2  10.6  15.0  16.6  14.4  12.5  10.8  18.1  17.9  15.6  15.7  15.6  11.8   9.0   4.8   1.8   1.0   2.2   5.8   7.7  10.6  12.1  12.8  15.5  16.0  13.9  14.5  16.2  11.2  13.5  16.6  18.0  20.3  21.0
  20.3  21.0  22.6  26.4  25.3  27.8  28.2  28.2  28.4  29.5  24.7  22.7  21.7  20.7  23.7  26.8  26.0  24.5  25.1  27.6  29.3  28.7  28.4  28.1  28.2  27.6  26.4  23.5  21.7  22.5  25.6  25.5  26.9  27.1  26.6  27.3
  20.7  23.3  27.8  31.2  32.1  31.2  29.6  30.2  29.9  32.9  32.7  30.9  32.5  32.2  32.7  37.5  38.2  39.7  40.6  40.7  43.1  46.6  47.5  43.3  44.9  44.7  45.4  49.6  49.5  52.2  49.7  47.2  50.5  48.4  46.2  45.9
  15.6  15.7  15.6  11.8   9.0   4.8   1.8   1.0   2.2   5.8   7.7  10.6  12.1  12.8  15.5  16.0  13.9  14.5  16.2  11.2  13.5  16.6  18.0  20.3  21.0  22.6  26.4  25.3  27.8  28.2  28.2  28.4  29.5  24.7  22.7  21.7
  26.8  26.0  24.5  25.1  27.6  29.3  28.7  28.4  28.1  28.2  27.6  26.4  23.5  21.7  22.5  25.6  25.5  26.9  27.1  26.6  27.3  28.1  32.4  33.3  33.4  33.2  33.5  34.0  32.2  30.3  30.2  30.3  31.0  32.8  33.6  34.2
   7.4   7.8   8.2   7.6   9.1   9.4  10.1  10.9  12.1  12.6  11.4  13.4  16.5  20.7  23.3  27.8  31.2  32.1  31.2  29.6  30.2  29.9  32.9  32.7  30.9  32.5  32.2  32.7  37.5  38.2  39.7  40.6  40.7  43.1  46.6  47.5
  43.0  45.5  47.4  49.0  43.6  38.0  37.2  36.5  33.4  31.9  29.4  31.4  31.9  40.2  41.5  30.2  12.1   4.5   4.3  11.1  12.7  10.8  12.4  12.9   8.3   7.2  10.6  15.0  16.6  14.4  12.5  10.8  18.1  17.9  15.6  15.7
   7.1   7.8   7.0   6.0   3.4   2.6   1.9   4.1   6.2   8.2   8.0   7.2  11.6  10.7   8.7   6.8   6.7   6.7   7.0   6.4   9.1   8.9   7.6   7.0   7.2   6.1   6.1   6.0   5.9   4.8   5.5   6.6   4.8   4.0   6.7   7.4
  29.4  31.4  31.9  40.2  41.5  30.2  12.1   4.5   4.3  11.1  12.7  10.8  12.4  12.9   8.3   7.2  10.6  15.0  16.6  14.4  12.5  10.8  18.1  17.9  15.6  15.7  15.6  11.8   9.0   4.8   1.8   1.0   2.2   5.8   7.7  10.6
   8.3   7.2  10.6  15.0  16.6  14.4  12.5  10.8  18.1  17.9  15.6  15.7  15.6  11.8   9.0   4.8   1.8   1.0   2.2   5.8   7.7  10.6  12.1  12.8  15.5  16.0  13.9  14.5  16.2  11.2  13.5  16.6  18.0  20.3  21.0  22.6
  28.2  28.4  29.5  24.7  22.7  21.7  20.7  23.7  26.8  26.0  24.5  25.1  27.6  29.3  28.7  28.4  28.1  28.2  27.6  26.4  23.5  21.7  22.5  25.6  25.5  26.9  27.1  26.6  27.3  28.1  32.4  33.3  33.4  33.2  33.5  34.0
  44.5  47.6  51.6  49.4  47.3  45.6  44.6  44.9  42.3  40.0  41.0  48.2  49.5  46.4  42.5  43.0  45.5  47.4  49.0  43.6  38.0  37.2  36.5  33.4  31.9  29.4  31.4  31.9  40.2  41.5  30.2  12.1   4.5   4.3  11.1  12.7
  30.2  29.9  32.9  32.7  30.9  32.5  32.2  32.7  37.5  38.2  39.7  40.6  40.7  43.1  46.6  47.5  43.3  44.9  44.7  45.4  49.6  49.5  52.2  49.7  47.2  50.5  48.4  46.2  45.9  46.7  45.4  46.3  44.5  47.6  51.6  49.4
  24.7  22.7  21.7  20.7  23.7  26.8  26.0  24.5  25.1  27.6  29.3  28.7  28.4  28.1  28.2  27.6  26.4  23.5  21.7  22.5  25.6  25.5  26.9  27.1  26.6  27.3  28.1  32.4  33.3  33.4  33.2  33.5  34.0  32.2  30.3  30.2
  27.8  31.2  32.1  31.2  29.6  30.2  29.9  32.9  32.7  30.9  32.5  32.2  32.7  37.5  38.2  39.7  40.6  40.7  43.1  46.6  47.5  43.3  44.9  44.7  45.4  49.6  49.5  52.2  49.7  47.2  50.5  48.4  46.2  45.9  46.7  45.4
  12.8  15.5  16.0  13.9  14.5  16.2  11.2  13.5  16.6  18.0  20.3  21.0  22.6  26.4  25.3  27.8  28.2  28.2  28.4  29.5  24.7  22.7  21.7  20.7  23.7  26.8  26.0  24.5  25.1  27.6  29.3  28.7  28.4  28.1  28.2  27.6
   4.4   5.1   7.1   7.8   7.0   6.0   3.4   2.6   1.9   4.1   6.2   8.2   8.0   7.2  11.6  10.7   8.7   6.8   6.7   6.7   7.0   6.4   9.1   8.9   7.6   7.0   7.2   6.1   6.1   6.0   5.9   4.8   5.5   6.6   4.8   4.0
   8.2   8.0   7.2  11.6  10.7   8.7   6.8   6.7   6.7   7.0   6.4   9.1   8.9   7.6   7.0   7.2   6.1   6.1   6.0   5.9   4.8   5.5   6.6   4.8   4.0   6.7   7.4   7.8   8.2   7.6   9.1   9.4  10.1  10.9  12.1  12.6
  47.5  43.3  44.9  44.7  45.4  49.6  49.5  52.2  49.7  47.2  50.5  48.4  46.2  45.9  46.7  45.4  46.3  44.5  47.6  51.6  49.4  47.3  45.6  44.6  44.9  42.3  40.0  41.0  48.2  49.5  46.4  42.5  43.0  45.5  47.4  49.0
  12.7  10.8  12.4  12.9   8.3   7.2  10.6  15.0  16.6  14.4  12.5  10.8  18.1  17.9  15.6  15.7  15.6  11.8   9.0   4.8   1.8   1.0   2.2   5.8   7.7  10.6  12.1  12.8  15.5  16.0  13.9  14.5  16.2  11.2  13.5  16.6
  23.5  21.7  22.5  25.6  25.5  26.9  27.1  26.6  27.3  28.1  32.4  33.3  33.4  33.2  33.5  34.0  32.2  30.3  30.2  30.3  31.0  32.8  33.6  34.2  36.6  40.9  39.4  42.4  43.9  43.8  40.8  44.7  43.4  42.5  44.8  43.6
  10.1  10.9  12.1  12.6  11.4  13.4  16.5  20.7  23.3  27.8  31.2  32.1  31.2  29.6  30.2  29.9  32.9  32.7  30.9  32.5  32.2  32.7  37.5  38.2  39.7  40.6  40.7  43.1  46.6  47.5  43.3  44.9  44.7  45.4  49.6  49.5
  40.7  43.1  46.6  47.5  43.3  44.9  44.7  45.4  49.6  49.5  52.2  49.7  47.2  50.5  48.4  46.2  45.9  46.7  45.4  46.3  44.5  47.6  51.6  49.4  47.3  45.6  44.6  44.9  42.3  40.0  41.0  48.2  49.5  46.4  42.5  43.0
  16.5  16.2  15.9  14.2  12.8  14.8  17.7  17.8  13.0  14.1  14.4  13.5  13.5  12.5  10.1   9.2   7.4   5.4   4.4   5.1   7.1   7.8   7.0   6.0   3.4   2.6   1.9   4.1   6.2   8.2   8.0   7.2  11.6  10.7   8.7   6.8
   6.1   6.0   5.9   4.8   5.5   6.6   4.8   4.0   6.7   7.4   7.8   8.2   7.6   9.1   9.4  10.1  10.9  12.1  12.6  11.4  13.4  16.5  20.7  23.3  27.8  31.2  32.1  31.2  29.6  30.2  29.9  32.9  32.7  30.9  32.5  32.2
   7.4   5.4   4.4   5.1   7.1   7.8   7.0   6.0   3.4   2.6   1.9   4.1   6.2   8.2   8.0   7.2  11.6  10.7   8.7   6.8   6.7   6.7   7.0   6.4   9.1   8.9   7.6   7.0   7.2   6.1   6.1   6.0   5.9   4.8   5.5   6.6
  32.9  32.7  30.9  32.5  32.2  32.7  37.5  38.2  39.7  40.6  40.7  43.1  46.6  47.5  43.3  44.9  44.7  45.4  49.6  49.5  52.2  49.7  47.2  50.5  48.4  46.2  45.9  46.7  45.4  46.3  44.5  47.6  51.6  49.4  47.3  45.6
   7.2  10.6  15.0  16.6  14.4  12.5  10.8  18.1  17.9  15.6  15.7  15.6  11.8   9.0   4.8   1.8   1.0   2.2   5.8   7.7  10.6  12.1  12.8  15.5  16.0  13.9  14.5  16.2  11.2  13.5  16.6  18.0  20.3  21.0  22.6  26.4
  46.2  45.9  46.7  45.4  46.3  44.5  47.6  51.6  49.4  47.3  45.6  44.6  44.9  42.3  40.0  41.0  48.2  49.5  46.4  42.5  43.0  45.5  47.4  49.0  43.6  38.0  37.2  36.5  33.4  31.9  29.4  31.4  31.9  40.2  41.5  30.2
  48.4  46.2  45.9  46.7  45.4  46.3  44.5  47.6  51.6  49.4  47.3  45.6  44.6  44.9  42.3  40.0  41.0  48.2  49.5  46.4  42.5  43.0  45.5  47.4  49.0  43.6  38.0  37.2  36.5  33.4  31.9  29.4  31.4  31.9  40.2  41.5
   7.8   7.0   6.0   3.4   2.6   1.9   4.1   6.2   8.2   8.0   7.2  11.6  10.7   8.7   6.8   6.7   6.7   7.0   6.4   9.1   8.9   7.6   7.0   7.2   6.1   6.1   6.0   5.9   4.8   5.5   6.6   4.8   4.0   6.7   7.4   7.8
  11.6  10.7   8.7   6.8   6.7   6.7   7.0   6.4   9.1   8.9   7.6   7.0   7.2   6.1   6.1   6.0   5.9   4.8   5.5   6.6   4.8   4.0   6.7   7.4   7.8   8.2   7.6   9.1   9.4  10.1  10.9  12.1  12.6  11.4  13.4  16.5
   5.8   7.7  10.6  12.1  12.8  15.5  16.0  13.9  14.5  16.2  11.2  13.5  16.6  18.0  20.3  21.0  22.6  26.4  25.3  27.8  28.2  28.2  28.4  29.5  24.7  22.7  21.7  20.7  23.7  26.8  26.0  24.5  25.1  27.6  29.3  28.7
  11.2  13.5  16.6  18.0  20.3  21.0  22.6  26.4  25.3  27.8  28.2  28.2  28.4  29.5  24.7  22.7  21.7  20.7  23.7  26.8  26.0  24.5  25.1  27.6  29.3  28.7  28.4  28.1  28.2  27.6  26.4  23.5  21.7  22.5  25.6  25.5
  17.8  13.0  14.1  14.4  13.5  13.5  12.5  10.1   9.2   7.4   5.4   4.4   5.1   7.1   7.8   7.0   6.0   3.4   2.6   1.9   4.1   6.2   8.2   8.0   7.2  11.6  10.7   8.7   6.8   6.7   6.7   7.0   6.4   9.1   8.9   7.6
   8.8  11.6  16.0  16.5  16.2  15.9  14.2  12.8  14.8  17.7  17.8  13.0  14.1  14.4  13.5  13.5  12.5  10.1   9.2   7.4   5.4   4.4   5.1   7.1   7.8   7.0   6.0   3.4   2.6   1.9   4.1   6.2   8.2   8.0   7.2  11.6
  30.9  32.5  32.2  32.7  37.5  38.2  39.7  40.6  40.7  43.1  46.6  47.5  43.3  44.9  44.7  45.4  49.6  49.5  52.2  49.7  47.2  50.5  48.4  46.2  45.9  46.7  45.4  46.3  44.5  47.6  51.6  49.4  47.3  45.6  44.6  44.9
  27.6  29.3  28.7  28.4  28.1  28.2  27.6  26.4  23.5  21.7  22.5  25.6  25.5  26.9  27.1  26.6  27.3  28.1  32.4  33.3  33.4  33.2  33.5  34.0  32.2  30.3  30.2  30.3  31.0  32.8  33.6  34.2  36.6  40.9  39.4  42.4
  27.8  28.2  28.2  28.4  29.5  24.7  22.7  21.7  20.7  23.7  26.8  26.0  24.5  25.1  27.6  29.3  28.7  28.4  28.1  28.2  27.6  26.4  23.5  21.7  22.5  25.6  25.5  26.9  27.1  26.6  27.3  28.1  32.4  33.3  33.4  33.2
  45.4  49.6  49.5  52.2  49.7  47.2  50.5  48.4  46.2  45.9  46.7  45.4  46.3  44.5  47.6  51.6  49.4  47.3  45.6  44.6  44.9  42.3  40.0  41.0  48.2  49.5  46.4  42.5  43.0  45.5  47.4  49.0  43.6  38.0  37.2  36.5
  41.0  48.2  49.5  46.4  42.5  43.0  45.5  47.4  49.0  43.6  38.0  37.2  36.5  33.4  31.9  29.4  31.4  31.9  40.2  41.5  30.2  12.1   4.5   4.3  11.1  12.7  10.8  12.4  12.9   8.3   7.2  10.6  15.0  16.6  14.4  12.5
  14.4  12.5  10.8  18.1  17.9  15.6  15.7  15.6  11.8   9.0   4.8   1.8   1.0   2.2   5.8   7.7  10.6  12.1  12.8  15.5  16.0  13.9  14.5  16.2  11.2  13.5  16.6  18.0  20.3  21.0  22.6  26.4  25.3  27.8  28.2  28.2
  16.5  20.7  23.3  27.8  31.2  32.1  31.2  29.6  30.2  29.9  32.9  32.7  30.9  32.5  32.2  32.7  37.5  38.2  39.7  40.6  40.7  43.1  46.6  47.5  43.3  44.9  44.7  45.4  49.6  49.5  52.2  49.7  47.2  50.5  48.4  46.2
  13.4  16.5  20.7  23.3  27.8  31.2  32.1  31.2  29.6  30.2  29.9  32.9  32.7  30.9  32.5  32.2  32.7  37.5  38.2  39.7  40.6  40.7  43.1  46.6  47.5  43.3  44.9  44.7  45.4  49.6  49.5  52.2  49.7  47.2  50.5  48.4
   4.1   6.2   8.2   8.0   7.2  11.6  10.7   8.7   6.8   6.7   6.7   7.0   6.4   9.1   8.9   7.6   7.0   7.2   6.1   6.1   6.0   5.9   4.8   5.5   6.6   4.8   4.0   6.7   7.4   7.8   8.2   7.6   9.1   9.4  10.1  10.9
   2.2   5.8   7.7  10.6  12.1  12.8  15.5  16.0  13.9  14.5  16.2  11.2  13.5  16.6  18.0  20.3  21.0  22.6  26.4  25.3  27.8  28.2  28.2  28.4  29.5  24.7  22.7  21.7  20.7  23.7  26.8  26.0  24.5  25.1  27.6  29.3
  49.4  47.3  45.6  44.6  44.9  42.3  40.0  41.0  48.2  49.5  46.4  42.5  43.0  45.5  47.4  49.0  43.6  38.0  37.2  36.5  33.4  31.9  29.4  31.4  31.9  40.2  41.5  30.2  12.1   4.5   4.3  11.1  12.7  10.8  12.4  12.9
