 2         8        13        48        56
        0.00    0
       1.040550       1.040550      52.550400      52.435950      52.591350      52.591350      52.591350      52.591350      51.766050      51.882600      51.136050      51.392250      51.392250      51.392250      51.392250      51.392250      51.392250      51.392250      51.392250      51.392250      51.392250      51.392250      51.392250      51.706200      51.706200      51.706200      51.721950      51.721950      52.303650      51.791250      51.392250      51.721950      51.912000      51.912000      51.912000      51.912000      51.392250      51.392250      51.392250      51.392250      51.392250      51.912000      51.912000      52.303650      50.162700      50.162700      50.162700      50.162700      50.162700      50.162700      50.162700      50.162700      50.162700      50.162700      50.162700      50.162700
      -0.403200      -0.396800       0.069600       0.069600       0.069600       0.069600       0.069600       0.069600       0.069600       0.069600       0.069600       0.069600       0.069600       0.069600       0.069600       0.069600       0.069600       0.069600       0.069600       0.069600       0.069600       0.069600       0.069600       0.069600       0.069600       0.069600       0.069600       0.069600       0.069600       0.069600       0.069600       0.069600       0.069600       0.069600       0.069600       0.069600       0.069600       0.069600       0.069600       0.069600       0.069600       0.069600       0.069600       0.069600       0.069600       0.069600       0.069600       0.069600       0.069600       0.069600       0.069600       0.069600       0.069600       0.069600       0.069600       0.069600
        0.29199999999999998000
       -0.08400000000000001000
        0.16800000000000001000
        0.02800000000000000000
       -0.22000000000000000000
       -0.03200000000000000000
        0.23599999999999999000
       -0.01400000000000000000
       -0.13600000000000001000
       -0.09600000000000000000
       -0.38400000000000001000
       -0.02000000000000000000
       -0.21400000000000000000
        0.35199999999999998000
       -0.18400000000000000000
        0.14000000000000001000
        0.05000000000000000000
        0.38800000000000001000
        0.19800000000000001000
        0.17799999999999999000
       -0.38800000000000001000
       -0.03600000000000000000
        0.11600000000000001000
       -0.38600000000000001000
        0.28999999999999998000
        0.28799999999999998000
        0.37800000000000000000
       -0.39400000000000002000
        0.32800000000000001000
       -0.38000000000000000000
        0.14199999999999999000
        0.01600000000000000000
        0.36199999999999999000
       -0.16800000000000001000
        0.04800000000000000000
        0.29199999999999998000
       -0.08200000000000000000
        0.04200000000000000000
       -0.12200000000000000000
       -0.13200000000000001000
       -0.23400000000000001000
        0.03200000000000000000
        0.09800000000000000000
        0.12600000000000000000
       -0.05600000000000000000
       -0.01800000000000000000
        0.33800000000000002000
        0.15200000000000000000
        0.28599999999999998000
       -0.33600000000000002000
        0.10800000000000000000
       -0.00200000000000000000
        0.33400000000000002000
       -0.25800000000000001000
       -0.08200000000000000000
       -0.05800000000000000000
        0.32400000000000001000
        0.19600000000000001000
       -0.11200000000000000000
        0.02800000000000000000
       -0.16200000000000001000
       -0.01800000000000000000
       -0.00400000000000000000
        0.31600000000000000000
        0.18200000000000000000
       -0.22800000000000001000
       -0.20399999999999999000
        0.08400000000000001000
        0.24199999999999999000
        0.15400000000000000000
        0.05000000000000000000
        0.00600000000000000000
       -0.06200000000000000000
       -0.06400000000000000000
       -0.13400000000000001000
       -0.30399999999999999000
        0.16000000000000000000
       -0.01000000000000000000
       -0.02800000000000000000
        0.16600000000000001000
       -0.49399999999999999000
        0.00400000000000000000
        0.11799999999999999000
       -0.13600000000000001000
        0.32000000000000001000
       -0.22000000000000000000
        0.19600000000000001000
        0.28000000000000003000
       -0.26200000000000001000
        0.05800000000000000000
       -0.01600000000000000000
        0.07400000000000000000
        0.01400000000000000000
       -0.31800000000000000000
        0.07400000000000000000
        0.33400000000000002000
        0.05400000000000000000
        0.38600000000000001000
        0.21199999999999999000
        0.11200000000000000000
       -0.26600000000000001000
        0.04600000000000000000
       -0.35999999999999999000
       -0.25400000000000000000
        0.12800000000000000000
        0.26000000000000001000
       -0.00200000000000000000
        0.35599999999999998000
       -0.25000000000000000000
        0.05400000000000000000
       -0.26800000000000002000
       -0.04200000000000000000
       -0.27800000000000002000
        0.33400000000000002000
       -0.20000000000000001000
       -0.38000000000000000000
       -0.06000000000000000000
       -0.25800000000000001000
        0.07400000000000000000
        0.13600000000000001000
        0.47199999999999998000
        0.04800000000000000000
        0.18200000000000000000
        0.27000000000000002000
        0.33400000000000002000
       -0.16200000000000001000
       -0.18200000000000000000
       -0.20200000000000001000
        0.24800000000000000000
       -0.26200000000000001000
        2.62311781773061581000        0.46378830291247303000        0.53449484266726699000        1.20138348157111863000       -0.05891984211130518000       -1.85428602338405124000        3.16570581560050224000        1.60467673620470475000       -0.28149287389451388000       -0.59358669271520492000        0.97401553391748130000       -1.18578147326650774000       -0.81464342559748459000        0.15077175934132409000        2.63309070704482728000        0.94969602395110575000        0.58285564301305515000        0.53122186992719933000       -0.89160795310272989000       -0.93878151101336726000        2.36757797002001569000        1.35012047400082902000       -0.60122581811008602000       -0.32983450041773199000        1.20637800583206811000       -0.79529941322984532000        0.28478765807703188000       -0.49331725828632295000        2.72307858394726221000        1.44651126376990513000        0.72510134747539789000       -0.38599356112337263000       -1.77313069502685106000       -0.28363904186265299000        1.58952053873966004000        0.88246917274408865000       -0.35318087265702075000       -0.19067773556043718000        1.13220524407497436000       -0.56216692552833580000        0.99649262407669403000       -0.73313730966951474000        2.40243478840541691000        1.84606839992123750000        0.64034574797776878000       -1.45026507884645905000       -2.54039618449046545000        0.84648280209336890000        0.42182001040287631000       -0.45717565249766967000       -0.25724725122527070000        0.02398856032427400000        0.95934953494126463000       -0.00409598495748294000        1.55690987851320140000       -0.97068889403005754000        1.75764609401933880000        2.13099142818168996000        0.55826169967348038000       -2.81343608031530179000       -2.97493769908492123000        2.30682745842361614000       -0.95399158583260346000       -1.92186168600169682000       -0.38658100107739013000        0.19857920961547035000        0.73541861314402768000        0.60168096294371776000        2.19945124750330878000       -1.22431281594164543000        0.84962294125685145000        2.27890970313389696000        0.28209237988812452000       -3.67783160591984215000       -2.99572551240491514000        3.46389427596725641000       -2.26873475067079111000       -2.92454744372952424000       -0.24011047298398924000        0.32672322278895316000        0.61159402496112769000        1.23352893019066756000        2.73765346549605759000       -1.26681257206440301000       -0.63901694531407782000        2.23183593761705312000        0.00070454066971572000       -3.86280274830907144000       -2.49967219368453586000        4.30339416780859008000       -3.30101338071227035000       -3.40266183742072359000       -0.29121643700425071000        0.33546353517541661000        0.53241853369141534000        1.85824003794898673000        3.04148062312316769000       -1.11085882985302953000       -1.96034594097435488000        2.00348444412169568000       -0.22115790468734184000       -4.38885019595503589000       -2.22231425628225310000        5.30513740040799497000       -3.90945553658244860000       -4.15466135921071356000       -0.53070153713558699000        0.27536273893814001000        0.42973845638617669000        2.22696697033903712000        3.16923849653271006000       -1.04696775706967671000       -2.96849787941248877000        1.72052097133636317000       -0.49835437744113281000       -4.90422798562070472000       -2.05884438788530622000        5.85250102791712479000       -4.33317945682084371000       -4.99814368682651011000       -0.47464050149497389000        0.22513261212417623000        0.10429473018635589000        2.30089841789869221000        2.86711843013288314000       -0.85715485516009604000       -3.78768578518327059000        1.35053344488840676000       -0.74823017042210194000       -5.33008843515182740000       -1.82357355596423587000        6.44749353792584046000       -4.46167661126954496000       -5.74444425481492171000       -0.54222270586792964000        0.05790320898946087000        0.00926899710150765000        2.31682921504560868000        2.53518159205455706000       -0.69399110260134034000       -4.66279528309350599000        0.89506456262850431000       -0.95390196839080110000       -5.37716666944106425000       -1.34003771382138237000        6.88151414367755354000       -4.28052372168607498000       -6.27665957225596394000       -0.73406653762744023000       -0.26390133964483226000        0.02985024068364039000        2.29654148312584727000        1.95019444158956845000       -0.39621122901261718000       -5.45498922687784749000        0.36859918536869107000       -1.03197285593344712000       -5.17035233648398762000       -0.66852800177765770000        6.74213750052670768000       -3.79018733190703694000       -6.19871737367593223000       -0.74227124705581105000       -0.70302426509822868000       -0.02493362735183054000        1.95127128280088025000        1.16773792393626974000        0.05474962267782439000       -5.96071258171237428000       -0.10643991140086292000       -1.14832067070662536000       -4.51301801357375698000        0.00917083528622311000        5.64336046140423697000       -3.32718858480598501000       -5.54576258512350773000       -0.46188340823025203000       -0.92619604974475178000       -0.31517005329118997000        1.30877313971240827000        0.25918272924866864000        0.49714612399665059000       -6.26955368753921150000       -0.49282561174729084000       -1.24277989748222417000       -3.85690449694048221000        0.62744479076513771000        4.34316067600784095000       -2.98214672440355821000       -4.91168850502478538000       -0.21181911651191476000       -1.05746229836213224000       -0.75076632594261405000        0.57240692188359332000       -0.71688200910789945000        0.87142627541774031000       -6.35013961794026471000       -0.83060758140368141000       -1.27600469691431528000       -3.39553258051427820000        1.17142719815553020000        3.27539680462195371000       -2.53440908161477507000       -4.21385220571897179000        0.01389512031536329000       -1.30125413454095784000       -1.03143457601015198000       -0.22464336622527567000       -1.56107203518151683000        1.17425135762598187000       -5.98307870722751112000       -1.08021057851186519000       -1.26314153807880758000       -2.74346118414434814000        1.55147676401371104000        2.19274237340386913000       -2.01059516548658879000       -3.17119903595969621000        0.05708033095954444000       -1.38172773632841839000       -1.02419515921250448000       -0.92126558733293418000       -2.00209097894475896000        1.16724224951315914000       -5.56167984520050318000       -1.23723445973253732000       -1.06020804505723887000       -1.93494236731027325000        1.88724159868328956000        1.00144959120877908000       -1.44450572727060988000       -2.00905432445835652000        0.03263686838844143000       -1.40887322405968374000       -1.10560864560126282000       -1.49308056215186347000       -2.49856247526892128000        1.23019091503689504000       -4.89913349820699384000       -1.33624124487961704000       -0.72113698880135368000       -1.01844082962462879000        2.10545352914706507000       -0.25169316645440981000       -0.61614406774264374000       -0.58213823464752179000        0.20661082153478647000       -1.52085064157297412000       -1.08058886223777217000       -2.04417846324894059000       -2.98675734029863316000        1.39930781640815138000       -4.09150019030032919000       -1.36672182496230454000       -0.41760655739940150000       -0.17509636577154003000        2.10022111299350822000       -1.18201624881081391000        0.16290234137183557000        0.60552721147105215000        0.11840355911534289000       -1.52562103486197231000       -0.91056569373625917000       -2.43949264606127114000       -3.23896251935744006000        1.33060437249322527000       -2.98806220471752759000       -1.32004087246615276000       -0.04083868274613698000        0.29159744337920679000        1.89197706891574713000       -2.10041159519187159000        0.73212928964700985000        1.81307284875961749000        0.09927866160602113000       -1.34269069288397280000       -0.87958132262786914000       -2.86858695697537547000       -3.21059353560001526000        1.07536219340422989000       -1.50028290331108538000       -1.14528480341335870000        0.23616008845070849000        0.68619265181871991000        1.32622584969873780000       -2.63889446297551133000        1.21308187516600530000        2.77087210583828814000        0.02568683171894602000       -0.99167603205527877000       -0.58011143815570487000       -3.01250715834559024000       -2.78710773564256842000        0.54101900113345580000       -0.38775424365611350000       -0.92036270121420438000        0.59305955222653306000        1.04033957847523406000        0.83232408263270652000       -2.85876890184361798000        1.58991372429309852000        3.74521965637827048000       -0.20886190323728349000       -0.74306361805445442000       -0.22562437794615053000       -3.02913269099150462000       -2.20937329905079949000        0.06150598764325409000        0.54518783312976671000       -0.57797433332199255000        0.93314862928161579000        1.57318703899502443000        0.26828669370565489000       -3.04284423570931928000        1.82197407380747300000        4.60197896142223417000       -0.25589238468468445000       -0.46168188064083077000        0.07207694176696845000       -2.79691515118963396000       -1.62064543319501686000       -0.27307646025097349000        1.30394821049094500000       -0.13785380921406076000        1.28841318714659692000        2.16378697024189703000       -0.28381468558416362000       -3.16427430729556169000        1.86371482003146860000        5.18711919579651592000       -0.17606811366422370000       -0.16133822696700162000        0.23472196265980669000       -2.31018189871840196000       -1.10167849788317951000       -0.45738898730119176000        1.88539813504443710000        0.27120977269873464000        1.58970233432671004000        2.61717350693968021000       -0.79714177936230946000       -3.00604798522399941000        1.91332372420196828000        5.47962492627362607000       -0.03729653873787078000        0.00325993849763652000        0.43906363561653478000       -1.75803836197789054000       -0.65316846311543897000       -0.51924446061244467000        2.32617935378585727000        0.65370694382079397000        1.73205890522382955000        2.69966898094820174000       -1.39514494932130972000       -2.36055436480514302000        1.68860522443972272000        5.40806275989044671000       -0.01367300089579152000        0.25576699089104810000        0.74765115875822452000       -1.08041345207321782000        0.16986638319749089000       -0.79039831094041546000        2.21005496804958490000        1.01005887128725713000        1.70443025641566215000        2.44725173230369197000       -1.90857954699624477000       -1.22802736825608472000        1.04272400193962156000        4.68407938629465903000       -0.10096824466413097000        0.53755084743448622000        0.88456880709551722000       -0.20676650826421672000        1.03378724710086156000       -1.04818353127853769000        1.92257803557825357000        1.32812809174247959000        1.53320131888133759000        1.89030736961793799000       -2.39028497830416864000        0.01064305654073053000        0.13052420923501123000        3.59136535797689760000       -0.05465747707144811000        0.87005187640071002000        0.82607982324187546000        0.65006939367580518000        1.85042460871043901000       -1.27301992747315773000        1.44647823750578497000        1.62714328581097267000        1.23878028370640725000        1.54453005522303743000       -2.70732864989979616000        0.99240187829557702000       -0.90147875603909922000        2.59549384071004408000        0.22233207573299593000        1.22521887887516523000        0.67533220544621908000        1.49705304534809369000        2.56359689165303939000       -1.33822611456410678000        0.69882847134012704000        1.80172623975064417000        0.90407220343556716000        1.35811047447058608000       -2.70371077412984517000        1.61150130536061598000       -1.87897513036311459000        1.69411891557544347000        0.55412104537870333000        1.51130042638317841000        0.36251649773833128000        2.18506690689622207000        2.99859447367404153000       -1.23838920417302067000       -0.11266396046621717000        1.88101770687930481000        0.52897437152471782000        1.07216278299027379000       -2.57702267696039655000        2.01500106873455653000       -2.81227470242997857000        0.60407230808196144000        0.95351608637801633000        1.75405951317133368000       -0.17959499394291836000        2.67846086328273980000        3.07065390919308623000       -0.99997104243312185000       -1.03660517206275427000        1.83392259492934739000        0.02472300808534488000        0.46486323252627970000       -2.36583960456901465000        2.69387475907716789000       -3.73701418918069672000       -0.95682655883819423000        1.27312773785759314000        1.90647847119446645000       -0.77729770307897272000        3.10293136532994840000        2.92691034002118577000       -0.72619414625273448000       -2.06318545336224712000        1.69890021158379345000       -0.50355507749551043000       -0.07531746093610453000       -1.88279932739953626000        2.95030418467973732000       -4.61757216681720717000       -2.14738837729788878000        1.75861155987094908000        1.99690988317484996000       -1.52914000510395875000        3.24835556459954278000        2.61041607616964910000       -0.33165189412830709000       -3.07470502144320168000        1.41838902599569172000       -1.02207746476424810000       -0.65199691593300135000       -1.35499551860650591000        3.21028068689499735000       -5.16804909976363369000       -3.22197308420188477000        2.05128551071889964000        1.98142978558767968000       -2.12644810153344466000        3.20414994962981226000        2.27298343249588841000       -0.02887097354150949000       -4.10101196693422487000        1.14246982429824917000       -1.46262227321886251000       -1.08050865129961338000       -0.81345576458866309000        3.27670161052289899000       -5.59064976526621926000       -4.30426751578683753000        2.27463340065544850000        1.93225912547199097000       -2.82701949415251619000        3.09775220372507709000        1.67676223714736339000        0.38323345355255989000       -4.51963741855470680000        0.83958446177734114000       -1.71776677102851449000       -1.45771748669812728000       -0.32325527814090332000        2.80454216408855217000       -5.55935302363041473000       -4.88894592858073995000        2.61980807292462092000        1.77413947144569772000       -3.45511191817168628000        2.59283615896324005000        0.89318867736007657000        0.79750312345242147000       -5.12066053216266237000        0.58759881188026286000       -2.02081718121643839000       -1.51378583298784863000        0.29011011856028263000        2.02793853936574830000       -5.62461088568370737000       -5.16737041569738409000        3.37039370434218677000        1.60584796506214578000       -4.14730665441574242000        2.08975018743583663000        0.12781104933478321000        1.50629238993006154000       -5.28019195006707509000        0.27955604816280449000       -2.04093076663490303000       -1.18712016632463313000        0.87166165401015794000        1.47903351477281197000       -4.90381396008807613000       -4.97202350159872353000        3.20179015415136492000        1.22138788530359332000       -4.04052399189610068000        1.60427341012992364000       -0.42383271459246874000        1.78116055452214406000       -4.93402685268400898000       -0.07058962697771547000       -1.79738953940349089000       -1.28155577661376041000        1.10145614733880026000        1.74722716389311183000       -3.58706377557344203000       -5.02680574606049291000        2.56103507742458980000        0.60854768607686915000       -3.38941561876102160000        1.21392943114253193000       -0.76289698518434279000        1.83311244857258004000       -4.19009427828859327000       -0.40602912880606828000       -1.52654762224399732000       -1.02726115397953510000        1.23037044293986986000        1.81228159257883759000       -1.94606442974375882000       -4.81256785566479550000        1.98436925416588839000       -0.01334303206827081000       -2.47292463266610163000        0.85919679756640510000       -1.15342094597070610000        1.89270470586453565000       -3.31936624668143665000       -0.72659013240283854000       -1.13164959257819864000       -0.51734622113933926000        1.45447152701079419000        1.43445727907726783000       -0.25158916030738143000       -4.15854384401654542000        1.38102814780871741000       -0.55046170628454361000       -1.63167941422760365000        0.42886167030915762000       -1.59719844548966372000        1.95150589408495034000       -2.31749339130896548000       -0.98287157217563137000       -0.78101297154970017000       -0.16930163000132226000        1.53876516641163996000        0.96908850491597220000        1.25436374886359991000       -3.73230375831447159000        0.88286092213661360000       -0.95766761415660506000       -1.03260336131509289000       -0.02159398285448469000       -2.20385502649585785000        2.00972828081262866000       -1.31014370334594177000       -1.16936328907509779000       -0.42097001158749398000        0.09714402753035613000        1.64668182804351915000        0.30665400772903484000        2.59019180809606731000       -3.04190727218105161000        0.64622676290111947000       -1.34279583849905770000       -0.60006766982754678000       -0.57962149405503172000       -2.79707752111929731000        2.12786646124099121000       -0.27593941784319886000       -1.19816572736359483000       -0.18448829534913980000        0.45716842875502200000        1.64240392367854660000       -0.69478377425610172000        3.41703122478000987000       -2.17558268355659123000        0.59713848741131503000       -1.38823025447063153000       -0.40632817696915940000       -1.08296936860918991000       -3.17724331572386953000        2.10405305950207255000        0.57239075335434031000       -1.06356308679443967000        0.12883560623643858000        0.77895123105592434000        1.54888988892343171000       -1.65377767325269720000        3.89894564995461801000       -1.18224599987878265000        0.57163236450636956000       -1.30816028371752990000       -0.35482660118619486000       -1.44377521906629402000       -3.31692234286290244000        2.03108069062427354000        1.22425571382215304000       -0.75270082352680101000        0.32461675942085244000        1.11637853837242829000        1.28378016157083841000       -2.37804497089272271000        4.05497053462820123000       -0.31904028037234317000        0.71334131604133122000       -1.20664996149939951000       -0.27716602958043124000       -1.60838236663295353000       -3.26752308945528336000        1.95804853819126046000        1.56625408446449566000       -0.31833774599037962000        0.54795142299721122000        1.55423908814773415000        1.04012108267189585000       -2.92319801229943010000        3.96017406560950702000        0.62410020362341478000        0.78685331686183657000       -1.11752370891027319000       -0.14519059301901954000       -1.58861943245445114000       -2.98040478497634398000        1.86657978524270440000        1.76908150714042689000        0.22590704744833365000        0.74393503136491290000        1.81771940998174575000        0.58364835897089185000       -2.88858073071220023000        3.64860089500214269000        1.00452517349322235000        0.72396436342536519000       -1.02332903100115646000        0.06602020230592498000       -1.23845256378208335000       -2.58210543019451721000        1.73137030483292476000