 9         8        30        48        56
        0.00    0
       1.040550       1.040550      51.721950      51.721950      51.721950      51.721950      51.721950      51.721950      51.721950      51.721950      51.721950      51.721950      51.721950      51.721950      51.721950      51.721950      51.721950      51.721950      51.721950      51.721950      51.721950      51.721950      51.721950      51.721950      51.721950      51.721950      51.721950      51.721950      51.721950      51.721950      51.721950      51.721950      51.721950      51.791250      52.585050      50.870400      50.571150      50.571150      50.571150      51.721950      51.721950      50.571150      50.571150      50.571150      50.571150      50.571150      50.571150      50.571150      50.571150      50.571150      50.571150      50.571150      50.571150      50.571150      50.571150      50.571150
      -0.403200      -0.563200       0.091200       0.158400       0.158400       0.137600       0.136000       0.069600       0.069600       0.069600       0.069600       0.069600       0.069600       0.069600       0.069600       0.069600       0.069600       0.069600       0.069600       0.069600       0.069600       0.069600       0.069600       0.069600       0.069600       0.069600       0.069600       0.069600       0.069600       0.069600       0.069600       0.069600       0.069600       0.069600       0.069600       0.069600       0.069600       0.069600       0.069600       0.069600       0.069600       0.069600       0.069600       0.069600       0.069600       0.069600       0.069600       0.069600       0.069600       0.069600       0.069600       0.069600       0.069600       0.069600       0.069600       0.069600
        0.17199999999999999000
        0.08599999999999999000
        0.35599999999999998000
       -0.19000000000000000000
        0.08799999999999999000
       -0.39400000000000002000
        0.31600000000000000000
        0.28599999999999998000
       -0.39800000000000002000
       -0.32600000000000001000
       -0.34000000000000002000
        0.03200000000000000000
        0.15800000000000000000
       -0.38400000000000001000
        0.15600000000000000000
       -0.38800000000000001000
        0.22600000000000001000
       -0.35599999999999998000
        0.14000000000000001000
        0.28999999999999998000
       -0.23000000000000001000
       -0.05400000000000000000
        0.37600000000000000000
        0.12600000000000000000
        0.12800000000000000000
       -0.27400000000000002000
        0.17799999999999999000
        0.15200000000000000000
        0.31200000000000000000
        0.08000000000000000000
       -0.34200000000000003000
       -0.00800000000000000000
       -0.11799999999999999000
        0.12000000000000000000
        0.32200000000000001000
        0.31200000000000000000
       -0.36399999999999999000
       -0.18400000000000000000
        0.02800000000000000000
       -0.13600000000000001000
       -0.49800000000000000000
       -0.00400000000000000000
       -0.30399999999999999000
        0.25200000000000000000
        0.03800000000000000000
        0.04000000000000000000
        0.33800000000000002000
        0.37200000000000000000
       -0.32200000000000001000
        0.32000000000000001000
        0.09200000000000000000
       -0.01800000000000000000
       -0.02600000000000000000
        0.11000000000000000000
       -0.02000000000000000000
        0.22200000000000000000
        0.36799999999999999000
        0.28999999999999998000
        0.31600000000000000000
        0.00800000000000000000
        0.16800000000000001000
       -0.05800000000000000000
        0.00800000000000000000
       -0.32800000000000001000
        0.22800000000000001000
       -0.18600000000000000000
       -0.31800000000000000000
       -0.03400000000000000000
        0.28599999999999998000
        0.23999999999999999000
       -0.07400000000000000000
        0.03000000000000000000
       -0.20200000000000001000
        0.38200000000000001000
        0.36399999999999999000
       -0.37200000000000000000
       -0.19600000000000001000
        0.38000000000000000000
        0.12400000000000000000
        0.00400000000000000000
        0.17999999999999999000
        0.03600000000000000000
       -0.30199999999999999000
        0.16400000000000001000
        0.21400000000000000000
       -0.10800000000000000000
        0.16600000000000001000
       -0.34200000000000003000
        0.23400000000000001000
        0.04200000000000000000
        0.00400000000000000000
       -0.07000000000000001000
        0.21199999999999999000
       -0.03000000000000000000
       -0.19800000000000001000
        0.13400000000000001000
        0.38200000000000001000
        0.17799999999999999000
        0.08400000000000001000
       -0.27200000000000002000
       -0.09400000000000000000
       -0.04800000000000000000
       -0.17999999999999999000
       -0.20000000000000001000
       -0.26800000000000002000
        0.05400000000000000000
        0.38400000000000001000
        0.23200000000000001000
        0.02400000000000000000
        0.16600000000000001000
       -0.20799999999999999000
        0.00000000000000000000
       -0.20799999999999999000
        0.25000000000000000000
        0.17199999999999999000
        0.28399999999999997000
       -0.32400000000000001000
        0.34799999999999998000
        0.10800000000000000000
       -0.20799999999999999000
       -0.47199999999999998000
       -0.01400000000000000000
        0.39800000000000002000
        0.19800000000000001000
       -0.23400000000000001000
       -0.11600000000000001000
        0.23400000000000001000
       -0.31800000000000000000
        0.27000000000000002000
       -0.07600000000000000000
        0.24600000000000000000
        0.00400000000000000000
        0.14999999999999999000
        0.02200000000000000000
        0.24399999999999999000
        0.07400000000000000000
        0.05400000000000000000
       -0.24399999999999999000
       -0.17599999999999999000
       -0.10199999999999999000
       -0.28399999999999997000
        0.06800000000000000000
        0.19600000000000001000
       -0.07800000000000000000
       -0.09800000000000000000
       -0.27000000000000002000
       -0.33600000000000002000
       -0.15600000000000000000
       -0.38200000000000001000
       -0.34399999999999997000
       -0.26400000000000001000
       -0.09000000000000000000
        0.34200000000000003000
        0.14999999999999999000
        0.07800000000000000000
       -0.19800000000000001000
       -0.27000000000000002000
        0.08400000000000001000
       -0.35999999999999999000
        0.30199999999999999000
       -0.34399999999999997000
       -0.07000000000000001000
       -0.30800000000000000000
       -0.07400000000000000000
       -0.12600000000000000000
        0.13400000000000001000
        0.20599999999999999000
       -0.19600000000000001000
        0.12400000000000000000
        0.20399999999999999000
        0.20399999999999999000
        0.08000000000000000000
       -0.16000000000000000000
       -0.23000000000000001000
       -0.04200000000000000000
       -0.21800000000000000000
        0.06400000000000000000
       -0.35999999999999999000
       -0.23799999999999999000
        0.25400000000000000000
        0.25600000000000001000
        0.03800000000000000000
        0.00600000000000000000
       -0.09600000000000000000
       -0.28999999999999998000
       -0.06000000000000000000
       -0.17399999999999999000
       -0.03600000000000000000
        0.35199999999999998000
        0.09400000000000000000
       -0.03800000000000000000
       -0.09000000000000000000
        0.09600000000000000000
       -0.17599999999999999000
        0.06200000000000000000
        0.38600000000000001000
        0.12200000000000000000
        0.36599999999999999000
        0.30399999999999999000
        0.30199999999999999000
       -0.47199999999999998000
       -0.08200000000000000000
        0.29399999999999998000
       -0.13000000000000000000
        0.32800000000000001000
       -0.15200000000000000000
       -0.12800000000000000000
        0.06000000000000000000
       -0.21600000000000000000
       -0.19800000000000001000
       -0.17999999999999999000
       -0.00200000000000000000
       -0.28000000000000003000
        0.34000000000000002000
       -0.03400000000000000000
       -0.28799999999999998000
        0.15800000000000000000
        0.17799999999999999000
        0.23999999999999999000
        0.37600000000000000000
        0.48399999999999999000
        0.00200000000000000000
        0.38600000000000001000
       -0.17799999999999999000
        0.23999999999999999000
        0.01800000000000000000
       -0.19200000000000000000
        0.20999999999999999000
        0.02800000000000000000
        0.30199999999999999000
        0.44800000000000001000
       -0.06400000000000000000
        0.13200000000000001000
       -0.38800000000000001000
       -0.27800000000000002000
       -0.03800000000000000000
       -0.14599999999999999000
       -0.11000000000000000000
        0.31000000000000000000
        0.10400000000000000000
        0.09200000000000000000
        0.09800000000000000000
        0.35399999999999998000
        0.19400000000000001000
        0.15400000000000000000
       -0.31400000000000000000
       -0.30599999999999999000
       -0.12000000000000000000
       -0.36799999999999999000
        0.08799999999999999000
        0.16800000000000001000
       -0.05200000000000000000
        0.30800000000000000000
       -0.31200000000000000000
       -0.33600000000000002000
        0.20799999999999999000
       -0.26600000000000001000
       -0.33000000000000002000
        0.04200000000000000000
        0.06600000000000000000
        0.05400000000000000000
       -0.07800000000000000000
        0.19400000000000001000
        0.38200000000000001000
        0.35799999999999998000
       -0.18400000000000000000
        0.16200000000000001000
        0.28199999999999997000
        0.34200000000000003000
       -0.16800000000000001000
       -0.43600000000000000000
       -0.07199999999999999000
        0.26600000000000001000
        0.36199999999999999000
        0.28000000000000003000
       -0.13600000000000001000
        0.01400000000000000000
        0.21400000000000000000
        0.02400000000000000000
       -0.32200000000000001000
        0.48399999999999999000
       -0.08799999999999999000
       -0.27200000000000002000
        0.03000000000000000000
       -0.10000000000000001000
        0.34200000000000003000
        0.19200000000000000000
       -0.16000000000000000000
       -0.34000000000000002000
        0.10600000000000000000
       -0.38600000000000001000
        0.02200000000000000000
        0.32800000000000001000
        0.03200000000000000000
       -0.34799999999999998000
       -0.29599999999999999000
        0.11200000000000000000
        0.05400000000000000000
       -0.05400000000000000000
        0.38000000000000000000
       -1.74674243723615374000        0.57436621599865545000        1.43191879882847539000        0.61917978448907329000       -0.16751237057300741000        0.80341237034946866000       -0.16188817477741288000        2.65705572449061789000       -0.18792171398643387000        0.37316824977832275000        1.76023384962650464000       -2.66512640736621353000       -1.20673840446965186000        0.02528143879187526000       -0.09886648502345899000        2.69273346105228972000        1.45349898688132129000       -3.04187061158744676000       -1.05275443788371859000       -1.20081796549102204000       -0.60674134535496183000       -0.85008811717522514000        1.76936462169038666000       -0.47217155601799848000        0.68238648906932753000        0.08183012921338641000       -1.12816328489755535000       -2.91753036282099742000        1.37269646923447897000        0.01278687442034564000       -0.61713596867843945000       -2.39429963914058153000       -0.23739742767276409000        0.73929236267890375000        0.35925848366803309000       -0.63056246921779557000        1.40794420191108327000       -0.59740171113988050000        1.81436078620118502000       -0.05727815707640615000       -0.21887322547485438000        1.77167014760617070000       -3.81473333418509508000       -1.33155329815657431000        0.74650996177717799000        0.58590134008134742000        2.16143482427368605000        0.20594628594868597000       -3.02028973250437449000       -1.80549684020636159000       -1.16868312374591365000       -0.45169258340400781000        0.09803168075454832000        2.16158470788520196000       -0.24904066462701482000        0.16804185829593005000       -0.90358109595229208000       -1.18764989370724350000       -3.40679258397945395000       -0.43709567340852212000       -0.22981690990564213000       -1.23628209893443120000       -3.46856875997113034000       -0.92723412779336611000        0.65233769988946599000        0.19821301254388499000       -1.26405125552996322000        2.32010909196125414000       -0.85319835356307094000        1.12294401187403592000       -0.22172960491490556000       -0.89780673150012591000        2.27850649801866556000       -4.84393528335967716000       -1.16028644785673474000        0.75301140041093617000        1.23920081077285249000        2.04206659232458732000       -1.43029391090904157000       -2.51365021795067012000       -1.98634836801457682000       -1.21291964401414565000        0.23490218059562212000        0.44307228227608964000        2.34664618639378686000       -0.72325941356527601000       -0.36464155347504779000       -1.91104102758384964000       -1.32036904321565030000       -3.81572075521798038000       -1.43108883551432231000       -0.81536017458868448000       -1.52334059328928428000       -4.37932128085286632000       -0.89523822932151798000        0.72992262814874898000        0.02119041403102838000       -1.60847718981821641000        3.12277754978389943000       -0.91761612005452120000        1.21791566369441839000       -0.47108427139888082000       -1.19018886194602036000        2.34448026957845013000       -5.45634557609725856000       -0.48521624223847371000       -0.10376833816770802000        1.55595204343022164000        1.78791704719215616000       -2.19638820946470581000       -2.63631571753161387000       -2.50608201420628252000       -1.38149679741679132000        1.11446069447553398000        0.22313403995068029000        2.22199670481979394000       -1.34355801010870524000       -0.63336232823394012000       -2.19042415157319770000       -1.76409815123112845000       -4.25171383676945247000       -1.62307227673908661000       -1.26002250384331194000       -0.85804384218659213000       -4.70783919043103172000       -0.18855580398892924000        1.10860644344651171000       -0.15854397432553827000       -1.79588037806639478000        3.07572608668496850000       -1.77999165206129639000        1.51207559866214902000       -1.70518391474813469000       -1.72025299503343043000        1.58750765315258846000       -5.35896983410186234000        0.19974444099646721000       -1.39884647733333112000        1.50579700681438888000        1.33727108878254608000       -1.46034313482403944000       -2.68815706984934666000       -3.82690166160754908000       -1.50151057680013911000        1.40877019802594905000       -0.04320438863920277000        2.15947940623454437000       -0.92847754186677012000       -0.79959195903044755000       -2.52189953078313467000       -1.72826728006689367000       -4.74470545936727284000       -1.73119835755288132000       -1.71459926761711690000        0.35775834447123278000       -4.11226912961015145000        0.03924965473324255000        1.36044672636519692000        0.33656105573933714000       -2.03951682350016750000        1.75339906373631105000       -2.86721526136474436000        1.42651143414018233000       -2.84005688558461289000       -2.02945085636146327000        1.11083938116137015000       -4.98569150621740675000        0.32875544804017820000       -1.80695064885555734000        0.94915991672592792000        0.84598519842906728000        0.57087586022951620000       -2.89746818428497033000       -3.74883180867145915000       -1.30989714800116475000        1.85680412294467767000        0.02297663559472209000        2.09868856406165172000       -0.16387856622905131000       -0.61340010282162094000       -3.19325777473295958000       -1.18535373733137250000       -5.03680343956730159000       -2.04830211521916006000       -1.73493989147831984000        1.46369044331222331000       -3.45259365367420390000        0.22379300658689599000        1.51919751336165954000        0.73109052703787369000       -2.19919648797099310000        0.79322564147235630000       -3.50572737382853683000        1.59475669013090870000       -3.78292199114783578000       -2.31703520833623777000        0.79041381086161111000       -4.52993943068454286000        0.55313813128940215000       -1.87037748000485293000        0.47080143931206836000        0.39781111448362055000        2.63822129141176420000       -3.06285904647598084000       -3.81869959470100939000       -1.16130888871757931000        2.19587760438543578000        0.10170291947141159000        1.81897145112690461000        0.49144010445796965000       -0.41433184839301684000       -3.28391723779271683000       -0.72608102852505163000       -5.08843998833757016000       -2.32035805150300556000       -1.64747462427890512000        2.59374005837902954000       -2.78623702178677179000        0.33416311401384374000        1.63214641659143878000        0.60676937505907980000       -2.19128743129837256000        0.22323628973688389000       -3.39266722801820197000        1.91357561044734870000       -4.45479469881499846000       -2.42362900398970638000        0.25825293618867756000       -3.62654887200022635000        0.86750117546199779000       -2.07297398622469498000        0.12763236466206210000        0.14453095306520772000        4.20802877458270430000       -2.73696403551896061000       -4.70418744429813795000       -1.00282640701549708000        2.24063929860536692000        0.21368917537802953000        1.31530863013924715000        0.97244487410042835000       -0.39294943457845127000       -2.60025012989358384000       -0.30403200818191500000       -4.95016537672414536000       -2.26991181342334558000       -1.43562729434416902000        3.50514166359666746000       -2.83802494368916580000       -0.03880482544219786000        1.56675209927492753000        0.83773455928929130000       -2.11109807212775857000        0.41115895337591662000       -2.31986456438937161000        2.52078697939208363000       -4.81653836710925187000       -2.24413215031540902000        0.28615859845383235000       -4.59820861366478884000        1.48096002655079850000       -2.87773476131070360000       -0.05123031275822627000        0.30978220497695941000        4.67787582382522071000       -3.11228385553962994000       -5.18381900606852142000       -1.11985869454481057000        2.31426973085017273000       -0.44447577320107168000        0.84413934396908896000        0.44260966839032950000       -0.29431206643778218000       -2.43264150252207978000       -0.39442973557394762000       -4.98007231745284873000       -2.06476296211414079000       -1.68042890070405093000        4.09370779263853546000       -2.65840640171767939000       -0.12070502062540735000        1.40914871115633544000        0.53397663383927640000       -2.00750766470460640000       -0.03227435233767752000       -1.28118617198030371000        2.51474900289691039000       -5.35907517468134209000       -2.37147612346243619000        0.07207781226427235000       -4.75183785512271495000        2.47458967494769722000       -3.76841129584513324000       -0.39950158864024465000        0.32320697079555633000        5.21298424167405017000       -3.39762238489918822000       -6.16764797574322365000       -1.11698195837943404000        1.87845253120186340000       -0.85929208471977248000        0.44101849449445302000        0.10209930405788978000       -0.13460837814928978000       -2.38691980297185857000       -0.16460111839359048000       -4.99010393654981144000       -1.93020071069896515000       -2.15198529700619545000        4.65308918866240617000       -1.73713459970399553000       -0.52242317486190382000        1.47712923343916946000       -0.61472933043614419000       -2.99475231115818996000        0.05780247739312192000       -0.63291938539997894000        1.79297413204464839000       -5.34192120830420514000       -3.71938173590686461000        0.76116720158309381000       -3.43107258839442109000        3.17959343691129792000       -2.83509090914395401000       -0.50397550817545145000        0.43093565779193232000        6.52944809202236076000       -4.20976081221957887000       -6.09610067517355159000       -1.10946838745094856000        2.09815736513579409000       -0.37734747377375549000        0.33071250103073657000       -0.77474488522495777000        0.22338106827673446000       -2.29668002366426549000       -0.49566998923576977000       -5.08504348925291350000       -1.88804325798854244000       -2.34294835490524811000        4.79620466612188867000       -0.97140226218884185000       -0.83363882925074073000        1.56248957686508927000       -0.67767796509474476000       -3.03305634608041652000        1.03660306701892058000        0.15418207202666542000        2.06010561238613921000       -4.72665441686852450000       -4.18379835997681404000        1.86364038836909907000       -3.03766846989929729000        3.43650766630706972000       -1.68037179232473166000       -0.45746221549800165000        0.50979457201602207000        7.00351266690880170000       -4.52459339156902285000       -5.05308770367193549000       -1.29986021804647200000        2.24242219913646412000       -0.44922508198882188000        0.06777463976665496000       -1.43446064327714651000        0.74314707693721371000       -1.64839461982517155000       -1.38103423175775419000       -4.33836457841366485000       -1.81075308105617472000       -2.45622978268169456000        4.77611439411227945000       -0.21813509866869438000       -0.81285306490116649000        1.44563373422540065000       -0.12441795354445538000       -2.43091297771781312000        1.06655189706325104000        1.10691827043567970000        1.96297655891646206000       -4.01595042184425388000       -3.80088690467390888000        2.89957647658953910000       -2.33657212699880512000        3.81835121277315803000       -1.49347774929950861000       -0.64789394151347057000        0.61407277529692406000        6.40589438219958751000       -4.22495658639223670000       -4.56870554233398707000       -1.30278134817622560000        1.64821675364753450000       -0.42729603410437533000       -0.25663041111996099000       -1.38443858161852695000        1.44662553493368051000       -1.05844987769115706000       -1.80015833694682614000       -3.38609978998565131000       -1.61529458360358480000       -2.77443811762499992000        4.64845611297882932000        0.33694860098083518000       -0.89426090256690915000        1.25120997923286970000       -0.42349217278680379000       -2.50283596288482357000        0.78426131026100243000        2.18943322548376385000        0.70219468622001957000       -3.03421418597132231000       -3.43580601576304234000        3.28879578744131784000       -1.05354599407040617000        4.22260848881973949000       -1.75494823879146855000       -0.68866717148027579000        0.90195622301445455000        5.44461123892245347000       -3.80982093304039093000       -4.62576512905832526000       -1.20520052964852464000        0.96254332493309913000        0.08563644348611651000       -0.29301278070595493000       -1.58439373067661071000        1.79493780245572210000       -1.05405753664324831000       -1.87854510981442946000       -2.85548410147713483000       -1.35171361977080640000       -3.13623490360756696000        3.99768889622516888000        0.38588941812803396000       -1.04224212659544890000        1.01217446249241694000       -0.70579880443192822000       -2.58234600508930168000        0.66329200456407456000        3.05806380736765382000       -1.12114647854413763000       -2.25909076175588508000       -3.19322296882764567000        3.34928753146643521000       -0.00720443939652350000        4.02057054054922514000       -1.93849342750907927000       -0.51918713089500124000        0.81514435322058199000        3.98583108281796683000       -2.56743018939267253000       -4.66910068916099785000       -1.06202948809205466000        0.19989215241097616000        0.54082918136155356000       -0.18017251071040960000       -1.42933033246621854000        1.90804836958663082000       -1.74661845915118308000       -1.61716756143185703000       -1.67179798685541248000       -1.13036789983077068000       -2.89728010114802226000        3.05923978637448934000        1.10066815288629427000       -1.15038993340102613000        0.77079861515577219000       -0.88731415231809641000       -2.95060222052163690000        0.87619732252833304000        2.85979638944490278000       -2.85914293687162369000       -1.44406883521857798000       -3.71733245742279994000        2.85919172559821222000        1.12658000657704127000        3.11453983606470741000       -1.51879564793761790000       -0.22632341150450788000        0.61304946859694620000        3.60238206573119868000       -2.15354724714474832000       -4.53586942849408103000       -0.95852797900978903000       -0.48020837817298340000        1.32419214057115520000        0.35254833741036934000       -0.74125358077108139000        1.76732810648156802000       -2.46260286216017477000       -1.66232192403153878000       -0.76870337538951738000       -1.36793720911497974000       -2.13779498637888521000        2.09611087967993903000        1.22457560719104452000       -1.35684738130558857000        0.20213452357758821000       -0.43394718289155854000       -3.09452154549975100000        1.37247770497013333000        2.79845886512223396000       -3.66937143766865947000       -0.87283286344584754000       -3.90677529120795519000        2.27503066118936514000        0.16781679301745020000        2.42669349158406078000       -1.41667570674099719000        0.19820723174813851000        0.61729306358387703000        2.50223546448603917000       -2.33412866803491204000       -4.06545806652812125000       -0.89251395556118784000       -1.14882967046826967000        1.46952969751462637000        0.86517938655288051000       -0.38781732059758517000        1.15647419927254247000       -3.55091240501530869000       -1.77788786079318362000       -0.29044458021945246000       -1.45186748761318030000       -1.60912064272485011000        0.95638631814449782000        1.09101176009827605000       -0.77885000117825054000       -0.09709358301304524000       -0.08991377215158119000       -2.36168267560785416000        1.53664472961744680000        2.34820770839778969000       -4.18606857059619752000        0.28876320167368486000       -3.39301287202115143000        2.03354357914061845000        0.75117832387708916000        1.64836819572490745000       -1.77803210114456101000        0.36206256293240957000        0.74139060176188765000        0.41580393888491468000       -1.49935131382768838000       -3.78372569407619297000       -0.86637295383278601000       -1.68052767262598013000        1.24435308081050811000        1.03713069669972602000        0.56589363240040069000        0.65576648415419037000       -3.39338077011253914000       -1.68199370554388894000        0.57418160346185643000       -1.10824406008763909000       -1.03912171931236119000        0.07487319769584976000        1.10521387876846289000       -0.56060325797139543000       -0.79336845504851172000        0.54469568880853103000       -2.22249239099107498000        0.46209138701850766000        1.47409909543107576000       -5.45532396072833059000        0.91741583538163729000       -2.60314627085354200000        1.08148658711482559000        0.22692859693084994000        0.19290519790831290000       -2.01084860369091212000        0.34194906711935602000        1.27943813334275802000       -0.72513208068585255000       -0.98349388268040383000       -2.85886848331332688000       -0.47318228741682611000       -2.28795797726896666000        1.48206441814646905000        1.36326807222217150000        1.53834099194472262000       -0.26555603376410780000       -4.65957226893676424000       -0.71938904011720195000        1.07473314235205963000       -1.32053056998200780000       -0.48303017491778033000       -1.01050985787257064000        0.72953834450434185000        0.03639167256321889000       -1.35323488708312012000        1.06871688777163998000       -1.42484048781389983000        0.13299965033970826000        0.45483136952233483000       -5.35443282172181423000        1.46307412107307000000       -2.33329779074796173000        0.62978704120174844000       -0.48570473772243350000       -0.54323581912507668000       -2.50784382422868823000        0.31258485131649644000        1.22386749202118783000       -2.37893623442541813000       -1.07290597265744814000       -2.68548568328673953000       -0.35643547242406848000       -2.64656111281874162000        1.04486712290541939000        1.64182144474091762000        2.52731372051075187000       -0.88224818757179568000       -4.74234150080292416000       -0.43603863156137435000        1.31346973839913139000       -1.52705832744269565000       -0.15333628097264324000       -1.56884050296594113000        0.42064741092408425000        0.48945894790673300000       -1.46065741648232383000        1.05176057415420088000       -1.42543759073876153000       -0.18752111689934117000       -0.46582048423188666000       -5.95924370956440086000        1.75178005159136529000       -2.15459560160916563000        0.34379479442465072000        0.13632645318970182000       -1.47979988986892708000       -2.04988962271722919000        0.46671432717732630000        1.30217021612747885000       -3.60082670459748799000        0.07403728873707403000       -1.80473388633707454000       -0.21847599433791778000       -2.46807536061311072000        1.33510914911004885000        1.84084143246434584000        2.97690579117504983000       -1.79394190238123019000       -4.79034715561564362000        0.36340194496171807000        1.74961548538743772000       -1.26316431991738898000        0.41465402716778355000       -2.31572589643020965000        0.34011846668060630000        0.53038849112758057000       -1.83254291571064054000        0.73177749745524712000       -1.35360942678842755000       -1.27419094607648931000       -1.11756678751635419000       -6.68668644259630707000        2.37905220048434973000       -1.92150832527975512000        0.72784567792885646000        1.00557797397658755000       -2.29121471690776612000       -1.16358096465607797000        0.25577227995110124000        1.21725742186800034000       -4.54246901039848794000        0.81538269402108088000       -1.15937145362119676000        0.05147220074697778000       -2.06535357375755213000        1.97598633752278308000        1.95899535841980743000        3.15582163395214144000       -2.16674075955810697000       -4.33242479414899773000        1.32023228249820779000        1.87128503632343612000       -1.50974783380506983000        0.93020793059040274000       -2.98040943421926308000        0.00589537509109391000        0.25272150496112228000       -2.35235975052271273000        0.81872350723380427000       -1.50783603569932723000       -2.27737144970520422000       -1.27101565125748195000       -7.05657118505511694000        3.06158157797935448000       -1.17046171285739509000        1.54681552510766340000        0.82328057812632927000       -3.06818048435083313000       -0.23807136598957271000        0.02067663714448826000        1.35724292432932359000       -5.32053979056835846000        0.85780197433225880000        0.07327602916939820000        0.25295818814473336000       -1.29367595935493940000        2.38791287371718175000        1.96420853155229214000        2.67038509410502645000       -2.24497922097572822000       -4.25512079302830859000        2.02401232930032604000        1.67831043274120262000       -1.72761989747744371000        1.33966415698436436000       -3.54167895035118585000       -0.25871197320619549000        0.23362788637707649000       -2.59566018560208756000        0.26311668984699355000       -1.50586553729005068000       -3.11090687668087007000       -1.29139821500994567000       -6.78734698894261168000        3.23095454465534582000       -0.23882610576459873000        1.13862865236571209000        0.71426331968631995000       -3.57722910186753129000        0.15642505719677530000       -0.28781022002667395000        1.51587975574898492000       -5.21311344740628169000        0.68926132711407517000        0.55737789192073595000        0.41312356453529570000       -0.72405441921546598000        2.55280571453835758000        1.87255109338780379000        1.95552306161975808000       -2.49526320733865026000       -3.69500037585304764000        2.42201245667136478000        1.12487262870060456000       -1.82125867691759447000        1.43492888773982097000       -3.73064766888191235000       -0.60197407010484105000        0.43683801052938998000       -2.83210841719207584000       -0.26322219332119495000       -1.71400450130110071000       -4.06088947615885143000       -1.21681399819679936000       -5.86572223115048796000        2.50735708872968432000        0.23593522761776206000        0.91985229393581158000        0.09675195020679807000       -3.24862374089086137000        0.45184590437797290000       -0.67793941962659143000        1.48408426930879989000       -4.77230923320123068000       -0.19167625217622861000        0.74419874195925184000        0.63860025350399341000       -0.06771482037903358000        2.56430141297079084000        1.61917063491136970000        0.90427091697168105000       -2.64882825427613744000       -3.32809489064434860000        2.62816710002499043000        0.14743677763151455000       -1.62146569667952756000        1.21215633426775238000       -3.35228476427863642000       -0.63671223867461602000        0.91348003862605676000       -2.65105246050737797000       -1.13991472748623379000       -1.86626192258942836000       -4.38256086659926058000       -0.95171744184291718000       -3.76244911833769091000        1.34587735039650869000        0.72351944319517347000        0.14951329020638440000       -0.39373646475224894000       -2.61875707383345002000        0.83555676282401736000       -0.99516218952142388000        1.47416982935540730000       -3.15961704341890481000       -1.42022938942769916000        0.58380983732888247000        0.64958906526626581000        0.56504466438465017000        2.32943151718025687000        1.27332625825141332000       -0.50463933262955407000       -2.79723834355929135000       -2.19911828574803359000        2.21227785796288501000       -1.07623162815310502000       -1.23928642895777297000        0.70892744228529658000       -2.48404894186303471000       -0.79758668780809494000        1.53909326297155635000       -2.09769670194364588000       -0.78279705393536403000       -1.66767439487828684000       -4.10641442858467265000       -1.35732042989472634000       -1.40693675375845584000        0.21805958241456280000        1.12563600367460603000        0.21907098320032786000       -0.92511297815552085000       -2.24134178866931943000        1.28550548835190592000       -1.18129075342568624000        1.31555096536854332000       -1.61175599544167047000       -2.50432431591332128000        0.90283046817976254000        0.45643692188126733000        1.25035012639026988000        1.71046413558003518000        0.93096658523522779000       -1.05227751915006773000       -2.39220121508271211000       -1.13885546101327129000        1.46604773195319793000       -1.91689406043549315000       -0.97224721227449706000        0.38461287228518470000       -1.25492467153435650000       -0.86515295615768606000        1.50304915116128646000       -1.53005364909454666000       -0.56506316238956711000       -1.94765618321128131000       -4.61539804489808603000       -1.17488466772261524000       -0.32842537165482666000       -0.45232135971766108000        1.53841827656955332000        0.71320690396849240000       -1.71392910764925732000       -1.45214270211526952000        1.40980566782015071000       -1.56781263206122778000        1.23284636300822270000       -0.60434864393088861000       -3.43815993250480600000        1.52446269409510426000        0.57262568825211135000        2.29023636783032902000        1.55494882168577697000        0.60577680346568585000       -2.62245978682894165000       -1.87108795224411062000       -0.85826961804414936000        1.07064559748332933000       -3.26729210278385196000       -0.87258651938375642000       -0.22441218567864049000       -0.16553268797242582000       -0.39750773105841386000        1.37553443943390308000       -0.67792778375452112000       -1.68030798991405117000       -2.22194485191531443000       -4.90569347938160849000       -0.45144242026303916000        0.71101526119733505000       -0.58088371145582163000        1.98184102034188814000        0.04176856630761548000       -0.98159080189110415000       -0.57590984650698795000        1.06268680043893649000       -1.98187714394713699000        1.28492553528312237000        1.10875585294961287000       -4.39710010056183620000        1.20197767983224235000        0.68075982941911994000        3.39280341715309097000        1.36892454786555895000        0.19185416602467634000       -4.16480981012089391000       -1.42771545462036498000        0.06817633528726473000        0.29771499781749206000       -4.72801699016968158000       -0.25490685825230253000       -0.51597565838232795000        0.84393907054457751000       -0.73152528072343992000        1.14011572478782819000        0.09144809650645325000       -1.21840533520416217000       -2.51371706960162200000       -4.58038869652972913000       -0.04979585073571460000        1.63310496948611550000       -1.12031856390625828000        2.60801225637844247000       -0.13593543559467558000       -1.51263585781072707000       -0.26324904931270782000        0.86313428064212294000       -1.97231272792460932000        1.25994407251784613000        1.93656865369043096000       -4.46522483494247968000        2.05580031404022989000        0.70394546129972246000        4.50295388036763367000        0.65505287502864185000       -0.22511962971799496000       -4.72958166999781238000       -1.18766262148617252000       -0.47733300687373581000       -0.12073562906748091000       -5.14087156740664675000        0.73266097706761635000       -0.18937883718998630000        1.56198350702574285000       -0.81866326633762676000        0.84204855622090025000        0.95788876431878289000       -0.30686123637093565000       -2.02019072409708311000       -3.66423741238334300000        0.50720819957952967000        2.88131331169749760000       -1.48860747984853248000        3.10360048529889188000       -0.36935050013032550000       -2.28006232713851054000        0.04808465766632685000        0.38685032379427375000       -1.94655560628778579000        0.78800593672671460000        2.67827358931530535000       -4.23629271047355704000        2.28068187156788982000        0.52793852482313841000        5.20170386724936318000       -0.18589429216778972000       -0.64312549560730303000       -4.88649514042963418000       -0.70436826052345447000       -0.27903187177524980000       -0.85270779386675433000       -4.99687009671197036000        1.37411542692718336000        0.25989172035609642000        2.55348693801371907000       -0.68360559550253097000        0.52597024335926335000        1.87681376229754160000       -0.05571155528511520000       -1.77984165935563587000       -2.35221307913672550000        0.99645472647412447000        3.11282482157313334000       -1.71238070435183998000        2.82159979927800908000       -0.33706152761858149000       -1.78796073363665875000        0.40378483424084327000        0.06174634759099486000       -1.68426425323815709000        0.66254217324122977000        3.21037436731380810000       -3.61216989597121119000        1.82546297901060317000        0.25678407090191985000        5.41188584740499312000       -0.32910380676175366000       -1.02365338794243588000       -5.01603478493246158000       -0.34296939807214877000        0.42910276201661934000       -1.52423488115904426000       -4.57135573942491380000        1.48276312747514560000        0.30073685758072055000        3.46230671543564217000       -0.60413026212989052000        0.06784714476929087000        2.47479232865098275000       -0.26007552160678227000       -2.05153629465164666000       -1.52844647593036886000        1.63727042555634572000        2.84877284748884163000       -1.48574195244593610000        1.99246335580270695000        0.48398482132713339000       -1.52069054711029494000        1.27123027696784985000        0.07213320591867500000       -1.50664323293183977000        0.65377801194210583000        3.16317022585644869000       -3.63152135253650199000        1.40329237157797881000        0.14871900926908030000        6.04183307679774373000       -0.09636130881206324000       -1.44146035558582497000       -5.69168967659025071000       -0.05847880186584150000        0.77206442645512863000       -2.04476325697233863000       -4.57238742050531854000        1.38350910917012437000        0.05798425927139769000        4.30788608350182045000       -1.07854887405041255000       -0.17741719253079269000        2.97649416757823504000       -0.16343041193037075000       -2.12490988439158590000       -1.54444187063066285000        2.31259430888782314000        2.23524478309752261000       -1.71007695440673202000        1.39380676700901418000        1.89274274388299091000       -1.15089114256086589000        2.29148985412334216000       -0.40872424022101872000       -1.53706752838360239000        0.98330808603583486000        2.12013497687696839000       -3.05782969694427731000        0.87731228869846922000        0.17699894383350792000        6.42222212990732722000       -0.09142084142912335000       -2.06226562062152396000       -6.02081384081883630000        0.21015727490863925000        0.72219340139782262000       -1.86381985529483973000       -4.34196976762645992000        1.51899043110381160000       -0.54014672790404605000        5.20408138081836036000       -1.27023315797365210000       -0.36377353103642279000        2.89172631118354140000       -0.09580428696040562000       -1.90767387522774157000       -0.97122349203727987000        3.11534794275550686000        2.42581044692217862000       -1.00704743896747928000        1.13844265973919367000        2.83785359326985409000       -1.15482380054647038000        2.86385345353381249000       -0.47769319544931332000       -1.49882820400761396000        1.09682774925277160000        1.83235502915025550000       -3.72155458850158238000        0.44479558771871824000       -0.03010014078924866000        6.82897769582586722000       -0.41994602894961203000       -2.57039735546194947000       -6.09407763511399914000        0.56392411592739444000        1.28717943603125984000       -2.31025853824872973000       -3.84213852695901448000        1.73973003043268726000       -0.31505433394884080000        5.95841841200668565000       -1.89351593457960821000       -0.79044655499708139000        2.68649965162711934000       -0.10455552524359701000       -1.43199612393484021000       -0.08504171249428127000        3.90661357162492795000        2.51134805380074999000        0.24467851236158589000        0.67694528676215826000        4.40963914198650109000       -1.79227436415806518000        3.41351948146960993000       -0.76787270667491825000       -1.38184299608803407000        1.21300216425442398000        0.43569804322513001000       -4.49048848522655319000       -0.20808254534628523000       -0.38769177636906099000        7.09879523613928676000       -1.15548016071635606000       -2.84286209017845026000       -5.95642060334686541000        1.17519894372769995000        1.54654895126348002000       -2.85623806742325748000       -3.39324013911773692000        1.74372551714709112000       -0.30601740467235777000        6.08815366380095391000       -1.99255145491859120000       -0.98844750349398891000        2.46239588034046175000       -0.32238210008871432000       -0.80052654897438080000        0.04435732803807049000        4.25063733613626660000        2.03840306908508984000        1.37310788360535407000        0.42547896879731073000        4.72700361459610274000       -1.64392647256521607000        3.73494778567504992000       -1.59234357004431271000       -1.43664624797886531000        1.45253600589970722000       -0.76599135706199173000       -4.78148397757235077000       -1.12950358520515826000       -0.58541176795157945000        6.72097967620410586000       -1.54076917011259718000       -2.87664396014774848000       -5.06856859333029508000        1.33031004945276754000        1.70242856232490269000       -2.83315744205066133000       -3.03049432789872197000        1.80001699290123485000       -0.45186905358708274000        5.72893334425580569000       -1.30195726080692409000       -1.18003140006977558000        2.38646502674962102000       -0.60860798977300667000       -0.91333054158025251000       -0.76599380746020918000        4.17516273918997793000        1.19332956764801490000        1.85515938251372337000        0.02201598552792777000        4.94962099500125152000       -0.76459351106056239000        3.93898894779824271000       -1.26649148808298584000       -1.58819412660231185000        1.57202803783707745000       -0.64890910183447903000       -4.53657880864791441000       -0.90645157643511287000       -0.44786624570509520000        6.34425542659229524000       -0.99415850788358406000       -2.68263614472623368000       -4.35776593188197658000        1.39656165200408622000        1.44541728160242755000       -2.23621122167758113000       -2.57379961670308743000        2.06714790057173126000       -0.73267717411539668000        5.03172820297313272000       -1.22254195521042686000       -1.48835368607651941000        2.09973251218443924000       -0.98864115257399154000       -0.77828859790582050000       -0.67535387321537210000        4.51911619520793906000        0.70576515941695273000        2.53859509114230342000       -0.41644132647618032000        5.66407221242229397000        0.11026440526758056000        4.00754545231357273000       -0.65864529452713838000       -1.39381547845605769000        1.36124394974403762000       -1.73437584077855500000       -3.87702024188437422000       -1.22396721967194555000       -0.40767242212484878000        5.80244272621952906000       -0.59803365682562371000       -2.53121413604670442000       -3.70544505939552371000        1.51519732177167543000        1.85787755174259583000       -1.99485886533790935000       -1.64467585946770800000        2.29162174899245485000       -0.64970050418449743000        4.05484999892297449000       -1.00423714155575072000       -2.13493221394316590000        1.65430770353196999000       -1.57576262664141975000       -0.60026153027236118000       -0.15230743941034111000        5.34437612698209019000        0.26529067293960512000        3.32809401574408748000       -0.55536615378976295000        5.76263180017890519000        0.67511492336535661000        3.92185555722172463000        0.21603009235820378000       -1.04565730709620919000        0.87847514796438686000       -2.47147268463713354000       -3.24388822340557859000       -1.74942748495761968000       -0.44042260819171170000        4.99520826804922891000        0.04757281232320309000       -2.29824034568949998000       -3.66785259906184891000        1.49426023154017162000        2.75854493348621288000       -1.96212456022623161000       -0.80464573427652208000        2.19488202452030867000       -0.32881497434356738000        2.91330267545749999000       -0.58291372525258578000       -2.34057371676583381000        1.38239052027424103000       -1.59676529380298149000       -0.10477889376368590000        0.13960843054496991000        5.41645823162400131000        0.13304588903062520000        3.39715025878383337000       -0.32784579623511723000        5.04640841448202426000        0.48876848033959602000        3.32179860304317698000        0.50158746016918909000       -0.78498631082291648000        0.83594973926992555000       -2.42498441035112844000       -2.69898757474528406000       -2.00200274865964767000       -0.50630289912460102000        3.54152696166289704000        0.35433384458299960000       -1.90188342654463871000       -3.35797321063780263000        1.31817403867514482000        3.17383770314382074000       -1.83732774429703083000       -0.14726370601653288000        1.80396350714578269000       -0.45258914993294030000        1.97630804686919714000       -0.37872969782125782000       -2.24229349632571617000        0.83381037129438629000       -0.80566448489986198000       -0.30810838464490709000        0.09320838132139533000        4.79070212107277538000       -0.41292898186085847000        2.88552699003072721000       -0.42900407334916058000        4.69218306356375514000       -0.56191043541767793000        2.75869944974673897000        0.48233401480537952000       -0.37425993512288225000        1.14669014381869383000       -2.61068582284611139000       -2.83730783784387874000       -1.65740754641617172000       -0.44766853112284027000        2.02067397544653193000        0.68667098639369961000       -1.33042756022464093000       -2.83652764998266971000        1.03196948492453422000        1.95757060282695750000       -1.35709935304076823000       -0.05339872479674637000        1.29067089627199594000       -0.84949294423359756000        1.06559810308259340000       -0.37641846255770206000       -2.00263240802389975000        0.86111398090778735000       -1.38719711270313306000       -0.69169709616403818000        0.51138605113408420000        4.30928905699481213000       -1.04576120955946572000        2.54439679940479335000       -1.05438784821712517000        4.50654274174262248000       -0.02235586144632807000        2.73210529257143531000        0.68942112602795047000        0.13949330534436216000        1.13491833051764202000       -2.95535649894264241000       -2.22766482451688086000       -1.65128857447920563000       -0.43797253636818295000        0.99351061625258652000        1.12244499100638362000       -0.80785195866536519000       -3.08413669394223255000        0.85470516045854805000        1.73196814038156566000       -1.07870969649989079000       -0.12366724273912683000        0.92267846771308126000       -1.53667264142768278000        0.22391042664537517000        0.07296680852346063000       -2.17576917877177145000        0.81907788973230433000       -2.06773229828892502000       -0.98685764522653185000        1.09360713120304709000        4.00434126794890677000       -1.64258279426559239000        3.64433682037721018000       -0.86536096863609624000        4.50520752057299667000        1.32231260876581946000        1.28462006420172603000        2.17410630320507448000        0.49742797105035857000        1.23349382290071152000       -2.39132085644318693000       -1.63601637170164160000       -0.16771173313764298000       -0.41503888109034376000        1.06014609450791153000        1.69929084237745198000       -0.49250689449146778000       -3.63751787563603068000        0.98883733693127318000        2.34980736707580418000       -1.18217213229930418000        0.42907547659594186000        0.68267708010758810000       -0.89554299186369402000       -0.71551112610933254000        0.38925160479582865000       -2.32528462585936335000        0.70407230376376406000       -1.24640573848721248000       -1.16421095721659085000        1.92105462657509518000        3.67467408245236671000       -1.03144689085604413000        4.29996071534835167000       -0.65637084668969392000        5.10446443228561364000       -0.07040684026852428000        0.54719150342600964000        2.65889730082277653000        0.67393358157835725000        1.57178838085609218000       -1.86860027678102791000       -3.11375048804443821000        2.08110869214067762000       -0.66062524117888588000        1.55150823822865913000        1.53697484039156196000       -0.08191064312814941000       -4.73573530903249740000        1.44843541680884558000        2.20390614334664914000       -2.01542753048305423000       -0.02244866233906810000        0.91679317032503049000       -0.94501431370717526000       -1.20173720027455500000        0.43069781306294125000       -1.72400279943600654000        1.26804525053871520000        0.50098566663161170000       -0.86364316075828640000        2.53384187051479692000        2.88904981396917426000        0.11906643228690754000        3.82691008310938496000       -0.45815199354082542000        5.64736623771734703000       -1.10486596477137922000        0.64696401188266350000        1.98380727251550582000        0.81531330734097607000        1.10275147445085597000       -2.28967809644915032000       -3.09049556238800704000        3.88701127229577192000       -0.91988310944285723000        1.87206037368935330000        0.97115166623842653000        0.33876634967928582000       -4.95331710978305573000        1.89162223956151476000        1.80975759236042255000       -2.43242523656414500000       -0.28371465367992282000        2.20614094099028213000       -1.09006857483226383000       -1.35452408552502690000        0.14673133902029531000       -1.19097510065284262000        1.60931322859314840000        1.19200759911574616000       -0.99438108084830334000        2.36072772345856796000        1.55058680966051665000        0.10736140275692624000        2.98598303898448103000       -0.33277926741093733000        5.21776801891183073000       -0.75093078842202587000       -0.20732340909487271000        1.92288101626188790000        1.01065396694005338000        0.35708812453660371000       -2.10632125378279067000       -1.91110543015275702000        4.59483191839152827000       -0.87222959967949687000        1.81286881889861551000        0.96030315595424265000        0.86492531012301954000       -4.11767813754247403000        1.97280096885889811000        0.92556815414458327000       -1.92186423107383297000       -0.10720170000776512000        2.52145680788986315000       -0.48026495249213597000       -1.68179915500405563000       -0.11054606205236173000       -1.13448933482925485000        1.32656371020381481000        0.29037687947842966000       -0.76199774853095370000        2.13243257955001608000        0.78861378798304504000        0.61297040339841957000        3.05574242602545620000       -0.41563265122459414000        4.17342702636767537000       -0.59665155655158775000       -0.89233716376323380000        2.39656017715300118000        0.88218670328464477000       -0.86746231833851484000       -1.14580265224071431000       -2.37370163642777277000        4.00589784991500775000       -0.74628206591274870000        2.02153459504757871000        0.79003127939159690000        1.27053853321967813000       -3.69106790090234371000        2.32495260034260820000        1.10788015199638612000       -2.13955172611801991000       -0.48111169928391984000        1.66716925453536513000        0.34885687218969463000       -1.78934688784255758000