 4         8        26        48        56
        0.00    0
       1.040550       1.040550      50.557500      50.557500      50.557500      50.557500      50.557500      50.557500      51.766050      51.882600      51.136050      51.392250      51.392250      51.392250      51.392250      51.392250      51.392250      51.392250      51.392250      51.392250      51.392250      51.392250      51.392250      51.392250      51.392250      51.392250      51.392250      51.392250      51.392250      51.392250      51.392250      51.392250      51.392250      51.392250      51.392250      51.392250      51.392250      51.392250      51.392250      51.392250      51.392250      51.392250      51.392250      52.303650      50.162700      50.162700      50.162700      50.162700      50.162700      50.162700      50.162700      50.162700      50.162700      52.678500      52.678500      52.678500
      -0.403200      -0.396800       0.069600       0.069600       0.069600       0.069600       0.069600       0.167200       0.069600       0.069600       0.069600       0.069600       0.069600       0.069600       0.069600       0.069600       0.069600       0.069600       0.069600       0.069600       0.069600       0.069600       0.069600       0.069600       0.069600       0.069600       0.069600       0.069600       0.069600       0.069600       0.069600       0.069600       0.069600       0.069600       0.069600       0.069600       0.069600       0.069600       0.069600       0.069600       0.069600       0.069600       0.069600       0.069600       0.069600       0.069600       0.069600       0.069600       0.069600       0.069600       0.069600       0.069600       0.069600       0.069600       0.069600       0.069600
       -0.16400000000000001000
        0.09400000000000000000
        0.02000000000000000000
        0.33000000000000002000
       -0.16800000000000001000
        0.11000000000000000000
        0.35999999999999999000
       -0.22200000000000000000
        0.00000000000000000000
        0.17999999999999999000
       -0.20000000000000001000
       -0.06600000000000000000
       -0.06000000000000000000
        0.36199999999999999000
        0.34200000000000003000
       -0.20000000000000001000
        0.21600000000000000000
        0.25400000000000000000
        0.36199999999999999000
        0.30599999999999999000
        0.19200000000000000000
       -0.08599999999999999000
        0.21800000000000000000
       -0.36599999999999999000
        0.07400000000000000000
       -0.26400000000000001000
       -0.01000000000000000000
       -0.22600000000000001000
        0.11200000000000000000
       -0.22400000000000000000
        0.40600000000000003000
       -0.02200000000000000000
       -0.14599999999999999000
       -0.17599999999999999000
       -0.29799999999999999000
        0.36799999999999999000
        0.14599999999999999000
        0.39400000000000002000
        0.37400000000000000000
        0.17399999999999999000
       -0.37000000000000000000
        0.08000000000000000000
        0.14399999999999999000
       -0.04600000000000000000
        0.25000000000000000000
        0.35999999999999999000
        0.17199999999999999000
        0.09400000000000000000
       -0.35399999999999998000
       -0.37800000000000000000
        0.01200000000000000000
       -0.03800000000000000000
       -0.09000000000000000000
        0.01000000000000000000
        0.02400000000000000000
       -0.14199999999999999000
       -0.38200000000000001000
       -0.23000000000000001000
       -0.35999999999999999000
       -0.33200000000000002000
        0.45800000000000002000
       -0.06600000000000000000
       -0.05200000000000000000
        0.32200000000000001000
        0.37600000000000000000
       -0.26200000000000001000
        0.28599999999999998000
        0.03800000000000000000
       -0.25200000000000000000
       -0.39800000000000002000
        0.22600000000000001000
       -0.04000000000000000000
       -0.36199999999999999000
        0.17199999999999999000
       -0.17399999999999999000
        0.34399999999999997000
        0.23999999999999999000
        0.00800000000000000000
       -0.29599999999999999000
       -0.23999999999999999000
        0.35799999999999998000
        0.09600000000000000000
        0.11600000000000001000
        0.34000000000000002000
        0.11200000000000000000
        0.21600000000000000000
        0.03000000000000000000
        0.13000000000000000000
        0.21800000000000000000
        0.39600000000000002000
       -0.48799999999999999000
        0.00000000000000000000
        0.18400000000000000000
        0.31000000000000000000
       -0.16000000000000000000
        0.09400000000000000000
       -0.16400000000000001000
        0.03200000000000000000
        0.01400000000000000000
        0.02000000000000000000
       -0.05600000000000000000
        0.05200000000000000000
       -0.32800000000000001000
       -0.27800000000000002000
        0.00400000000000000000
       -0.14000000000000001000
       -0.19800000000000001000
       -0.21800000000000000000
        0.17799999999999999000
       -0.25000000000000000000
       -0.18600000000000000000
        0.02000000000000000000
        0.04600000000000000000
       -0.02200000000000000000
        0.17599999999999999000
       -0.05000000000000000000
       -0.11799999999999999000
       -0.21400000000000000000
       -0.32000000000000001000
       -0.03000000000000000000
       -0.27000000000000002000
       -0.03400000000000000000
        0.27200000000000002000
        0.12800000000000000000
       -0.16200000000000001000
        0.37000000000000000000
        0.27600000000000002000
       -0.30199999999999999000
        0.04800000000000000000
        0.07600000000000000000
        0.03800000000000000000
        0.09000000000000000000
       -0.30399999999999999000
       -0.04200000000000000000
       -0.15200000000000000000
       -0.08200000000000000000
        0.02400000000000000000
        0.16800000000000001000
        0.29799999999999999000
        0.10600000000000000000
       -0.06600000000000000000
       -0.07800000000000000000
       -0.15600000000000000000
        0.29999999999999999000
        0.24399999999999999000
        0.10400000000000000000
        0.19200000000000000000
        0.20399999999999999000
       -0.04800000000000000000
       -0.11000000000000000000
        0.41799999999999998000
       -0.08400000000000001000
        0.03800000000000000000
        0.29999999999999999000
       -0.28799999999999998000
       -0.03200000000000000000
        0.01800000000000000000
        0.05400000000000000000
       -0.16200000000000001000
       -0.04000000000000000000
       -0.20000000000000001000
        0.07400000000000000000
       -0.40000000000000002000
       -0.32600000000000001000
        0.31000000000000000000
       -0.14799999999999999000
       -0.38000000000000000000
       -0.30399999999999999000
        0.32400000000000001000
        0.14399999999999999000
        0.06800000000000000000
       -0.07400000000000000000
       -0.16200000000000001000
        0.39400000000000002000
       -0.37600000000000000000
        0.02400000000000000000
        0.01200000000000000000
        0.32800000000000001000
       -0.11799999999999999000
        0.39000000000000001000
        0.34000000000000002000
        0.04000000000000000000
       -0.34200000000000003000
        0.25800000000000001000
        0.12000000000000000000
       -0.32600000000000001000
        0.12200000000000000000
        0.00200000000000000000
        0.22200000000000000000
       -0.03600000000000000000
        0.28000000000000003000
       -0.08400000000000001000
       -0.14999999999999999000
       -0.19400000000000001000
        0.09600000000000000000
       -0.07600000000000000000
       -0.05000000000000000000
        0.15200000000000000000
       -0.18400000000000000000
       -0.11600000000000001000
       -0.31400000000000000000
        0.07400000000000000000
        0.32200000000000001000
       -0.04200000000000000000
       -0.24199999999999999000
       -0.30199999999999999000
       -0.15400000000000000000
        0.02200000000000000000
        0.29999999999999999000
       -0.32600000000000001000
        0.34999999999999998000
       -0.01000000000000000000
        0.00000000000000000000
        0.29999999999999999000
       -0.36399999999999999000
        0.36199999999999999000
       -0.22600000000000001000
       -0.17000000000000001000
       -0.18600000000000000000
       -0.32800000000000001000
        0.45400000000000001000
        0.09000000000000000000
       -0.15400000000000000000
        0.36199999999999999000
        0.12800000000000000000
        0.34200000000000003000
        0.20399999999999999000
        0.04400000000000000000
       -0.01800000000000000000
        0.39200000000000002000
       -0.03200000000000000000
       -0.08200000000000000000
        0.14999999999999999000
        0.20799999999999999000
        0.06800000000000000000
        0.37400000000000000000
        0.02600000000000000000
       -0.10800000000000000000
        0.27400000000000002000
       -0.17599999999999999000
       -0.17399999999999999000
       -0.04200000000000000000
       -0.27600000000000002000
        0.12800000000000000000
       -0.09200000000000000000
        0.06200000000000000000
        0.16000000000000000000
        0.14799999999999999000
        0.16400000000000001000
        0.07400000000000000000
       -0.48999999999999999000
       -0.05600000000000000000
       -0.03400000000000000000
        0.36599999999999999000
        0.22600000000000001000
       -0.03200000000000000000
        0.13800000000000001000
       -0.06600000000000000000
       -0.07600000000000000000
       -0.07000000000000001000
       -0.23896205229614179000       -0.09472537298207653000       -2.06677627335971081000       -0.56872606561226080000        1.78978665503543888000       -0.66361768792714870000       -0.29393538594614799000        0.41196071781972182000       -0.94357368104834627000       -0.85216816654199357000       -0.81497374798002986000       -1.92798198233451767000       -0.76462647163464770000        0.73456438320479456000       -0.76791193410018521000       -1.57862820525345904000        1.09109191891516355000        0.64567148257316354000       -0.06344113463438945000       -4.30755238473243818000        0.60828845824553168000        0.49840685330486856000       -0.04444814571234573000       -2.06194113595344275000       -2.08736694988720561000        3.06659084673769788000        3.15413660692090092000       -1.25798385607520125000       -0.53572612492889837000       -2.35368332248401435000       -0.54642273001722597000        1.50803687166360723000       -1.18990796541756727000        0.09227986776323883000        0.50292193403699137000       -0.41495043571941925000       -2.93568469983308322000       -0.33131289059283386000       -0.96316604351554724000       -1.38020133596691164000        0.62431065464818691000       -0.79389678163393707000       -2.91945093466491379000        0.41226289768820329000        1.32976580841526504000       -0.23079000426468882000       -7.16573300190482154000        0.61825667723467759000        1.25643317337818416000       -0.44793377887722757000       -2.40861836627583203000       -1.77074412444953144000        3.45215326278446444000        2.92043327707583078000       -1.98620103827513450000       -1.01345731069697420000       -2.74129374357746647000       -0.44257397410109911000        1.35169498410530364000       -1.59942897176514953000        0.37507401869741885000        0.61598856781431910000        0.41517623551799560000       -4.46111467327265654000        0.42548859186242788000        0.50742054974341677000       -1.83288977409374931000        0.84109889452131459000       -0.69857448028407376000       -3.01897227202477225000       -0.24043742120695002000        1.55487372829325743000       -0.43214285972302668000       -9.44951127607358821000        0.44423423121465339000        1.34872731253412215000       -1.03297595130853259000       -2.38271305342143380000       -1.32902003501901911000        3.22836237239941992000        2.52359211727885802000       -2.29001038864942474000       -1.42007314558746289000       -3.16635115495544150000       -0.34164324580852939000        1.40953780380930338000       -1.70284443243188699000        0.56662274174810578000        0.62161088575738288000        1.18377921856447532000       -5.48361603137771780000        0.81727855997583099000        1.69094189208463264000       -2.07925199988937282000        1.10906959041732112000       -0.69286756025041440000       -2.45289107132089956000       -0.63021959023269802000        1.27821994725493937000       -0.46605076965972464000      -10.60110551770799248000        0.45752817440183413000        1.13457460546678424000       -1.37094148772891899000       -2.37577593007869492000       -0.66240708835780904000        2.67526014859478112000        1.94068742474758427000       -2.12545423683015144000       -1.74072226951688225000       -3.40729132131247381000       -0.08528818478704434000        1.46696123675346368000       -1.66711202730511410000        0.63967317203898000000        0.32783135256055129000        1.89663194594063156000       -6.03811762082025005000        1.16779684380124871000        3.25627039493214765000       -2.37061332815165660000        1.34854812590043682000       -0.74947825389070499000       -1.65170333640318434000       -1.07931294526889920000        0.91526819174327445000       -0.21550291513337247000      -10.42704669082579905000        0.51169337967578188000        0.80000759930264054000       -1.63148426789881440000       -1.77628698664548268000        0.32873162327450584000        1.69132533617748981000        1.12509375837130698000       -1.95411320735710570000       -1.76547156966797170000       -2.44042570467419173000        0.26858817520566303000        1.20967606392680471000       -1.53344881864675142000        0.67869973606364142000        0.29831331908156100000        2.05479637303106211000       -6.45444032215139440000        0.99571413025603039000        4.91761691575666315000       -2.98048472369554807000        1.27114496997190485000       -0.93604971371128121000       -0.84574791372324365000       -1.13755015121088743000        0.99986138680650061000       -0.57818455546844849000       -9.80363351033085095000        0.82661694896946181000        0.47643479308473291000       -1.32952624224371085000       -0.64253186524453243000        2.07694392940111650000        1.22721452082006022000        0.44837861287309810000       -2.25147775305798659000       -1.73747000864964085000       -2.05613493745877784000        0.70470522803913893000        0.90155370598532769000       -1.25054991524516512000        0.86751808425759047000        0.47494954788536725000        2.38980710888764891000       -6.47864452446032146000        0.87275389706141837000        6.72026420545923742000       -2.63847755553690355000        1.59511110593967320000       -1.41300901819315761000        0.27472148458282464000       -1.13772538726591721000        0.74309521491761188000       -0.80748667656337902000       -8.76659072318394017000        1.33174433049522301000       -0.23137728092343385000       -0.96627813199035506000        0.21245286603750804000        3.50388363934682667000        0.83022396838503210000       -0.10618623552732780000       -1.64410716472290530000       -1.58271480966894074000       -1.50071169859521913000        1.08492805199152098000        0.83573429451251191000       -0.79671356195342813000        0.85853104552008541000        0.45191740650933387000        2.39901302401441408000       -5.67597469118841502000        0.31537133402506357000        7.93771344350090047000       -2.26304875979079334000        1.75497215242652405000       -1.77098154013151210000        1.82219575256716815000       -0.60626568099966049000        0.36751035156486250000       -0.88755075205575285000       -6.16609091006005894000        1.84920001244634147000       -1.09865816997187338000       -0.44946198236622065000        1.23584216578564865000        4.73634688206959620000        0.01358954630512026000       -0.68764239597313503000       -0.78001476187357910000       -1.32042117402831294000       -0.85237515023389343000        1.37017283801069967000        0.78245015861004441000       -0.20171678701162968000        0.72906935118298333000        0.38005186310381389000        2.23900001241266766000       -4.49884356213019121000       -0.29325988925699220000        8.55018021676433726000       -1.75184725495632354000        1.75169819275059258000       -1.79121606396278077000        3.14923586653091370000        0.04424468316050229000        0.05690652270640755000       -0.82807604700570536000       -3.18345405346880073000        2.26112248689273310000       -1.88167049377452367000        0.04991926623062325000        2.18300844762944779000        5.57850341503310254000       -1.09301028950245183000       -1.25032920839469597000       -0.44276794921014490000       -1.00599493729871958000        0.39078525306838952000        1.61667691769528310000        0.50534748057413859000        0.36629176841983263000        0.40659572621573065000        0.61128098338823311000        2.00016365625730330000       -3.80156578172531479000       -0.82900869266705912000        8.72247151271978538000       -1.35018597285153708000        1.01403916983642661000       -1.11792705958298244000        3.72264416075822169000        0.56632889929428543000        0.21357076454419152000       -0.73680137242779420000       -1.70551492263897475000        2.51648584894137572000       -2.31717039310564710000        0.39131325178468507000        2.57378344450229513000        6.37640974526218862000       -2.00096806539017980000       -1.65317098175677235000       -0.48351756387249883000       -0.79107773492811051000        1.06085327988427114000        1.61702071690290206000        0.38601684170665723000        0.83407811373958196000        0.01865764855779349000        0.95861749012262920000        1.77655543229446167000       -3.40546401025676992000       -1.30851207834873295000        7.57797094822622785000       -0.88044575732837560000       -0.37332792274077353000       -0.35447805987402170000        3.88912990673705039000        1.14896759232573786000        0.34656646204912367000       -0.17616784660312126000       -1.24973652078163888000        2.52134748680446164000       -2.50193255717023000000        0.46512113805430910000        2.27718652906526575000        6.42921250325915228000       -2.87399896559290458000       -2.08785762234637184000       -0.15077216448621317000       -0.48692058641273145000        1.50872930670964656000        1.79423232547003364000        0.38852723652996102000        1.27216755936868520000       -0.37275073472381515000        1.02791900646981471000        1.65702996483609177000       -2.41504975971438496000       -1.43737149457517721000        6.56761223914548697000       -0.11510030073295131000       -1.77420473868915596000        0.17407806064585568000        4.21899025909360592000        1.68947535951245609000        0.47544356365285778000        0.71509018494514531000        0.42348264847770689000        2.36601246324238579000       -2.84604587340562043000        0.30508734144853872000        2.23891594955351625000        6.19784168580358497000       -3.76461132970872958000       -2.49322592980479030000        0.21336609883797214000       -0.29198056790998328000        1.76968693284018763000        1.87049436425702442000        0.24184005413538667000        1.53396974430730415000       -0.76975741174670564000        0.81197680292944596000        1.62284743078618110000       -1.13113934797208926000       -1.37537050363027613000        5.48361473086459750000        0.95799047750989386000       -2.93529888200365363000        1.00093651052529942000        3.68715569032343371000        1.93063067781634934000        0.64076207224440840000        1.72783524912662290000        2.38302983858273043000        1.98083017202500056000       -2.65140328771885780000       -0.12659274270201082000        1.92736620748857979000        5.73776173649755616000       -4.64586603515082608000       -2.66164897190413141000       -0.03472327242551680000       -0.12700073847957866000        2.45692177614590745000        1.70024444832421584000       -0.03101688014686882000        1.59247034286364997000       -1.25529465599869505000        0.76737971915024084000        1.41764247690297140000       -0.74863328525182282000       -1.47144049939578014000        4.19517652866729041000        1.70784021115797646000       -4.09490203615836723000        2.19974326156641897000        2.00961163195116121000        1.83473278094759262000        1.00954998421185471000        2.48508991798463663000        2.30652004008176936000        1.60389648121303341000       -1.74966345311354354000       -0.42688704953812207000        0.69100201655157678000        5.45419017615088997000       -4.73447348991128436000       -2.34229252950636502000       -0.79942442359574806000        0.07055477814387522000        2.08410250662501895000        1.46358140678604332000       -0.13856629768675593000        1.63711663304969068000       -1.57922402813235996000        0.97811247957169112000        0.89259153293490523000       -0.11747458677041736000       -1.99523260311930439000        2.09805253873295339000        2.43404311740143697000       -5.25061232661262878000        2.25118413746337520000        0.76460252651154548000        2.04017795873133556000        0.77603042107466946000        3.09844938972252804000        2.30333148715952740000        1.43796727045495976000       -1.08551167127560366000       -0.34668817332905627000       -0.71753162767665890000        5.00980506593883756000       -4.02228159432366628000       -1.73918731210960087000       -1.12060907669842846000        0.23418756900438531000        1.48150976203807505000        1.35172695102215723000       -0.04100286735317518000        1.53007432449071890000       -1.81817742206236899000        1.08949868618673729000        0.21571463726100992000        0.49983913954305792000       -2.41152042609887340000        0.32647293738204242000        2.84557669108577382000       -6.25408315867388431000        1.57225664176774527000       -0.42728075260244675000        2.21741506775605313000        0.54104827157726576000        3.76397995923827189000        2.63255016987072343000        1.44511451465519092000       -0.50203335383105274000       -0.15776598435445352000       -1.56146197331443459000        4.65599163298044427000       -3.14651644485120840000       -1.04045601648970720000       -1.19102721598488137000        0.40461394939494033000        1.13322915570661986000        1.18900344626995258000        0.07087868414152336000        1.40667531805138113000       -2.14607454060298908000        0.93985263780601891000       -0.28193756204835424000        0.75549132687768694000       -2.67708553459817855000       -0.85230140783931108000        3.02309401311307591000       -6.76574843158931927000        0.99659761516148992000       -2.10132070280187433000        1.86943833526907355000        0.49751730009445128000        4.42339645585342556000        2.95244136975383720000        1.31508380832415184000        0.31973964164078506000       -0.11871785187768388000       -2.39024126056968145000        4.36809518034957467000       -2.17117835979191298000       -0.31909160294952421000       -1.76698603497829354000        0.57737743490581894000        1.19035509181456445000        1.19307676530155593000        0.11626021827599685000        1.29382061255479353000       -2.56155038781868161000        1.04298078514362347000       -0.73854698458040202000        0.63718288658930200000       -2.79425083516680317000       -0.85565902319523679000        2.67664142221021395000       -6.55743345642152775000        0.67848981134348685000       -3.53056498152494269000        1.20914980107527725000        0.53993919885498332000        4.49829915322664586000        1.95218802764201205000        1.36188002836402089000        0.90777395728504584000        0.06688797295178141000       -2.95360461399592866000        4.34154329276036854000       -0.83706972482897657000        0.70673699496929898000       -1.52602675270208654000        0.67538112668034045000        1.15942585602836812000        1.20876568648967608000        0.24204476452918636000        1.13877844786801230000       -2.80550028205707624000        0.87283908414096145000       -1.08775333266026797000        0.83787308320105602000       -2.76654320483127636000       -0.53961298400482272000        2.09952485245232845000       -5.82311162477717126000        0.32983025008782901000       -4.69580245008254593000        0.59948758953158687000        0.46729747275599637000        4.40871058549032835000        1.65125247068137670000        1.35261744643587134000        1.40782464840609167000        0.15570631191203912000       -2.99053593708247867000        4.13913441461638598000       -0.04644310924112956000        1.54864319348280777000       -0.63578897714910232000        0.80605445043195179000        1.63220892803097106000        1.04540491992034035000        0.45205841009957498000        0.97686380774803305000       -3.05467220769645698000        0.51155763016181122000       -1.41038211945054082000        0.57918295299276434000       -2.75504400069590449000       -0.27413795944016300000        0.88161742217002226000       -4.90568874819011302000        0.30117399935789080000       -6.09958806201174131000       -0.11593838312530613000        0.58559181656435455000        4.07553378294210411000        0.97615205041517628000        1.17204600336421438000        2.17944711645552758000        0.25404590049947740000       -3.04346090958720250000        3.82776051624699365000        0.51558794010879039000        2.16411262698823537000       -0.57806922595643417000        0.84303288823583755000        1.45975792770586388000        0.80758326155034665000        0.45932762520647791000        0.88213206610045480000       -3.14143608761447579000        0.59194509149134034000       -1.49388775383389061000       -0.13700815551641801000       -2.50833881168482042000       -0.12373283183604628000       -0.43695036711655499000       -3.67801124039330629000        0.27699950097676462000       -6.93013872360686101000       -0.98337810769135081000        0.36841515186375690000        3.35175252523780243000       -1.06330147393507857000        0.92310215238261761000        2.57143756298464066000        0.38849487061677973000       -3.16274317709134056000        2.94880755683527385000        1.07701394599791156000        2.48646529437542174000       -0.72840414014060872000        0.82750535274599923000        1.38932028257876095000        0.38176368795288190000        0.48598496259802371000        0.81614176953277284000       -3.05815904062168675000        0.70133756627273969000       -1.22409998975343237000       -0.89463558595531334000       -1.86647006518206626000       -0.71790226462945983000       -1.45029978598385800000       -2.50374763368594788000        0.67491979447885275000       -7.11812970023695790000       -1.66035539327772330000       -0.12373028195959604000        2.31572591872020794000       -3.88087932606903063000        0.35492453347624725000        2.83234910158366260000        0.25685208320800040000       -3.79991634631571085000        2.00609447975633604000        1.69967805431236307000        2.77615992025256642000       -0.12237284126702813000        0.76739135083529864000        0.61143775879668172000       -0.02125760277067217000        0.84022803594926421000        0.76668797924295895000       -2.92597427155679890000        0.37851008691390753000       -0.94197519470140878000       -0.96386012954906675000       -1.27430449398654511000       -1.85056913929300992000       -2.11182777442529801000       -1.57674819826529289000        0.55751817059566056000       -6.60825653173416949000       -1.91618152164547850000       -0.79662536051728183000        1.65256061092856954000       -4.56893460718998234000       -0.26392426305766797000        2.88546495532913871000        0.03109844332321422000       -4.03843937671936182000        0.80151662840149140000        1.83289145039551382000        2.72234293964761154000        0.83074023740879210000        0.79986139674719070000       -0.33833350470865070000       -0.39717340182026573000        1.22272315939700427000        0.75987636028389482000       -2.44500234714757925000       -0.31424532282579010000       -0.55033649712532484000       -0.51089630223232096000       -0.52354529169776032000       -3.09503195819157462000       -1.97699113847938768000       -0.47089476071288877000       -0.12611925820310421000       -5.61670778602655663000       -1.95118433091764842000       -1.59447326838182346000        1.02577685960977538000       -3.38283052869501644000       -0.83407883052457454000        2.71847440000544527000       -0.19214860345155380000       -4.06383455468045529000       -0.21992999112570652000        2.13545140856501225000        2.58928507827953824000        1.11422044611799409000        0.86047734991382074000       -0.83785485759007561000       -0.89902021971234525000        1.43049255886786675000        0.73596122388532981000       -1.66028793896138271000       -1.10729575291561888000       -0.07573736412523782000       -0.05571997867146245000        0.23849232276414906000       -4.26259353236179361000       -1.34916436772600790000        0.85384323546593688000       -0.78051176371125874000       -5.01133082531613194000       -1.95992294886330898000       -1.81510687219689992000       -0.08101085574492820000       -2.06235045594360145000       -1.48777524903059644000        2.75854310385848001000       -0.51135213713627869000       -4.17389665283654132000       -0.78634013384216039000        2.98275126675320923000        2.74884506537368489000        1.54089274414737343000        0.81939135792201301000       -1.28097139663044768000       -1.25909687453970309000        1.61949640241026116000        0.64595153391525439000       -0.86063354551125004000       -1.81425431399150616000        0.41250563892081155000        0.10412970126330563000        1.15423165035135367000       -4.64839516777377604000       -0.82398263472415401000        2.21320159972358566000       -1.41688596136703415000       -4.21110923612791410000       -1.96402079972414700000       -1.69351234491959768000       -1.08203557539289519000       -0.74822948596018668000       -1.94985948407056586000        2.51535399220114098000       -0.83327889182687842000       -3.57070572151745180000       -1.41845077014620058000        3.38309016991753930000        2.65586825317315345000        1.67935998586938595000        0.61484575711334499000       -1.29640189979825893000       -1.37199852760750929000        1.77476969830176112000        0.34316063997892005000       -0.16839353221492653000       -2.12440115525107531000        0.60473355660834471000       -0.72506835867039288000        1.79271005934266991000       -3.99785934634104656000       -1.00239069576259721000        3.26666690870441867000       -1.63091570267409769000       -3.55623241036909521000       -1.94988440040879318000       -1.03126691676258986000       -2.06743890136651576000       -1.11220282338755116000       -1.94867547748195946000        2.18547901963884827000       -0.84793786079930877000       -2.80821771847092050000       -1.97840622922403475000        3.58183845522255329000        2.42339686466207693000        1.47359702898422151000        0.16583334866860971000       -1.76041532720859983000       -1.45069216633789555000        1.83304710549598071000       -0.14297303439542158000        0.52910266445912868000       -2.36899954267137636000        0.65888412650346395000       -1.51065637568536437000        2.19518234925591660000       -3.72242313147947801000       -1.09236731771730300000        3.74094925295032610000       -1.51030098569051696000       -2.81615581092629519000       -1.70316004425724543000       -0.51992107903908602000       -2.69957756068822441000       -1.84610168419676213000       -1.91297632064038603000        1.95228171239126969000       -0.88786701368903309000       -2.27525641214208907000       -2.70310695717719218000        3.30476356653065784000        1.92746885080903652000        1.03906835394535935000       -0.31846434056544048000       -2.01810360221988283000       -1.49351771063931027000        1.83383636588064891000       -0.51837027509256517000        1.30048010400202041000       -2.46270926161123382000        0.90332311658120301000       -2.17178458670684016000        2.61217165914314364000       -3.69812123881297028000       -0.85197571198350253000        3.84982358441976880000       -1.10284470234445231000       -1.86399424376276390000       -1.26856469380286763000       -0.06443358488711304000       -3.22882376392952830000       -2.93663689344235035000       -1.92952896966280862000        1.57255727754031582000       -1.12533559268876848000       -2.02124456581826495000       -3.17935603258729582000        2.85000633461017028000        1.41136432615886220000       -0.17419310878584282000       -0.76872648050617143000       -2.66663292670063479000       -1.54315675474077207000        1.73541125810058228000       -0.75896937778768658000        1.93782137014746780000       -2.27735951911755219000        1.15081424022195655000       -3.17379285324350668000        2.78191906328266292000       -3.60119472112358441000       -0.32023994798295230000        3.85590636806675180000       -1.03685164867268775000       -0.99135099152568606000       -1.00512139533913158000        0.22595140927152238000       -3.44502832374669188000       -4.39704056765187357000       -1.77110191210430457000        1.13906778246323492000       -1.18851546567349597000       -1.92894532622971515000       -3.55473874721557737000        2.59081476867430105000        0.83682858715066744000       -1.06099255603334575000       -1.12105793002168608000       -2.95588516851445116000       -1.51728698854329624000        1.62284929366124775000       -0.94794884625263109000        2.27827853058005969000       -2.16186544217465837000        1.14467262591523111000       -4.24925518615790398000        2.61630741936669553000       -3.32356296049456779000        0.03010687920519938000        3.42927604305361911000       -1.06099904839209525000       -0.44229752566997044000       -0.77604849798755260000        0.62191850974470630000       -3.26592954325429030000       -5.32508221781690416000       -1.43820926131214311000        0.93650591825611207000       -1.06556143679666882000       -1.59139262454126529000       -3.43092424330467694000        2.18071263502057366000        0.18017400762300079000       -1.78171175683225647000       -1.37506558436654958000       -2.41399062789423002000       -1.33244360826284725000        1.51993375415380050000       -1.00472533246760909000        2.39518061290639350000       -2.06444688102567220000        1.22007230490013763000       -5.21047056479626391000        2.34390026754936365000       -2.63599617258005248000        0.23885097908468844000        2.69481535508584225000       -0.42344770745047622000       -0.12354738069790877000       -0.57307451582762603000        1.27484157934604636000       -2.91575629065590780000       -6.45934654348864346000       -1.13397129810436059000        0.81082295363986401000       -1.11201764380850765000       -1.47803434117287380000       -2.86267804954287319000        1.55656804348146083000       -0.35189818083311153000       -3.39838577804437003000       -1.59235394086655146000       -1.94762191244018079000       -1.24938177030985043000        1.27881059607115621000       -0.90580591574987046000        2.31075938162040995000       -1.66122912457324379000        1.60390038368311005000       -6.08654702611998388000        2.18592487917217282000       -2.12484044261359584000        0.77452285531869425000        2.04024408775625021000        0.62492683101467206000        0.17784160746682748000       -0.52359582965188134000        1.68174764619637118000       -2.55556313293062543000       -8.56875850732578570000       -1.01369221664324738000        0.69559707903783952000       -1.35919511847204832000       -1.86656125372270187000       -2.36222839874495660000        1.08299382425646917000       -0.66614636926419257000       -4.51792877657473912000       -1.77863230217875845000       -1.58550549821865672000       -1.05981000425086647000        0.93888487767961670000       -0.78898062678307723000        1.94905102869075320000       -1.30205291291426373000        2.03110578724502844000       -6.66703811718267669000        2.10013253539123612000       -1.54930999130848979000        1.26182446481680710000        0.85833931717339440000        1.54518106744497197000        0.71303469126835661000       -0.55329679164780976000        1.69856766621392818000       -1.69698063000703625000      -10.02653233391692922000       -1.06053187033087104000        0.48585170711207692000       -1.70014525450476817000       -2.04807642747920138000       -1.65485545112802712000        0.26056372281105622000       -1.19483193612252325000       -4.87652944867340210000       -1.77936011673609040000       -1.01017629099551431000       -0.64044963754424022000        0.72843846136925505000       -0.60837651204657228000        1.39642742438952561000       -1.07768996266351302000        2.27003925493001768000       -6.63829021166148259000        1.78925843256508577000       -0.45209692110047572000        1.48538022323978813000       -0.42934967617374931000        2.24456864527600519000        1.23120929065755669000       -0.59283619946932986000        1.71357698372798906000       -0.66150157805284515000      -10.23533016961065734000       -1.06699489450560181000        0.21611546107496288000       -1.94816513570198202000       -1.97638463376707807000       -0.65300037076129125000       -0.77036355770300169000       -1.64131326477115591000       -5.31573503373344547000       -1.63183508776737263000       -0.51571196814875819000       -0.22760787649619393000        0.60351561809193688000       -0.31094706977565045000        0.79026904952610033000       -0.75100158085976232000        2.58867422227914190000       -6.31271953377249950000        1.73291148231961301000        0.61421390043762991000        1.74843135522477389000       -1.36368926012812497000        2.94698830750830210000        1.38758864605921373000       -0.92559808713810998000        1.63665976996261708000        0.41105676241281075000      -10.63389958850721939000       -1.12464553469219664000       -0.00011621840546409000       -2.28885778467002332000       -2.08771247501846391000        0.14803553457999416000       -1.70869250159932884000       -1.83043419421689735000       -6.07459854970258384000       -1.54592392024800618000        0.39035755911026931000        0.07681591734018282000        0.59735472118507071000        0.07654918328655232000        0.38817907112345346000       -0.47476210434361238000        3.11448458768756486000       -6.36253589871701664000        1.77921972539825957000        1.49909746999096871000        2.02213269863948009000       -2.14553154050693307000        4.09143153228701895000        1.15493158174635435000       -1.30266728431526668000        1.84309738159833203000        1.24416883636993791000      -12.36386713467076604000       -1.30699696435693435000       -0.02098296337532963000       -2.84549444922397665000       -2.61558822311992900000        1.05598325413921712000       -2.66682152409643081000       -1.72275428223868832000       -6.41067844598514558000       -1.17002526670400875000        1.41595813115730018000        0.49867184966693862000        0.55508093808325065000        0.52131750234526908000       -0.04468904385789017000       -0.00485557161599867000        3.18877325587189198000       -5.74485521200739502000        1.55936882233034790000        2.52471361085213752000        1.97315468833254193000       -2.62110270017969604000        4.51307088970511039000        0.78695735802286504000       -1.49830810052042085000        2.06016651655308936000        1.70873401311940265000      -12.95181090092582643000       -1.21270433693088076000       -0.14292844111080866000       -2.94840763434756559000       -2.65252844817273159000        2.00377035627441513000       -2.98744855856786806000       -1.27382711936332971000       -6.06734092892265675000       -0.81574256600823192000        1.45482971556114826000        0.90250582892274289000        0.60533264230065187000        0.98630139629106950000       -0.25131061683584910000        0.28151109588513024000        3.32931835198200865000       -4.30562200404672257000        1.55382937946349364000        3.16594224647974976000        2.43251446813730343000       -2.59374981623088674000        4.40597694771127113000        0.96304394287896200000       -1.50553731578528560000        1.68440336912151412000        2.30978578046280303000      -11.88791570242100271000       -1.13082728748762906000       -0.66299871380626441000       -3.05905842229030389000       -2.50081032619462507000        2.13620389275172107000       -3.49299139511467160000       -0.92260573671112289000       -4.75143782714471286000       -0.39501571679746628000        2.04798140442650922000        1.33173114713820162000        0.69881367320528187000        1.42289508063458126000       -0.44810681387374351000        0.37489077484695088000        3.00684205445965125000       -2.38204001154157563000        1.09819643230543718000        3.45896630992746434000        2.44958126686616806000       -2.78225596981221512000        4.39919559407030825000        1.05929520931422938000       -1.00344178982592225000        1.55079650429217852000        2.55183954680899427000       -9.62288152256804352000       -0.93186445027606002000       -1.10613756323242840000       -2.94009243043705393000       -2.15281053601285022000        2.38150538598366257000       -3.79364056535538863000       -0.37537160578367312000       -3.86303161814597962000       -0.06262042160935927000        2.19290963598957678000        1.58884825473715230000        0.57163375524055626000        1.72850046270908875000       -0.48390960536654798000        0.50823310600402494000        2.68998641421566820000       -0.25952517018877064000        0.86925435285715491000        3.22920740386500071000        2.75947184444345250000       -2.61536924731415832000        4.39707363377771987000        0.99492211758765969000       -0.53696402310059055000        1.37386791607104297000        2.38885284055167668000       -7.29216123702949126000       -0.89151603129252088000       -1.38875121509905197000       -2.88736227776805476000       -1.86715502079613427000        2.15381287428917956000       -3.73705987294358222000        0.30202721272682126000       -3.09952982457269011000        0.18846534002709567000        2.45986193448791290000        1.51708262583465014000        0.31815220111355491000        1.84666929843826666000       -0.49396080804590509000        0.81082112014773389000        2.27890811627798406000        0.71817234034196531000        0.85640527906036246000        2.35040567030538927000        2.54929758139735174000       -2.59862074933236276000        4.33957785657329342000        0.72309270297079009000       -0.30537082820900452000        1.30183026285031689000        1.98711346061195671000       -6.41688052247938234000       -1.03742632882966568000       -1.48955378642927738000       -2.74554686713808138000       -1.72699979420769845000        1.65603639104371814000       -3.20996110363251397000        0.74667898998396443000       -2.32343378816180390000        0.50806198484390985000        2.41030500591416263000        1.33680914283206653000        0.04311398337205628000        1.80598403019237641000       -0.54465872436433849000        1.11578219707782011000        1.35345629746118079000        1.34634360737715664000        0.43007341655561721000        1.16462652534109612000        1.67723877774406693000       -2.67129321226759719000        3.49299759165805179000        0.57438434688719731000       -0.01934471877074201000        1.25845176312093909000        1.37990364550914868000       -5.02230914892214031000       -1.06836977208484130000       -1.52170800030876596000       -2.11013626229396278000       -1.09174521095499144000        1.03963949740615580000       -2.19885613572428529000        0.93305334200588652000       -1.31112526911014893000        0.75754155323406891000        1.65369399461034972000        1.19632315281198731000       -0.16891396704401196000        1.69554525955303959000       -0.60142332670072085000        1.19532546566069109000        0.62823515786397632000        1.93903568240292712000        0.50278703431606719000        0.06779302134148987000        1.01302741869014268000       -2.47869461844909189000        2.15557841737535849000        1.24186349730602541000        0.10955665013391640000        0.68456413930158388000        1.06354659297980736000       -2.90168724956179291000       -1.15326349168600872000       -1.89301249367848201000       -1.53881252705386617000        0.01309762910801243000        0.13630749322871524000       -1.22718008574824577000        0.77386982631520185000       -0.38470662052852772000        0.73892013859917993000        0.83516251652436391000        1.03789966143033552000       -0.12480547886566522000        1.52787887070745776000       -0.88772604637957131000        1.27730818664106649000       -0.15764027727715191000        1.65763980891650120000        0.09306215583827172000       -0.96170167303536958000       -0.11309633788935174000       -2.53902042797599670000        1.26501109752114127000        1.49691649399655691000        0.33096852894021089000        0.16426928026068272000        0.90189333870239752000       -2.29129947839805004000       -0.95436503101388726000       -1.92350991120848125000       -0.88197779587405578000        0.42707708484102869000       -0.60526933263667493000       -0.30723856518131887000        0.74620554352653690000        0.51509096683103694000        0.58068561127616891000        0.69486626196895385000        1.00699899789003933000       -0.01531708053498758000        1.20279421446811319000       -1.16386777046482659000        1.17960220727823706000       -0.71938749555029824000        0.81665812727917220000       -0.15831209619046763000       -1.16018092802536099000       -1.47140023323898017000       -2.56343399059663479000        1.05892083951568372000        1.26045530195802202000        0.43620108432729421000        0.20868520934041776000        0.59209866590506133000       -2.47740564720154488000       -0.61584528387756565000       -1.55741498773738396000       -0.38057071428254269000        0.68658463661093150000       -0.89314473815278916000        0.32084406449638847000        0.61175575226043166000        0.63339489391354842000        0.42698212497660903000        0.54883617527477080000        1.04794985215338832000       -0.18419819244347760000        1.02888838011216199000       -1.22285775732449742000        1.27228347608669212000       -0.81527023416671351000        0.19121740334153148000        0.09317460269144237000       -1.50159154269459938000       -2.14195418007541782000       -2.79847915558600757000        1.29011222808689086000        1.20581025892348448000        0.44394607375980505000        0.30209133829372675000        0.08810852115455857000       -3.44586998788390808000       -0.65840539721821223000       -1.39712755582208681000       -0.40416392333560336000        0.55756368695102598000       -1.09802919638106022000        0.85321296806342173000        0.66030333682234976000        0.83267901031893943000        0.23762051500971026000       -0.14608768985538834000        0.94221678273539322000       -0.42572154748872104000        0.91960238753092927000       -0.94085724992584918000        1.20978155823633915000       -0.89256173427195284000       -0.76650999610524939000        0.09805601822936241000       -2.38635462755166294000       -2.58928423075347025000       -3.23386206361547712000        0.78895157767744750000        0.76200526404788216000        0.45797107560942957000        0.24958526511989423000       -0.19376797830404741000       -3.87413454502835553000       -0.63937765472269525000       -1.05882345038254133000       -0.35865349381909417000        0.35241596542011006000       -1.20696477927428591000        1.40497045492515560000        0.38915888842815011000