 2         8        23        48        56
        0.00    0
       1.040550       1.040550      50.557500      50.557500      50.557500      52.087350      52.087350      52.087350      51.766050      51.882600      51.706200      51.706200      51.706200      51.706200      51.706200      52.303650      51.791250      51.392250      51.706200      51.392250      51.392250      51.392250      51.392250      51.392250      51.392250      51.392250      51.392250      51.392250      51.392250      51.392250      51.392250      51.392250      51.392250      51.392250      51.392250      51.392250      51.392250      51.392250      51.392250      51.392250      50.601600      50.600550      51.912000      51.912000      51.912000      51.912000      51.912000      51.912000      50.162700      51.912000      50.685600      52.087350      50.557500      50.557500      50.557500      52.087350
      -0.403200      -0.396800       0.099200       0.160800       0.156000       0.156000       0.156000       0.158400       0.069600       0.069600       0.069600       0.069600       0.069600       0.069600       0.069600       0.069600       0.069600       0.069600       0.069600       0.069600       0.069600       0.069600       0.069600       0.069600       0.069600       0.069600       0.069600       0.069600       0.069600       0.069600       0.069600       0.069600       0.069600       0.069600       0.069600       0.069600       0.069600       0.069600       0.069600       0.069600       0.069600       0.069600       0.069600       0.069600       0.069600       0.069600       0.069600       0.069600       0.069600       0.069600       0.069600       0.069600       0.069600       0.069600       0.069600       0.069600
        0.31000000000000000000
       -0.01800000000000000000
        0.22800000000000001000
       -0.29999999999999999000
        0.32400000000000001000
       -0.07199999999999999000
       -0.27200000000000002000
       -0.29799999999999999000
       -0.33800000000000002000
       -0.00600000000000000000
        0.22600000000000001000
       -0.06000000000000000000
        0.21800000000000000000
       -0.19600000000000001000
       -0.33800000000000002000
       -0.29399999999999998000
        0.23799999999999999000
        0.18600000000000000000
       -0.30199999999999999000
        0.39400000000000002000
        0.43400000000000000000
        0.08400000000000001000
        0.34999999999999998000
       -0.10199999999999999000
        0.34599999999999997000
       -0.30399999999999999000
        0.11799999999999999000
        0.16400000000000001000
        0.15600000000000000000
       -0.09800000000000000000
        0.29199999999999998000
       -0.09600000000000000000
        0.25600000000000001000
        0.04800000000000000000
        0.33600000000000002000
        0.29399999999999998000
        0.24600000000000000000
        0.30399999999999999000
       -0.09000000000000000000
       -0.19400000000000001000
        0.08000000000000000000
        0.08200000000000000000
        0.09800000000000000000
        0.30199999999999999000
       -0.28000000000000003000
       -0.09200000000000000000
       -0.16400000000000001000
        0.34799999999999998000
        0.05400000000000000000
       -0.14799999999999999000
       -0.33000000000000002000
       -0.03400000000000000000
       -0.01800000000000000000
       -0.17399999999999999000
        0.08599999999999999000
       -0.31600000000000000000
        0.33600000000000002000
        0.27400000000000002000
        0.34799999999999998000
       -0.22000000000000000000
       -0.27000000000000002000
       -0.00800000000000000000
       -0.23400000000000001000
       -0.13800000000000001000
       -0.29399999999999998000
       -0.04000000000000000000
       -0.35999999999999999000
        0.30199999999999999000
       -0.07400000000000000000
        0.14999999999999999000
        0.10000000000000001000
        0.06000000000000000000
        0.17799999999999999000
       -0.19000000000000000000
        0.20999999999999999000
        0.20599999999999999000
        0.00600000000000000000
       -0.20999999999999999000
       -0.17199999999999999000
       -0.13600000000000001000
        0.45000000000000001000
       -0.07400000000000000000
       -0.11799999999999999000
       -0.34599999999999997000
        0.01400000000000000000
        0.34799999999999998000
        0.17999999999999999000
       -0.38000000000000000000
        0.06400000000000000000
        0.07000000000000001000
        0.12200000000000000000
       -0.06800000000000000000
        0.38800000000000001000
       -0.05400000000000000000
        0.28000000000000003000
        0.34200000000000003000
        0.19400000000000001000
        0.37200000000000000000
        0.34200000000000003000
        0.20799999999999999000
       -0.37600000000000000000
        0.06400000000000000000
       -0.29199999999999998000
       -0.10800000000000000000
        0.26000000000000001000
        0.39600000000000002000
        0.24199999999999999000
       -0.40000000000000002000
       -0.38400000000000001000
        0.06400000000000000000
       -0.26000000000000001000
       -0.07199999999999999000
       -0.04200000000000000000
        0.09000000000000000000
       -0.30800000000000000000
       -0.18200000000000000000
        0.29199999999999998000
        0.23200000000000001000
       -0.23400000000000001000
        0.05800000000000000000
       -0.01200000000000000000
       -0.08000000000000000000
        0.24600000000000000000
        0.31600000000000000000
       -0.18200000000000000000
        0.16400000000000001000
       -0.21600000000000000000
       -0.20000000000000001000
       -0.26600000000000001000
        0.04400000000000000000
       -0.31400000000000000000
        0.01600000000000000000
        0.12000000000000000000
        0.08799999999999999000
        0.38400000000000001000
        0.17599999999999999000
       -0.22600000000000001000
        0.12000000000000000000
        0.23000000000000001000
        0.17399999999999999000
        0.13400000000000001000
       -0.10000000000000001000
       -0.01000000000000000000
        0.33200000000000002000
       -0.33000000000000002000
        0.18400000000000000000
        0.22800000000000001000
       -0.00600000000000000000
        0.07199999999999999000
       -0.33800000000000002000
        0.10199999999999999000
       -0.02200000000000000000
       -0.21400000000000000000
       -0.23599999999999999000
        0.38600000000000001000
        0.21800000000000000000
       -0.26400000000000001000
        0.03000000000000000000
        0.39800000000000002000
       -0.06000000000000000000
       -0.06200000000000000000
       -0.05000000000000000000
       -0.11400000000000000000
        0.28199999999999997000
        0.35199999999999998000
        0.15800000000000000000
        0.20399999999999999000
        0.29599999999999999000
       -0.20200000000000001000
        0.26800000000000002000
       -0.34200000000000003000
        0.09600000000000000000
       -0.35399999999999998000
        0.33800000000000002000
        0.00200000000000000000
        0.29199999999999998000
       -0.07400000000000000000
       -0.34999999999999998000
        0.07199999999999999000
        0.17399999999999999000
       -0.46999999999999997000
       -0.02800000000000000000
       -0.31600000000000000000
       -0.13600000000000001000
       -0.06600000000000000000
        0.24199999999999999000
       -0.37200000000000000000
       -0.33400000000000002000
        0.01400000000000000000
       -0.38800000000000001000
        0.44400000000000001000
       -0.04200000000000000000
       -0.31800000000000000000
        0.12800000000000000000
        0.28399999999999997000
        0.03800000000000000000
       -0.23000000000000001000
       -0.34799999999999998000
        0.18200000000000000000
       -0.39000000000000001000
       -0.22400000000000000000
       -0.05200000000000000000
        0.19400000000000001000
        0.24600000000000000000
        0.20999999999999999000
        0.07199999999999999000
        0.31600000000000000000
        0.34799999999999998000
       -0.03000000000000000000
        0.20399999999999999000
        0.14199999999999999000
       -0.02200000000000000000
        0.23000000000000001000
        0.03600000000000000000
        0.04400000000000000000
       -0.05400000000000000000
        0.13400000000000001000
        0.29799999999999999000
       -0.20999999999999999000
       -0.34000000000000002000
        0.42399999999999999000
       -0.09200000000000000000
       -0.39800000000000002000
       -0.09400000000000000000
       -0.22400000000000000000
        0.37800000000000000000
        0.39600000000000002000
       -0.33000000000000002000
        0.36399999999999999000
       -0.38800000000000001000
       -0.20105999129822555000       -0.62406999814592734000        3.01043379075725559000        0.11922307685023567000       -1.04624406507792034000       -1.10072213485890669000        1.24882066052906948000        3.24543228452073684000       -2.80481513478126931000       -0.65924595249765439000       -0.70633110364912477000        3.56877666999724941000       -0.31529322566004342000        1.76319574471786078000        0.39167078223286816000        0.06329282865728415000        0.17429317188764021000        1.72560351367546061000       -0.00279433867124320000       -0.65095620909598717000       -0.32606438615532585000       -1.73561200424068618000        1.73918274086301095000        1.26045819635746925000       -0.56240304723095957000       -0.67505503682168311000        2.53666075827349324000        0.08972249909896347000       -0.18603299416866501000       -0.92966612227124679000        0.94256190717659960000        3.42555010786308545000       -2.16391647562525469000       -0.50529165574248891000       -0.78321849099597074000        3.22598831934240904000       -0.53471608189826203000        1.40312093148548023000       -0.88716357966635750000       -0.36798075311889583000        0.09412343056947776000        2.45486542879203018000       -0.00302127413348800000       -0.64749823143350527000       -0.40489353629278735000       -1.00959308441374929000        1.76837200437474107000        1.19777972560127210000       -0.92681445782138383000       -0.58418158531382669000        1.78971177694918793000        0.02946221100720824000        0.55631850386377468000       -0.59803975378205687000        0.33685007451243359000        3.30329537203286172000       -1.49457641193796542000       -0.30518351307240821000       -0.87383304323638922000        2.76122243710887938000       -0.62395730205468736000        0.89045258627903723000       -2.17423404446068647000       -0.60296094530811895000       -0.00299206257190292000        3.07924931634905130000        0.06013057776784890000       -0.50643502183350941000       -0.43286225886578905000       -0.15411418249861847000        1.63474522727631966000        1.12179975396406140000       -1.24150151138393738000       -0.66981809322279118000        0.89955848947765948000        0.06683197243111134000        0.86861398748194696000       -0.51110735828412879000       -0.24034591728452046000        2.32403348874602234000       -0.77895704261910348000       -0.09925568965710280000       -0.92496013961259971000        1.80601647396253329000       -0.69114677559449356000        0.23050546369036137000       -3.31340266307184983000       -0.94982976294376575000       -0.01278200372020453000        3.20665694221446351000        0.13760841370729862000       -0.48797844220912823000       -0.45975774779949741000        0.89117675423761289000        1.44010176222443764000        0.87502513142678418000       -1.45507450212225220000       -0.85967566668608786000       -0.05769784431781658000        0.06284913441290788000        2.00202027233357960000       -0.37275791481365439000       -0.87440776607348747000        0.97664524528049412000        0.42061240794402149000        0.02608635847772077000       -0.49912036681956290000        0.24765556926456248000       -0.88643636509093282000       -0.30994178157990465000       -4.57208864792388070000       -1.67921914736939071000       -0.01728591796461075000        2.91533694993502657000        0.01838222524835415000       -0.51154378964933833000       -0.49204287382749584000        1.81856445350763263000        1.37757964803302313000        0.32963273216884764000       -1.51765641735005485000       -0.46129104449819885000       -1.19803651030963754000        0.09020802168602096000        2.38044251937192453000        0.00491646305711818000       -1.02139826067565109000       -0.04562055249106368000        1.18798089715606814000        0.08659412089195320000       -0.14732285965184075000       -1.92765451989178671000       -1.27937131919572855000       -0.79017989216632589000       -4.65686480618690535000       -2.26038763334691595000       -0.02170048701041643000        2.82471701227200045000       -0.23653999352096761000       -0.33194020706144994000       -0.40049280810580412000        2.71023163849624815000        0.88596404138756557000       -0.12597457026645970000       -1.31839069289602184000       -0.15172926635626066000       -2.26846288002413177000        0.02052929313480925000        3.41391790513177273000        0.64639560570023524000       -1.77006171622203734000       -0.22876819602682755000        2.28886995539013549000        0.15766204738554002000       -0.01520856399394308000       -1.91560590623308724000       -1.22925015933871817000       -0.87003430032921836000       -4.95261106459011380000       -2.03500051782403757000        0.17994938554721898000        2.54121354075585648000       -0.31134538865395384000        0.17286972285000266000       -0.54823876775131719000        2.77214113948882934000        0.32670917931606641000       -0.43337253691867722000       -1.00700984798170290000        0.10101657056003592000       -3.29383340064783781000        0.09824859287078487000        3.77769482553291436000        1.23463586306524653000       -2.10996868858152542000       -0.70405545833807270000        3.24214966568582863000        0.13231359352758906000        0.02531510783606145000       -1.84374557293789598000       -1.07218113535103554000       -0.45440778623758404000       -4.75915931065108300000       -1.84148758460045681000        0.30690678245314745000        1.98675267344644779000       -0.46651596647457838000        0.75494014013265298000       -0.77410097129008515000        2.85453485020883591000       -0.23369048722648689000       -0.69292978344061107000       -0.67569721076069111000        0.51076200747156242000       -3.95937418242503680000       -0.08142232740120312000        3.95644963739924105000        1.42501472299570819000       -2.33054024043785146000       -2.00541469271800565000        4.09599298224606745000        0.21544230769019901000        0.42515755967590829000       -2.81549573773180484000       -1.22120237858115543000       -0.03461106954327806000       -4.13188132444166722000       -1.95724731534368668000        0.56755159502558106000        1.18665749805395793000       -0.59056438545427337000        1.15824092928309774000       -1.14211336238423677000        3.23952149228985942000       -0.69422810045329053000       -1.25011629354907416000       -0.35981592683405977000        0.49300954266373265000       -4.25281186295268920000       -0.33251080756881074000        3.95631516185786181000        1.39149272581285199000       -2.42601776107785749000       -3.03207043308349666000        4.61747526583659251000        0.28458109919221419000        0.86836275859104883000       -3.44586877499438682000       -1.41186360525113930000        0.14987266787023978000       -3.39624391637050671000       -2.08667986845252962000        0.83812628177591320000        0.16628174977717272000       -0.70137007777358784000        1.27207918767307082000       -1.34213243274048089000        3.13841815331719509000       -1.09193498192229654000       -1.60279154034673743000       -0.12330866144218476000        0.46107590170324769000       -4.40536493609894464000       -0.41178375068590739000        3.50101802011263352000        1.41545216740912583000       -1.90293541500210162000       -3.33007181418394049000        4.49104315892237249000        0.22920682868909831000        1.21785571226740164000       -4.25196609243866064000       -1.73857756057569013000        0.39707173748065855000       -2.26718903550480277000       -2.32881608746337276000        0.91747925351173987000       -0.59176040907292260000       -0.89922555259711823000        1.26240672527267894000       -1.31744631632930176000        2.79824017940100633000       -1.48334102723764683000       -1.58898928159227615000        0.15730766545428532000        0.66602115317945232000       -4.27030991414796546000       -0.49277998158009340000        2.96720531406878996000        1.48804317680368081000       -1.34405326085136823000       -3.45843408686871889000        4.30391938823723219000        0.16320387148172610000        1.58818043112993168000       -4.91669871512104795000       -2.22729332480173703000        0.87666899254432784000       -0.81288240206373241000       -2.58503098332976533000        0.94102127210457942000       -1.13443749366639945000       -1.00410990974931358000        1.40026763011751276000       -1.36140282405809976000        2.31119499896980596000       -1.96782277314287080000       -1.54281141653248088000        0.50375936097895846000        0.89280824303376860000       -3.63156989427467591000       -0.39083244819606255000        2.73002277612059974000        1.62831199858438880000       -0.85226150327551697000       -3.18286926721991614000        4.14084191334470120000        0.10762189825133166000        1.84695481010430074000       -4.20172918163667219000       -1.97367012710621004000        1.23373743509241329000        0.34547178527345396000       -2.07580812193212649000        1.04654742788888577000       -1.56842862783381976000       -0.74454175360476083000        1.48706065276959420000       -1.36728615779019314000        1.30277550568237599000       -2.25510544842147098000       -1.38192999590253840000        0.74147602237768984000        0.78252695980405773000       -2.86293195080120411000       -0.25200244454542436000        2.22468484313692505000        1.65097367101491255000       -0.74275084307773376000       -3.48188538309636808000        3.78780494875229978000        0.10218308754102053000        1.96563393621013449000       -3.46241696201497184000       -1.53498162089766454000        1.07072828997799374000        0.93341897108921923000       -1.61948658964766357000        1.16206377098940439000       -2.18637583233445287000       -0.23790426124562172000        1.37948598407673106000       -1.18291198783370755000        0.36786613973694127000       -2.30786349427099813000       -1.21169058616412029000        0.88652226235956766000        0.73404204844551291000       -1.90585941053118901000        0.01511788183372739000        1.04570217704274238000        1.43176249588426319000        0.02817297649859434000       -3.94969933949965046000        2.92555384477754910000        0.06292330143220751000        2.07229548264257346000       -3.55760991645215308000       -1.29281821676864817000        1.01239884018768067000        1.83139356137916254000       -1.50492336058750142000        1.13782922875188919000       -2.56538145698508036000        0.15319053369331828000        1.07492782033794509000       -0.98200025838555782000       -0.15082037778536669000       -2.19345508707973869000       -0.97656147983761410000        1.12747301652706966000        1.10767056057190727000       -0.79877231095022438000        0.32758646048056023000        0.16765383037605058000        1.56223874786717576000        0.86992353093018682000       -3.78876998496342576000        2.02637272568396076000       -0.01421377453664836000        2.18571049503113235000       -3.64111920744539530000       -1.05878208673504415000        1.00831032718835290000        2.80331615888382846000       -1.36546700508848207000        1.00211190703209940000       -2.32632061025659809000        0.52893017796985453000        0.91651363426016608000       -0.69271817347262576000       -0.86588734404864853000       -2.03680867259909881000       -0.71390525133840121000        1.29993766452924042000        1.47194354887395296000        0.22677165902137433000        0.60810420364119167000       -0.44770517023200251000        1.74782757209736594000        1.49498765577120452000       -2.82435413697062554000        1.14020217861518947000       -0.06482914915137591000        2.09645259824485430000       -2.39641462246574077000       -0.52039485431435084000        1.00446209532862163000        3.30081491994380327000       -0.67163793424270746000        0.80083161861814667000       -1.82137806869355701000        0.85368931996277742000        0.94255946847204097000       -0.37429206846097390000       -1.70644380419244213000       -1.88817111014525185000       -0.24763777393749950000        1.22424511859810803000        1.40453671467813601000        1.16540788713358467000        0.82704753133721420000       -1.69921536096526404000        1.72614439023692623000        2.12569429104327012000       -1.68636263473340287000        0.07285503905980495000       -0.06664147714253983000        1.60380550317122905000       -0.47003274015374708000        0.33405887198757994000        1.00411808544733328000        3.61688211806659865000        0.26851463398880182000        0.54824866161319130000       -1.46061913360194495000        1.09646077460088631000        0.89203636952587073000       -0.14157252481995067000       -2.37603223068890301000       -1.59472979146355742000        0.36117872023408354000        0.95245956506807339000        1.31182277664657510000        1.72659615324544746000        0.89714134241063459000       -2.45225075714591823000        1.62498271516665849000        2.46387064738436035000       -0.81208878817486330000       -0.92010045812538810000       -0.09687100029763789000        1.29706871294378434000        0.57134932741671951000        1.04012113673503959000        0.81692863017837003000        3.38750728855910754000        0.90325026349406412000        0.26940885751313620000       -1.25263974600131811000        1.11957712351001049000        0.69693701381932349000        0.12082753136996945000       -2.66024519762898226000       -1.01259264986129471000        0.73305941987545220000        0.67442973807091733000        1.30169374908889535000        2.11582116114687135000        0.81686563932315182000       -2.79489533421791503000        1.71378167200350062000        2.65933557603233739000        0.21904531952570247000       -1.82665369885427142000       -0.21734425991114240000        1.06848736557143975000        1.41072487290626936000        1.86104001558161891000        0.52086922077487863000        2.79382888774488825000        1.63119601241170242000       -0.00672758321363478000       -0.86370075175022742000        0.91557465619296752000        0.49399915620093426000        0.45626545148590297000       -2.72394423054614920000       -0.29623186683090408000        1.03350209667723969000        0.28609836448198750000        1.05919962403848755000        2.28460186503174434000        0.78878681081800994000       -3.47276989795121782000        1.60173787753084884000        3.04490312219856563000        1.70112206387150011000       -2.77349945343902071000       -0.37738548668764960000        0.48641462580551709000        2.46535004696902327000        2.42125037672345655000        0.56769776720783949000        2.22508221235154613000        2.13790180235903504000       -0.37067700873221349000       -0.30705202238057322000        0.51206098405445044000        0.26633627000537174000        0.63596946751114303000       -2.63247222903868705000        0.42548923130713734000        1.44457369468907260000       -0.18694196696257376000        0.86096362702977547000        2.36406833216724976000        0.53431897114456273000       -3.72670889429477059000        1.45130694803146887000        3.11267711126825919000        3.30418518627798408000       -3.43771493549442519000       -0.45616827894049866000        0.00173196211973190000        3.55703166962685424000        2.76098452963520424000        0.71775866544052336000        1.56338298880938176000        2.58416915577571693000       -0.75183193780184088000        0.31166160895178968000        0.08259077431525304000        0.06698185050489110000        0.66949637544736529000       -2.45255709217665574000        1.03668854064251326000        1.79170227489342304000       -0.56250015341709314000        0.67079609227736559000        2.34068625083844095000        0.08604486023778943000       -2.48001008569096904000        1.24953865237648487000        2.40499905290322546000        4.48448439648685238000       -3.36101191494540030000       -0.48931148056840568000       -0.09167822090795759000        4.85636884781828737000        3.03854912214984241000        0.85498001224196207000       -0.10797148935244015000        3.01158664105990637000       -0.95733368792040474000        0.72484152642446009000       -0.28708260882804532000       -0.02110592546700504000        0.57511713551489019000       -2.11729947444932387000        1.79863808549168502000        1.76151589953108201000       -0.93574639980824903000        0.32597037161572495000        2.25185826253304411000       -0.31913887220491355000       -1.16850719347057908000        1.05409853132386688000        1.70078362208334188000        5.43895451253631101000       -3.15952475063518445000       -0.47447011350137308000       -0.18427095108415420000        5.69284700595055959000        3.16622488327411045000        0.80138565946109863000       -1.78839949924801944000        3.27265374135935172000       -1.13133122297334343000        1.17552582980587639000       -0.55974296536101931000       -0.22052593255150207000        0.49460009200583355000       -1.68489363616107646000        2.35550083547133049000        1.75316940844264835000       -1.22778652849752357000        0.16476343037510621000        2.19375358918560037000       -0.80425466356609865000        0.04291467322070275000        0.64690681386762927000        0.98651180984716391000        5.80825295519198814000       -2.77140075703074418000       -0.35957178196220591000       -0.14707499230221019000        5.43978780388898908000        2.67216525555044715000        0.86935289876055877000       -3.04439512135693047000        2.88482987200931795000       -1.15260861126470915000        1.64566825829240604000       -0.76556536866657410000       -0.44620408187961619000        0.17678544183724801000       -0.94720474953360334000        2.78189781841683237000        1.42586809381013269000       -1.57542338666572035000        0.14395035194654654000        2.02327089828450646000       -1.33714591525233994000        1.22876318104499460000        0.00703432839214844000        0.15452033171328161000        6.12836919756214904000       -2.26474829395769994000       -0.09840531398305874000       -0.05941783959608927000        5.20234714758468808000        1.81153174593353694000        1.07111897242029852000       -4.00929999917688118000        2.37628266080952999000       -1.00747488644869310000        2.04847160644983406000       -0.81327279001690389000       -0.66280453316158616000       -0.42227078669107909000       -0.08061081878593918000        2.91301226267359059000        1.10083073685178334000       -2.00355103817621183000       -0.10904877176002992000        1.74243875574023743000       -1.68993906459655596000        1.69238160016071193000       -0.63192922822519115000       -0.32855661155618904000        6.31591520399844875000       -1.78906430765961377000        0.13526037243407685000       -0.14713826389469464000        4.67013349267445133000        0.87873095992497352000        1.14365303661412665000       -4.31015779237427488000        1.74668620657035345000       -0.93385435874588718000        2.30160831938194788000       -0.86014802213548724000       -1.05074441341091762000       -0.96099224959301655000        0.76747683155927593000        2.76125487853751350000        0.90914477554141948000       -2.20327048149991356000       -0.16722750159745037000        1.41176576662052145000       -2.04793706996134395000        2.08256361059868045000       -1.00837084304348590000       -0.89818869062386641000        5.82897445415639570000       -1.14483291657973574000        0.41374056187383046000       -0.18721141995322738000        3.60163346965172426000       -0.14520152332827813000        1.11550582755687011000       -4.35646759600031430000        0.92711373292097810000       -0.68006085699749974000        2.46988023924302524000       -0.76901423164436689000       -1.31983677187781590000       -1.52174716487888362000        1.79101366994202316000        2.43809403969107086000        0.56445796375980994000       -2.26936045058561264000       -0.17542661694818637000        0.97925003585013437000       -2.27725453062776184000        2.28007058838508758000       -1.03685412388038767000       -1.26527142802564962000        4.93815546801108507000       -0.31533473077568358000        0.66653463879284025000       -0.27170820387297534000        2.42584294330234806000       -0.67678605734277186000        0.99390586323311214000       -4.25837307940171161000        0.44459510063110752000       -0.45161099180183023000        2.64760913284542232000       -0.60919443619291802000       -1.53894949150669658000       -1.94207775916293479000        2.92062163559319554000        1.89734806724313265000        0.31140755606713155000       -2.16175380097948322000        0.03950669744642381000        0.60275118779864278000       -2.54953491545945976000        2.45892696815890321000       -0.76064893849553006000       -1.70752691564666459000        3.84780225388106700000        0.65900188364297529000        0.88131478553497700000       -0.22546291297851084000        1.35729530645139018000       -0.82384919843260540000        0.98149902115549892000       -3.95487606543206693000        0.24428718531472843000       -0.31207149992776095000        2.84864367725243506000       -0.46539353948970030000       -1.60148162939280447000       -2.27034481102184049000        3.85555284506522344000        1.28323657800418633000        0.05835182211715112000       -1.98739338541234534000        0.28174648763047910000        0.25874168906069789000       -2.79230534403367470000        2.57439064659887551000       -0.54471139458130335000       -2.00055622805959388000        2.44665663542498413000        1.49824997020787554000        1.02542991380335979000        0.13752739415732015000        0.16730101027184405000       -0.90353107186716619000        0.97739778861421389000       -3.59967090815978796000        0.04782739931497184000       -0.26497797879103951000        2.85816861181843818000       -0.43121769764044077000       -1.65538230988442381000       -2.41379995248119350000        4.74441403535701145000        0.61305287278227327000       -0.09165091953960200000       -1.90017205073721462000        0.39228641809553727000       -0.20300632900425075000       -2.92982134924992410000        2.30744751895589362000       -0.62048738239930368000       -2.06550801580094978000        0.90794884297062461000        2.01320429518613286000        1.13216281725848877000        0.54145175974831372000       -1.64559735427139842000       -1.36258184619200029000        0.99120169052747220000       -2.83002924698254965000       -0.48540724249430595000       -0.28598872517678670000        2.51483449324079045000       -0.47450631786576747000       -1.78603061628449833000       -2.48674952805382787000        5.48984372113422303000       -0.11010468275059226000       -0.24512164751660973000       -1.83363575822015479000        0.26123541855630789000       -0.86585507762392888000       -3.17804755066536382000        2.32797414236838351000       -0.63341806292010772000       -2.54057360955454925000       -0.30593715871827709000        2.61303937084962357000        1.21980942950721061000        0.94147201200587793000       -2.58400701874281102000       -1.74938681056017309000        1.28492075365738323000       -2.44982234640047425000       -0.93411465592327625000       -0.37970551383015205000        1.94394760334526673000       -0.61391820179956047000       -1.78075815844412810000       -2.62312698408182898000        5.98861309928722996000       -0.75629935265791859000       -0.20700241478021403000       -1.43880357851867013000        0.46161059325037329000       -1.11237374157787472000       -3.17176731841503567000        2.61637757373154711000       -0.36830816785283821000       -2.61318982060689686000       -1.78659744008799315000        3.21931322419850696000        1.15798198452645917000        1.62305145773096249000       -3.55057087561307272000       -1.66325179793150579000        1.48727477395366292000       -1.86815219251812681000       -1.05114220572348938000       -0.37393194183206407000        1.40168290838611642000       -0.65175147360448626000       -1.65923015703649335000       -2.53277621148781895000        6.20382030677031260000       -1.28251477113492096000       -0.31996491494443891000       -0.93124432201418372000        0.76523989013405680000       -1.10701696214030498000       -2.92766505842991487000        3.28410265422773140000        0.03592372418629938000       -2.55845963875619864000       -2.77197382508494927000        3.64767592077428215000        1.05013020534952384000        2.32479728447754752000       -4.45699500142213978000       -1.64871329235302744000        1.51615458840256179000       -1.07067815763345764000       -1.24842751037202837000       -0.23919025589752399000        0.76266951389014781000       -0.51520988068796092000       -1.40195355303626346000       -2.29202674884973767000        5.51346509423652975000       -1.71033741714655529000       -0.55963068413542549000       -0.63810973854443065000        0.71915346447082173000       -1.39153453965828611000       -2.66753968441463307000        4.02273034177495425000        0.55204102698792634000       -2.66428541152506737000       -2.90029286945079612000        3.94492238444732601000        0.89014218196960404000        2.85527471694283541000       -4.45922814749026575000       -1.55736138863506124000        1.71840437012420510000       -0.61023895274857076000       -1.39376625567138168000       -0.24064622140919684000        0.00710210983547207000       -0.51659462017904412000       -1.12260987439364590000       -2.05011071857949156000        4.42125323001415715000       -2.12673439659854235000       -0.34785476226034084000       -0.45065840091725795000        0.57736866609366544000       -1.65437438745678422000       -2.41055726262324166000        4.86880237086321799000        1.07694744816539534000       -2.87268166687781878000       -2.79550084259360920000        4.04345616264592422000        0.63943212719314813000        3.44122594598377596000       -3.79559824724240924000       -1.26972386629472278000        2.09399180675598195000       -0.47571073696613309000       -1.29216869357029984000       -0.38656442539668423000       -0.88680895742096855000       -0.62544218575979704000       -0.70699248019053240000       -1.76828151301604564000        3.19686386549916701000       -2.38401130086611746000        0.01205359224670267000       -0.25769944631951541000        0.34516052477673292000       -1.80162678203517324000       -2.07044812513123766000        5.97623448661482204000        1.64114717257870169000       -3.05503352621169055000       -2.76819442274815763000        4.12913068586144050000        0.27261536878587944000        4.05263231173848837000       -2.94014728443918916000       -0.38106427724412500000        2.21722832197824626000       -0.78136571886877892000       -0.71384216213962781000       -0.55377323357466568000       -1.87216027491197301000       -0.80465001912952405000       -0.37420067494818937000       -1.30334394732286318000        1.88532970372402620000       -2.27447465103574942000        0.23114437489505782000       -0.09740522034661420000        0.28835147595213373000       -1.84832781635180488000       -1.64657700264886775000        5.73997308882506729000        1.82399017047450185000       -2.72884822788191483000       -2.95623915638311185000        3.65148193852753922000       -0.11156899493436635000        4.32106595312266872000       -2.97650982477938397000        0.15391468202253381000        2.30887097953720488000       -0.27831516080216084000       -0.49496794141406047000       -0.73306301884258129000       -2.69045767901303812000       -1.06617625938106197000       -0.15874930284766056000       -0.81120864543668458000        0.84424899510008344000       -2.06173696529883888000        0.28607552760853178000        0.14631696313368880000        0.43442509945238178000       -1.59391974625726118000       -1.29176886324068096000        4.74279015344897203000        1.91333150702899246000       -2.22172023273005648000       -2.54023015945402042000        2.67766082453688181000       -0.39011388621586329000        4.20197908164549627000       -2.16409095835781295000        0.50945156341701281000        2.66526552875467582000        0.60764879189572873000       -0.14892949894809593000       -0.78501677993915642000       -3.02705175794682146000       -1.16783484433599938000        0.19179684209971459000       -0.52065527468867778000       -0.19596061710897025000       -1.93878989236470245000        0.62202679890168155000        0.36420876592970564000        0.66732926369867029000       -1.23254612823042242000       -1.12355504299912345000        4.76623289927078630000        1.94959829168124643000       -1.96887202633444169000       -1.91848374901250596000        1.94997910880973069000       -0.61696307277728590000        4.32257855692550663000       -1.18830337812193876000        0.80294775315336819000        3.25436435014801750000        1.05743121338735535000        0.30259246090174041000       -0.75202002286384617000       -3.34141826412480825000       -1.21297201938489052000        0.51964815786789942000       -0.44059990466881599000       -1.16068882527757844000       -1.60534568667053623000        0.88886836996466612000        0.50197909559818032000        0.80339381474086202000       -0.66536729094754499000       -0.66839389867305909000        3.38654272197583595000        1.63570540618330873000       -1.29292319133968725000       -1.30084274680198875000        0.72391064704559716000       -0.77465833732516765000        3.59942518846648163000       -0.59076214247238068000        1.04723941413150112000        2.97764424788727000000        1.70850901374661590000        0.74152018537574615000       -0.68234184154651201000       -3.03229683415321416000       -1.05325159098680965000        0.55826030702671947000       -0.10940641311615146000       -1.87109251881988548000       -1.09672081538533361000        0.85177051118036295000        0.66540637354329546000        0.67951130881872757000        0.06708416965803891000       -0.26228640441570478000        1.45393983999792886000        1.29869867498828118000       -0.54702201119061733000       -0.94382606648055378000       -0.62055772878769622000       -1.00500788774604044000        2.85298736210965975000        0.14133715352853196000        1.30631240969632678000        2.77027997388577241000        2.48105343382062982000        1.03993180676203045000       -0.62077128604470999000       -2.72113799610229989000       -0.85938071858435239000        0.33449127335628837000        0.27481391131618993000       -2.43751108347185097000       -0.68728945612966086000        1.25465402411774796000        0.69039445011163902000        0.57573368745879150000        0.85786485024117665000        0.08724354892601448000        0.08486031061939206000        0.95839227233164281000        0.34100981683725984000       -0.00566392061956907000       -1.67133722259151574000       -1.08184644293217636000        1.95725344254328237000        1.11047875377839800000        1.52895819971646341000        2.40937923552682998000        2.78639807739339451000        1.46075730449627961000       -0.52936802733491728000       -1.84299539565696180000       -0.63582338036176356000        0.09141191300555776000        0.48338818629757740000       -2.66462695351890977000       -0.21448192962933066000        1.45953457042136514000        0.88099547729697014000        1.03154410067848956000        1.89986200967733820000        0.15314217643983419000       -0.78623878253915891000        0.80777655186345765000        0.78580497386786519000        0.85634894586494636000       -2.67270111094109675000       -1.12119788252498886000        1.28404780951175312000        1.67676839493804031000        1.47336274437076509000        2.19081781281498555000        3.28722208201248955000        1.81449625689800231000       -0.25975391501495815000       -0.73201782504590251000       -0.24809048721404539000       -0.00515776512398022000        0.54478645011307136000       -2.94596165792670117000        0.24395196976610672000        1.55678706437040759000        0.80861480112316675000        1.22478791624091898000        2.40881844532164102000        0.43550093664528922000       -2.27004487979060476000        0.27823414828973270000        1.60831214241982967000        1.94280091100552665000       -3.74053302333700355000       -1.11352828351266009000        0.20140662575657542000        1.96817126458430258000        0.99130623434925258000        2.05278263828767304000        3.73370377946484266000        1.76625712714232796000       -0.01703738358994060000        0.47049759278752751000       -0.01020052061978896000       -0.17980044935716405000        0.43440464458515160000       -2.78528023135242586000        0.49289657247106766000        1.71939399878383647000        0.59125242708755066000        0.79304557967743083000        2.76131576668579459000        0.46177103227652089000       -3.19169112669600974000       -0.28926360485320546000        1.62503371714893086000        3.20381298486301214000       -4.17759616520623034000       -0.98717852152219154000       -0.99516885296010016000        3.37268007729816466000        0.55521037620992020000        2.10594528920616320000        3.41490765244825178000        1.60596850842525218000        0.24393476887119755000        1.36577856821413901000        0.24548049257753263000       -0.34034584034736348000        0.01949249534271136000       -2.83217994119607663000        0.85195366124493621000        1.87343832434015423000        0.30555175906350662000        0.45476954969587546000        2.88697751310487272000        0.35797655094697284000       -2.84943367264160718000       -0.69659451094105773000        1.53697155406034636000        3.43773898411101086000       -3.84615353406468419000       -0.88802112599081240000       -1.24687428705426462000        3.68043745026319824000        0.15622478427165598000        2.02860736066764202000        2.32031212338739312000        1.16612120514213524000        0.32994868181818532000        2.07148355311442822000        0.25505002770217133000       -0.56760959102190811000       -0.30918030866316393000       -2.06508903297840396000        1.20105363387981789000        1.70757337620007132000