 5         8        30        48        56
        0.00    0
       1.040550       1.040550      32.328450      32.328450      32.328450      32.328450      32.328450      32.328450      31.622850      31.622850      31.622850      31.622850      31.622850      31.622850      31.622850      31.622850      31.622850      31.622850      31.622850      31.622850      31.622850      31.622850      31.622850      31.622850      31.622850      31.622850      31.622850      31.622850      31.622850      31.622850      31.622850      31.622850      31.622850      31.622850      31.622850      31.622850      31.622850      31.622850      31.622850      31.622850      31.622850      31.622850      31.622850      31.622850      31.622850      31.622850      31.622850      31.622850      31.622850      31.622850      31.622850      31.622850      31.622850      31.622850      31.622850      31.622850
      -0.403200      -0.396800       0.116800       0.116800       0.116800       0.116800       0.116800       0.116800       0.218400       0.151200       0.151200       0.151200       0.151200       0.151200       0.151200       0.160800       0.160800       0.160800       0.160800       0.160800       0.160800       0.160800       0.160800       0.160800       0.160800       0.160800       0.160800       0.160800       0.160800       0.160800       0.160800       0.160800       0.160800       0.160800       0.160800       0.160800       0.160800       0.160800       0.160800       0.160800       0.160800       0.160800       0.160800       0.160800       0.160800       0.160800       0.160800       0.160800       0.160800       0.160800       0.160800       0.160800       0.160800       0.160800       0.116000       0.116000
       -0.09400000000000000000
        0.09200000000000000000
       -0.16400000000000001000
        0.07199999999999999000
        0.17999999999999999000
        0.22800000000000001000
        0.37200000000000000000
       -0.13800000000000001000
        0.25600000000000001000
        0.14199999999999999000
       -0.09000000000000000000
        0.08000000000000000000
        0.12000000000000000000
        0.26600000000000001000
       -0.20599999999999999000
        0.02400000000000000000
        0.28999999999999998000
       -0.37200000000000000000
        0.31200000000000000000
        0.00600000000000000000
        0.00400000000000000000
       -0.06800000000000000000
        0.14799999999999999000
       -0.29799999999999999000
        0.27400000000000002000
       -0.20799999999999999000
        0.34799999999999998000
       -0.08799999999999999000
       -0.35399999999999998000
        0.23799999999999999000
       -0.23000000000000001000
       -0.04800000000000000000
        0.19000000000000000000
       -0.10199999999999999000
        0.35399999999999998000
        0.05000000000000000000
       -0.00600000000000000000
       -0.08799999999999999000
        0.31400000000000000000
        0.19000000000000000000
       -0.42399999999999999000
        0.06400000000000000000
        0.17199999999999999000
       -0.29399999999999998000
        0.26200000000000001000
       -0.15600000000000000000
        0.29399999999999998000
       -0.01600000000000000000
       -0.09400000000000000000
        0.06000000000000000000
        0.24600000000000000000
        0.04200000000000000000
        0.30800000000000000000
        0.03200000000000000000
       -0.01600000000000000000
       -0.10800000000000000000
       -0.23599999999999999000
       -0.21199999999999999000
        0.04400000000000000000
       -0.30199999999999999000
        0.35799999999999998000
       -0.01000000000000000000
        0.09600000000000000000
       -0.14399999999999999000
        0.14399999999999999000
        0.35599999999999998000
       -0.32200000000000001000
       -0.06600000000000000000
       -0.08200000000000000000
       -0.15600000000000000000
       -0.04600000000000000000
        0.05200000000000000000
        0.14199999999999999000
       -0.34999999999999998000
       -0.22000000000000000000
       -0.23400000000000001000
       -0.16400000000000001000
        0.06200000000000000000
       -0.25200000000000000000
       -0.14000000000000001000
       -0.00200000000000000000
        0.03400000000000000000
       -0.21800000000000000000
       -0.14000000000000001000
        0.16800000000000001000
       -0.25400000000000000000
        0.28999999999999998000
        0.34000000000000002000
       -0.28999999999999998000
        0.31000000000000000000
       -0.09200000000000000000
        0.05200000000000000000
        0.37000000000000000000
       -0.08400000000000001000
       -0.20399999999999999000
       -0.30599999999999999000
       -0.30800000000000000000
       -0.39200000000000002000
        0.19800000000000001000
        0.37600000000000000000
        0.39600000000000002000
        0.03400000000000000000
        0.19600000000000001000
        0.22000000000000000000
        0.28999999999999998000
       -0.04000000000000000000
        0.09800000000000000000
       -0.08000000000000000000
        0.23799999999999999000
       -0.22000000000000000000
       -0.07199999999999999000
       -0.08400000000000001000
        0.13600000000000001000
       -0.00600000000000000000
        0.06400000000000000000
       -0.04200000000000000000
        0.29799999999999999000
       -0.03600000000000000000
       -0.34999999999999998000
        0.27600000000000002000
       -0.29799999999999999000
        0.07000000000000001000
       -0.25600000000000001000
        0.10199999999999999000
       -0.16000000000000000000
       -0.27000000000000002000
       -0.19400000000000001000
       -0.33400000000000002000
        0.06400000000000000000
       -0.32800000000000001000
        0.39800000000000002000
       -0.07800000000000000000
        0.26400000000000001000
        0.07199999999999999000
        0.10800000000000000000
        0.38000000000000000000
       -0.39200000000000002000
        0.20000000000000001000
       -0.32000000000000001000
        0.05000000000000000000
        0.46000000000000002000
       -0.04600000000000000000
       -0.33200000000000002000
       -0.31800000000000000000
        0.39800000000000002000
       -0.06600000000000000000
       -0.34799999999999998000
       -0.18800000000000000000
        0.13400000000000001000
        0.14999999999999999000
       -0.41999999999999998000
        0.09800000000000000000
       -0.32400000000000001000
        0.00800000000000000000
       -0.34200000000000003000
        0.08200000000000000000
        0.16000000000000000000
        0.20599999999999999000
       -0.37400000000000000000
        0.38200000000000001000
       -0.26000000000000001000
        0.08200000000000000000
        0.05400000000000000000
        0.26000000000000001000
       -0.05200000000000000000
       -0.31200000000000000000
        0.20000000000000001000
       -0.08599999999999999000
        0.11200000000000000000
       -0.05400000000000000000
       -0.13000000000000000000
       -0.07600000000000000000
       -0.15600000000000000000
       -0.25000000000000000000
        0.33600000000000002000
       -0.35799999999999998000
       -0.22000000000000000000
       -0.37400000000000000000
        0.36599999999999999000
       -0.37000000000000000000
        0.27200000000000002000
       -0.07000000000000001000
        0.14000000000000001000
       -0.35799999999999998000
        0.12400000000000000000
        0.33400000000000002000
        0.24600000000000000000
       -0.27400000000000002000
        0.29999999999999999000
        0.10800000000000000000
       -0.28399999999999997000
        0.07600000000000000000
        0.32800000000000001000
       -0.06600000000000000000
        0.23200000000000001000
       -0.28000000000000003000
       -0.12800000000000000000
       -0.20999999999999999000
       -0.00600000000000000000
        0.30800000000000000000
       -0.09000000000000000000
        0.03200000000000000000
        0.12800000000000000000
       -0.33000000000000002000
       -0.20399999999999999000
        0.32600000000000001000
        0.36599999999999999000
        0.34799999999999998000
        0.18400000000000000000
       -0.31000000000000000000
        0.05600000000000000000
       -0.08000000000000000000
       -0.19200000000000000000
       -0.33000000000000002000
       -0.09400000000000000000
        0.04000000000000000000
        0.28999999999999998000
        0.28000000000000003000
        0.09200000000000000000
       -0.13200000000000001000
       -0.06600000000000000000
        0.04000000000000000000
        0.17000000000000001000
       -0.21600000000000000000
       -0.36799999999999999000
        0.18600000000000000000
        0.09600000000000000000
       -0.22600000000000001000
        0.04600000000000000000
        0.34399999999999997000
       -0.48199999999999998000
       -0.07400000000000000000
       -0.30599999999999999000
       -0.14199999999999999000
        0.16600000000000001000
       -0.36599999999999999000
       -0.33600000000000002000
        0.25200000000000000000
       -0.00800000000000000000
       -0.33600000000000002000
        0.03800000000000000000
        0.03000000000000000000
       -0.27000000000000002000
        0.30399999999999999000
        0.07199999999999999000
        0.13800000000000001000
       -0.00600000000000000000
        0.27000000000000002000
        0.27000000000000002000
        0.22600000000000001000
       -0.25000000000000000000
        0.05200000000000000000
        0.29799999999999999000
       -0.14799999999999999000
        0.15800000000000000000
        0.20000000000000001000
        0.17799999999999999000
       -0.24199999999999999000
       -0.30599999999999999000
       -0.21199999999999999000
       -0.00400000000000000000
       -0.08200000000000000000
       -0.19400000000000001000
        0.12600000000000000000
        0.16400000000000001000
        0.38400000000000001000
        0.22000000000000000000
       -0.27800000000000002000
       -0.40000000000000002000
        0.19600000000000001000
       -0.42999999999999999000
       -0.07199999999999999000
       -0.14999999999999999000
        0.26800000000000002000
       -0.31600000000000000000
        0.29199999999999998000
        0.09400000000000000000
       -0.36599999999999999000
       -0.34599999999999997000
       -0.33000000000000002000
        0.34000000000000002000
        0.07800000000000000000
        0.37800000000000000000
        0.11799999999999999000
        0.06200000000000000000
       -0.16800000000000001000
        0.08599999999999999000
        0.01200000000000000000
        0.15400000000000000000
       -0.11799999999999999000
       -0.13000000000000000000
       -0.00400000000000000000
        0.36399999999999999000
        0.08000000000000000000
        0.32400000000000001000
        0.23400000000000001000
       -0.19800000000000001000
        0.33600000000000002000
        0.10600000000000000000
       -0.27400000000000002000
       -4.69875885023892081000        0.28561757548455657000        0.68702150345362645000        0.45720270951845038000        0.84722320737732093000       -5.63169270807305811000       -4.02182007687785958000       -4.96694031450043116000       -3.70122010353176778000        0.36328261286414637000       -6.23943227570744696000        1.17813671908131878000       -2.02935672878747919000        2.96831474919553839000        3.14654917377236520000       -4.04352469692728977000        2.66932370564496413000       -0.19493672678824411000        1.79948041240492240000       -5.20391067211544467000       -1.36043396781961157000        0.93212947344154962000       -1.55885969091213550000        1.10025090752504551000       -3.70711452053338819000       -1.94998705450282506000        1.05698710215059699000        0.61046204446642627000        4.75361955423829041000       -1.25843647705236972000       -2.49180289150529521000       -2.08577881948039368000       -0.19212462993468205000        0.09876605730736161000        0.55423528539636202000        1.28540051180913806000       -3.67756039986248551000       -5.73237305022345378000       -3.35870990534932279000       -5.15193886598336537000        0.69316598353633285000       -5.84717021450486030000        3.05206721276899229000       -1.58308336453687959000        3.61652908495242187000        3.09062203456841100000       -3.32215830396850142000       -0.17602294483358535000        0.16139718773848521000        0.73021732186326260000       -5.51742560256550174000       -1.75215322441158516000        2.06348219395874644000       -3.00527216519726359000       -0.14249608302504940000       -2.98573594921876362000       -1.67499207638334280000        0.52639771188361884000       -0.06662589331928824000        4.53830737193690847000       -2.10673130029123090000       -3.20064776150824182000        0.63482211124267862000       -1.45781902036328304000       -0.30198239025591689000        0.77241047867700285000        1.54124018267715246000       -1.15512607426702063000       -6.07248886424139744000       -1.54139123527503652000       -5.55064066408853929000        1.08834136695935224000       -4.24430122946418020000        3.18643751249287988000       -0.86581030942735815000        4.23250439673330003000        3.05834694856457201000       -0.98729649257870222000       -0.89866715187775270000        0.37891423974340283000        0.24985069169608240000       -5.30499531901703314000       -1.98517544144684566000        3.17912552384769143000       -3.44870980853066023000       -0.79199982216175435000       -1.87012381606132139000       -1.20717782591710843000        0.46070992495937418000       -0.44560711618675336000        5.02919308803857579000       -2.66970891275522249000       -3.68024411481726954000        2.66003154355094651000       -2.23559873433881728000        0.26799429614055570000        0.26255584680576388000        1.57763879529614681000        0.40431001823087620000       -7.49465711376541499000        0.01397213088005793000       -6.92094688921146517000        1.29085990915626359000       -2.43149243633967504000        3.05804003069728125000       -0.30292812839429561000        4.45277756111591483000        3.33525911011313303000        0.23615486545622250000       -2.08293445913356567000        0.52664030497302894000       -0.78073891377813198000       -4.42888783296514976000       -1.80218366825747012000        4.15571797138606414000       -3.31619041580468332000       -1.30213345911687051000       -0.85472363848299227000       -1.14820092757842929000        0.74081671135133098000       -0.81823072500127425000        4.17144227395463751000       -2.24127820573093395000       -3.63771658942110410000        4.28996421668136207000       -2.06105418358758907000       -0.64442304512825344000       -0.39577792937735662000        1.79789367954393198000        1.74262822263954664000       -8.39694088581294018000        1.23616719782908135000       -7.02279440699391788000        1.34157728328289227000       -0.48547567601221903000        4.48462695385902244000        0.09851253342990986000        4.10492318298180070000        3.21554899300228358000        1.20913378522517534000       -4.95931540660272940000        0.93829772550890844000       -1.60820489907422348000       -3.07509610770843667000       -1.39686350973105533000        4.22707210292784730000       -3.29116701554663305000       -1.44780657307994809000       -0.06310688581354149000       -0.81794165605347602000        0.29879751217969069000       -0.90300828172308112000        2.89679818117840160000       -1.93766922107543316000       -3.17098039208687066000        6.27653096283944212000       -2.39646763127992246000       -2.47272157747518984000       -1.15268179141736682000        2.16489400562254009000        3.36768579211286268000      -10.15141624929738029000        2.25614943113850019000       -6.25335018129175424000        1.41457590683008427000        1.53603291222424088000        6.23448360328179430000        0.55985586551293598000        3.48857963185330933000        2.26261533878939236000        1.46186942572737255000       -9.04933143477753710000        1.60426440141127724000       -2.46578846590275536000       -1.50447550766940541000       -0.87547743905746356000        3.68671827683823050000       -3.08055759526388995000       -1.76690097531774204000        0.26162928102462463000       -0.53455457010915608000       -0.16367632713089439000       -0.88752634063504332000        1.06630945237194052000       -1.56175022545633491000       -2.28826855275622609000        7.72203654807157402000       -4.30315063444635104000       -4.47171112420226979000       -1.46025939097624935000        2.89244702793442876000        4.59262855509361234000      -10.04338255088906173000        3.00009370887559834000       -5.88637451534450751000        1.30417063340834627000        3.40257826712457856000        7.51494540998212290000        1.36245295717106041000        2.97032789247624196000        1.23037910431459419000        2.68375521325440802000       -8.80360303468343197000        1.86329468213295257000       -1.86610926448097758000        0.18862299006361724000       -0.89519371749783883000        3.85514382593621541000       -2.58812550557376131000       -2.29126084491487481000        0.52638016980526692000       -0.36862274983936183000       -0.93619335853390262000       -0.55504539468179226000       -1.07499478321997133000       -0.85274165120938028000       -0.65950267309126087000        7.62539685389179756000       -4.48074642665406842000       -4.35768157798140088000       -0.80402428690463568000        2.33417880879352468000        5.05329204863723813000       -8.39321644377563025000        3.84388915211883786000       -5.81895858033496882000        1.06969555298833408000        4.81370323024438029000        6.95815457173754837000        1.97336564869691555000        1.41574881793524487000        0.20736722056787574000        3.65147063753883128000       -8.87195730845076369000        1.36315646835897186000       -2.27583076486925151000        2.03051823730510872000       -0.71945955437899489000        4.48695998090793680000       -2.58484604686834674000       -2.72677248925340487000        1.33411398028007699000        0.21414884707481430000       -0.98614113051870000000       -0.71133493518612645000       -2.56072086881436523000       -0.61894468476761211000        0.37239794181056812000        6.25590152266162214000       -3.34964049830680199000       -3.46800984501322684000        0.71425180927582022000        1.13910645289045398000        4.89082223583576425000       -5.56521985412107956000        3.86124254302385594000       -6.06686936236931462000        0.57941532336709289000        5.79476066256497724000        6.85794657284153697000        2.28385121654164669000       -0.09901338013443819000       -1.05121995999974427000        5.40646469768989046000       -9.29749424942681735000        1.27645037413105666000       -2.88597372965654175000        3.51668830098075702000       -0.29395028329937561000        4.91276584382337855000       -3.04364814952913898000       -2.60128124067228628000        2.01810108506486241000        0.80622084274071493000       -1.37811795700551065000       -1.12433864285658802000       -3.29027472050124281000       -1.03147905653027983000        1.28090837810894009000        3.98188482814347422000       -4.11684184817458565000       -2.49235090892012989000        1.82032717318461335000       -0.24998053731743972000        3.66576125747474801000       -2.65132528970820669000        3.24273299143456395000       -6.46062676785160850000       -0.03582851738726991000        6.63682049029191923000        6.33865486877829465000        2.41578129935323060000       -2.16203147869015133000       -1.69764394758288906000        5.65913075290250767000       -5.95562984669243001000        0.39964219022037489000       -2.47411728913822770000        4.93010711810602853000        0.08429118725511205000        4.93908955360041713000       -2.04423919512239749000       -1.88178891032373574000        2.39909828494011235000        1.30392432474989484000       -1.33358916627453294000       -1.19550791510956955000       -4.77408992559183609000       -0.71491963176794149000        2.69336878755462417000        2.44224744208307065000       -3.82291804194064699000       -1.62776522916549626000        2.63904974775345380000       -1.78069197723613293000        2.88741747445994656000       -0.09196285046783199000        2.21843473706648586000       -5.58075967283982965000       -0.73315729892503134000        6.27472205907495351000        6.10574416799763231000        2.55410570990839414000       -3.69575874791258308000       -2.20822657948105494000        5.67782439976787945000       -4.36936212257586387000        0.07515087516797449000       -2.15020492052551448000        5.86740984866659510000        0.81598742373758304000        3.54801008877047863000       -1.70694006303139756000       -1.60653444103042697000        2.18353876707103867000        1.66299318059585466000       -2.14999301601768433000       -1.20817781383475409000       -6.02468806602236562000       -0.40232600647118061000        3.59614678619216344000        0.88226232050114528000       -2.50752207738942534000       -0.53254162438521679000        3.30423144193990170000       -2.86967407748607206000        1.78821384774006620000        2.99723181648578940000        1.21658484906168729000       -4.78681341683324924000       -1.33036933076430031000        5.08097885355835199000        5.33706342837645931000        2.21041093393121502000       -5.14253424983431628000       -2.64153333809504565000        5.76819823958481237000       -3.06996846454412697000       -0.31261111519469015000       -1.74206676753900758000        6.37034979528447298000        1.38210168466048700000        1.93628935658564538000       -1.64684002904179971000       -0.79451741299249645000        1.96480087755339183000        1.92379502868956997000       -2.66131885080321462000       -1.16764411642018962000       -6.15758012120125020000       -0.36836192292260200000        4.33283884151426779000        0.36026661816570443000       -2.52082674474926094000        1.09950938871483839000        3.97005347040747170000       -4.88208851001322586000        1.70028148175940053000        5.04534222194046933000        1.00863701817198748000       -3.11987880809809059000       -1.79186588965303684000        4.10829790010903118000        3.14688736418628778000        1.77210269426902234000       -6.24749461579792698000       -3.09213426408580006000        5.49966673665759576000       -0.90337785949289195000       -0.51793993921692294000       -1.65787485128277123000        6.32373758770919458000        1.94694794255712944000        0.35853000153080394000       -0.38979219578007773000       -0.01706708649215854000        2.05437952721398664000        2.35580113453470030000       -2.00894113556072318000       -1.16427376684930173000       -5.34325204929704700000       -0.23448457924786043000        4.38342226031834592000       -0.15773184943288421000       -2.34413290477165193000        2.59347554756214915000        4.00647141571547838000       -5.78730114879161484000        0.75350341744949267000        5.98361439485853452000        0.86319316903612930000       -2.45654185896527366000       -2.02729038236368408000        2.59652646478317672000        1.29613462716356187000        1.01278886739980223000       -6.58058562250900625000       -3.46790698446057233000        4.20980089835027105000        0.95656061044311991000       -0.76416384593971298000       -1.42195364743737529000        5.61113108286532736000        1.84939752975523009000       -0.69572568316401118000        0.51804483323677741000        0.72150222835935762000        1.97880410841334831000        2.37141835740895202000       -1.61844684632738445000       -1.00775813976606776000       -4.96876408277868187000        0.19879186912860616000        4.48690500867983122000       -1.42215576690796741000       -2.26591822826803702000        3.84487472703798083000        3.18361905079968510000       -4.94157236504193431000       -1.54318258395856556000        6.41852849746210108000        0.35887886931074359000       -2.80680307780516403000       -1.95221657572602858000        0.67020985363944552000       -0.09222105102688261000        0.40848101533355835000       -6.51204081374404264000       -3.44099431051133475000        1.83820172239620772000        3.97046543003427344000       -1.38968984026436360000       -0.18934893797899530000        4.52763040806578054000        1.10193658732804267000       -1.19892541957865895000        0.88702883877090655000        1.09318463000811228000        1.64682110885926969000        1.67546832551990277000       -1.58081437162559268000       -0.46518709711461514000       -5.50740411138921626000        1.20201130633922482000        4.96445654496731059000       -2.77567288255354017000        0.18288771201602178000        6.41290885177666858000        1.87844061076485525000       -4.40234839732623939000       -3.64100388966731447000        5.32735624973662247000       -0.27655801686260784000       -2.45345822908737254000       -1.69902567468833365000       -1.70532722161287165000       -2.68876211837941037000       -0.32318284117435980000       -5.37703579278418786000       -3.19107184619941675000       -0.78396268921342127000        3.78650125602215137000       -1.32080195601735872000       -0.25243698455196389000        3.65201063380380475000        0.96001535503152802000       -1.83113733303440962000        0.44103240566486440000        0.81792642401236260000        1.18391966748522637000        0.67006612070280769000       -1.35404431839629358000       -0.03532283613388477000       -5.97203547632962994000        2.33599294760453802000        4.65652075052346692000       -4.40166523181417002000        3.22809049205955256000        9.07775936665318106000        0.92430128520535415000       -3.82247981278282323000       -5.87316948159789654000        3.89124459799875666000       -1.17899410151361539000       -3.25781478780516620000       -1.51134274707390981000       -3.36736150912460452000       -4.15064572373180329000       -1.47579075609085719000       -3.88693047855415896000       -2.74399989016239676000       -2.87975285704395745000        2.29060364954312545000       -0.81835340485104979000       -0.89399539692505869000        1.94441715136608328000        0.54800398173350096000       -1.89885510747820496000        0.15090651950057327000        1.02339859021322588000        0.47537976601402965000       -0.56687248288788106000       -1.20998430688510750000        0.13455025168728887000       -5.78888690982069498000        2.92641958053239826000        3.72117554772764381000       -4.48371000765343641000        3.36335004973804708000        9.60360653593285285000        0.45416257035815727000       -2.84387562606814059000       -6.62773330956773599000        3.33832994261850313000       -1.50680644837474431000       -3.11705393617861493000       -1.30091989395689289000       -4.34303412309201153000       -5.14459133929321144000       -2.03996848728107594000       -2.47323300397237977000       -2.12968189098202121000       -3.74118131256019160000        3.67052100463314268000       -0.82223885997551316000       -0.16322511199299791000       -0.14044374747539745000       -0.17809349584680936000       -2.20440474381087625000        0.60080477908745111000        1.28547182115332603000       -0.41524968104723520000       -1.37198822268285103000       -1.01991746945116968000        0.39414910161457861000       -4.56975031050084812000        2.97712485173990959000        2.73620572566450315000       -4.22024409282860891000        4.64792492416662206000        9.45316459654555175000       -0.57161875664627482000       -0.72878432596709197000       -7.15124960631417572000        2.76133538061510109000       -1.72175699327485243000       -2.26107522936971295000       -0.76544675165029497000       -5.60241859899152406000       -6.94678940473361539000       -2.65666632062216612000       -1.31088526911949499000       -1.60435067921004770000       -4.32287841457023614000        2.97045283627389978000       -0.99295315219987101000        0.14326997521685136000       -1.77908323088535480000       -0.93467383236604773000       -2.59046898481277932000        0.29424124105823529000        1.54766660478164941000       -1.33024488933674689000       -1.95949004504773527000       -0.54242789036479255000        0.56645484636302301000       -2.44433445822880735000        2.89313093182437253000        1.80638810706810826000       -4.33551831194879522000        5.71205377418202609000        9.96408872534585122000       -1.00928585860464559000        0.23649746798183166000       -7.28377676741718183000        1.44329741293518832000       -1.80467796998393704000       -1.52301448418152896000       -0.24522285247540648000       -6.39877115459912726000       -9.50203941031601040000       -3.45548016923705514000        0.09458968722798601000       -0.96328699712189525000       -4.71315258675898097000        2.28682248666845434000       -0.92523436365784295000        0.06228511588337377000       -3.39650003507061671000       -1.36177417464622108000       -2.60867326493852181000        0.38200197088606996000        1.86318517459422672000       -1.75557413271323237000       -2.08923793288549842000        0.45784551694123554000        0.69511419952055964000       -0.04681904592766621000        2.48169620413382352000        0.49294028365690468000       -3.24785085631496839000        5.66054059428355583000        9.42372080779224319000       -0.96489648529892091000        1.33784481571777092000       -5.96450319290065245000       -0.10441495213462879000       -1.17553144611471039000        0.43765761257867059000        0.20034327928313558000       -7.03255080920458209000      -12.59115029735919578000       -3.35659651473000054000        1.38453125885083828000       -0.64660108754998424000       -4.89512849089506652000        1.63786808016225671000       -1.34036908686383471000        0.34881648077426064000       -4.31562511981889418000       -1.59235170505298451000       -3.01821740537052996000        0.09761248267628450000        1.39900335530335118000       -1.97038651130934594000       -1.70971598285411175000        1.41107410124793020000        0.77925528742809558000        2.14668375511208431000        1.56543174951510866000       -0.65590952423376525000       -1.55069145590029667000        6.40793147188527446000        8.85428854968315093000       -1.10032904160955525000        2.27963185866432783000       -4.03007072379457210000       -2.44747144696617580000       -0.52144515047808959000        2.63558995852907474000        0.57614704014605012000       -7.71318617840360776000      -14.74143102694884888000       -2.86421277233547000000        3.11420880549675871000       -0.41280343268550940000       -5.02812298848179129000       -1.19369857957239156000       -1.03006874192081099000       -0.22938973462375847000       -4.94888672683552855000       -1.63288775869170122000       -3.30833460120668565000       -0.79121304320527286000       -0.05390083141522039000       -2.18545573441312024000       -1.38550695427787440000        1.69792196621305713000        0.65395197653217441000        3.61277026054055028000        0.84821694227359501000       -2.03646101503893018000       -0.88087463988284975000        6.98260851405556604000        8.20308496807705012000       -0.60737967621136713000        3.94735582489921466000       -3.02645541719353339000       -2.43994135209484941000        0.01981192176636560000        3.10565983988943373000        1.00621990663858774000       -8.00706807824361810000      -16.65923191485035560000       -2.55881851166298224000        4.35435898694902868000        0.07372930728628099000       -3.65477212056494505000       -1.59310799761152722000       -1.33421753809205490000       -0.36156881795132484000       -5.49091403264894939000       -2.26606744589075593000       -2.29539539796844716000       -1.73932088091489301000       -0.58503775964738247000       -2.00663525168470658000       -0.88849310291357042000        2.29972336771044139000        0.40777189661526264000        5.93220585051502347000       -0.23418016069914635000       -2.84074226052429291000       -0.67263930597030952000        6.09268313323987076000        6.42104671777792468000       -0.39260268909395374000        4.79949847880524594000       -2.34050171248421091000       -2.66472931845432548000        0.02348074262604909000        3.47287009677750014000        1.25263919598822504000       -7.59908878070608029000      -16.10146208811289630000       -1.95209334701686776000        4.88859910411065268000        0.90167098866513740000       -3.32461723231197848000       -1.13397055488101484000       -1.48444659451326255000       -0.63486934037818210000       -5.29435732176187468000       -2.23199902365356273000       -1.26197696054774022000       -1.68058449093337003000       -1.22395878330085162000       -1.91550499649457340000       -0.33099930829285934000        2.79540938441640652000        0.24062925902253637000        6.88987950442408259000       -0.87794710788698138000       -3.28103236948931931000       -1.16308590150708646000        5.87338314977119680000        4.75103445867893814000       -0.86425868558038965000        5.96211835389428124000       -2.80637253491451766000       -2.59517330437463656000       -0.50893941119873087000        2.79426624558257863000        1.34553075947508360000       -7.40130355335351808000      -14.89446992430428907000       -1.61653603551058334000        4.86622439320413758000        2.07646097195582735000       -3.35695510264296848000       -0.64876221745993390000       -1.72703035911758263000       -1.35173522184716166000       -4.25649605600891068000       -2.02692022692129870000        0.06479696088152508000       -1.57599087814688765000       -1.48050143129490852000       -2.01577818300306788000       -0.00895903744684041000        3.26652045425316739000        0.05390529191685166000        7.19632928240195913000       -0.82830272237552882000       -2.95648549305592523000       -0.91055777733839149000        5.69630281025756613000        2.62228325256470107000       -1.42460884681117350000        6.74303738823986709000       -2.72271106125544415000       -3.75063563425391378000       -0.72535880490361915000        1.62885627342867845000        1.19810877973991792000       -6.76447881480254409000      -11.48431307544376523000       -1.18545121243580920000        4.58362358297971717000        2.87713985861123289000       -3.61087751353803466000       -2.94572103750946646000       -1.48228766773177023000       -2.33679340027015003000       -3.24439446417369259000       -1.66381180210928736000        0.83803845650222442000       -1.85114554526437503000       -1.92549000565366479000       -2.04588112914876286000        0.04112990644184446000        2.87979931412670309000       -0.15841193310948609000        6.82325729781991885000       -0.84038423459964806000       -2.76876999873683927000        0.25457774776733061000        4.08090229134652471000       -0.25994672630703292000       -1.53386781845290177000        7.11653887980807287000       -1.67576591216516890000       -4.91294886909528294000        0.07185533996977991000        0.13542504403077218000        1.07173390536222768000       -5.77701446082099057000       -6.71821403170635545000       -0.68934390478743390000        4.32822741502629516000        3.30232350138817399000       -3.36015356680184496000       -3.88501792843122162000       -1.11243258714517856000       -2.41391698712543556000       -2.05713478122187254000       -1.40903931967951968000        1.81207334120121466000       -2.35552632228312486000       -2.37499674193405008000       -1.39776469678548065000        0.14901814159681528000        2.19329980969439964000       -0.13104919475346261000        5.84062893795709215000       -1.01552215466367168000       -2.14289436674417066000        1.95811857164819481000        0.75684140117280241000       -3.99721637195550494000       -1.39746301697316855000        6.81687365600655060000       -0.16869362834913684000       -5.48289643494357382000        0.92637443666983299000       -1.33841342532551910000        0.99332685599821646000       -3.92892116684912018000        0.02370557520820578000       -0.23313239936833596000        3.81361605975330820000        3.47147733865454722000       -2.60674259977509815000       -3.45421258569349288000       -0.18287486759018234000       -1.95279234334212748000       -1.26307680023525926000       -1.52042201150297585000        3.06328218163006438000       -2.07030873328390763000       -2.81044509094936812000       -0.69430877912620359000        0.20534832144523418000        0.87582193862330826000        0.20651519863667561000        4.44446026226290147000       -0.90605122698436125000       -1.45735734554041341000        3.40330025823902460000       -0.79100606977985444000       -6.97134101301126208000       -0.89997944024565468000        7.02883692581651420000        1.08079176784953823000       -4.23116643551063110000        2.13581589839701635000       -2.58643990882980024000        1.35694433390846991000       -2.51520234105454987000        4.62206479205671084000        0.01888105699829548000        2.79970960317666950000        3.06175816549033542000       -0.62291030869154640000       -3.89054385833122707000        0.30292724184493230000       -1.70158895522275011000       -0.10777235544821175000       -1.86072139774477141000        4.64072011955082697000       -2.96186683449419297000       -2.84472453329840880000        0.32327050953901881000        0.40178395277039458000        0.16333713699057636000        0.43819152224691055000        4.44140726886136505000       -1.16113190915564046000       -0.61498284534566083000        4.12937448866218038000       -1.07440735107571750000       -7.39957709832129318000       -0.33819288921753254000        4.90828887516734014000        2.14242788740943624000       -4.66573805949039144000        3.12506578206080121000       -4.10249123771299740000        1.28694635383033185000       -0.75130967428661499000        8.45269534555429658000        0.01840461575872261000        2.08592278119280872000        2.76706497690061770000        0.24436087669843315000       -5.76317441574292832000        1.21989916433600265000       -2.80627071720273857000        1.46129285585956969000       -1.23506853422563290000        5.95475932483135484000       -3.35518697449365888000       -2.94019977142551170000        1.33432450177809225000        0.42963152610680994000       -0.23604658525661404000        0.36671403211616549000        3.06227871273729546000       -1.11134513816876646000       -0.31685943884784867000        4.75416853510146087000       -1.57092778398997757000       -7.81395558569918514000        0.54807711519545821000        2.48111205865435158000        2.94725461509807563000       -5.06734873830395127000        4.14391668671363966000       -6.00381457828060139000        0.94798649141311475000        0.60936632201700192000       12.90311237112572940000        0.38904144287410097000        0.85374415351352562000        2.23209891428416762000        0.51526217495672622000       -8.29875288361676944000        1.78066238254354325000       -3.93490387025973076000        2.83800319723205385000       -0.41994481979024395000        6.60787447174745779000       -4.29780022416783769000       -3.41145049271070144000        2.06549701509393602000        0.32493608493035325000       -0.84837942289063961000       -0.17283022537991682000        1.33811403953563524000       -1.34682412001926433000       -0.24640925316220161000        5.72699779263228503000       -0.31161936062217194000       -8.87437776032629877000        1.08242230053574229000        1.15507443804814836000        3.88857429619443273000       -5.03813366894783243000        4.72249169861922358000       -6.42864548828631754000        0.56739912660318625000        1.18094406499899973000       16.66640581609505740000        0.70197298398483510000       -0.08494730179196666000        1.04481950719736649000        1.34700635473818497000      -12.53417392842018252000        2.61197097775390885000       -4.58797879157965749000        4.53726547076197395000        0.29944506692206152000        6.27498290428958061000       -6.22995875624907658000       -3.81517877165367603000        2.19898353498309485000        0.29018313779980343000       -2.24283367874529782000       -0.48148544742739957000       -0.16667946626412197000       -1.77865683948611930000        0.33622552980137055000        6.26445047902374430000       -1.75372741983764957000       -7.57470708697937578000        2.42872993359835654000       -0.77729695829090351000        5.03426491947428811000       -3.62610806841303646000        5.86057514585092054000       -6.29492843021880333000        0.23302043510048870000        2.52187241304555032000       14.41083005732144073000        1.16452191868173949000       -1.14821237173956137000       -0.07803255125259489000        3.49954926678434530000      -10.69360041118609672000        1.80162822859382965000       -3.79553629210941779000        5.80502371585681676000        0.36724011411237595000        6.22672186861932619000       -6.06897675668108061000       -3.34031605959309541000        2.95309801632979285000        0.79293255255102413000       -1.61650655132893939000       -0.49668743936359516000        0.07019221827936412000       -2.00553321019494435000        0.92780397934741010000        5.35405590214395577000       -2.42241350615672957000       -6.10785516678607632000        3.63727768548630337000       -2.39710133875510456000        4.61052250113258744000       -2.02049388394249485000        6.29720626388903693000       -6.98807552487277395000       -0.29087142207635114000        3.31816725273058699000       12.43414502477805250000        1.25438455668919846000       -2.80504156145457806000       -1.20182025838806061000        4.30981294376735136000       -9.33360185729568315000        0.71196844643352464000       -3.55890210316367117000        6.86483506400481236000        0.40520114618692094000        6.09533297930332196000       -5.75922563315062952000       -2.52557819608678846000        3.42779676088677299000        1.28687849711539903000       -0.75460052818634316000       -0.90205460949243976000       -0.03744834522680987000       -2.23943636823839620000        1.66433310253024591000        4.45717049578549762000       -0.69014290961043789000       -4.39479502598095628000        4.47766625315993583000       -3.67850351103924922000        4.36122343806872781000       -1.08708456411335574000        6.21388509769506570000       -6.15360829682746680000       -1.04987108269648943000        2.63184098773320185000       10.18721362856849666000        1.78193692083357913000       -3.53747746959170017000       -2.38487078985519529000        4.58316983191075700000      -10.08459541348302757000        0.21560641356589019000       -3.41586850866456393000        7.92423979830042668000        1.01149455339174876000        4.66868167554964675000       -6.83695713635682534000       -2.83598237874936787000        3.52361160231328840000        1.92029152895844168000       -1.18544777990613359000       -1.37146536939225938000       -1.21284075635620803000       -2.45596580278463872000        2.37585958794954788000        3.46562103339818695000       -0.95672508192376648000       -2.50602670977780928000        5.18777615172319706000       -4.76916045338295724000        3.81454625992918484000       -0.27966589742313896000        5.99071735389945381000       -5.84325384929510605000       -1.66957936768950566000        2.26051201797889245000        7.95324571612980336000        2.44923187109765061000       -4.67510504227079604000       -3.22342110490595291000        4.40938202180394079000       -8.77325311577799027000       -0.73488870940642537000       -2.82276400678100226000        7.81755898129592541000        1.47238079097224639000        2.81454558407710698000       -6.83053628905649202000       -2.83619666861145880000        3.39084551303344783000        2.17888284340534710000       -0.98421195123951744000       -2.02687808002813918000       -1.99073471752983888000       -2.35971568135754683000        2.85008810075227004000        0.64845795098321202000        0.36927445247842527000       -0.07343857148620347000        5.35995969382660942000       -4.91722105356689987000        1.48203657743539874000        1.02761235992186162000        4.47305048880452905000       -5.72282086751464991000       -2.14409655764082130000        1.18761034496883555000        4.79271759247044127000        2.36480721265598604000       -5.20537318818376971000       -3.70492273555978402000        3.83614428062960444000       -6.82999816815774885000       -1.56655830818712483000       -2.00449404105961548000        7.54440804729123560000        1.69234614015008900000        1.24196152977747087000       -6.67299482054457549000       -2.11859825582428929000        2.94556984966067281000        2.22111937491709455000       -0.90324220656253296000       -2.15437950017968127000       -2.75777581452142062000       -1.87521906801820304000        3.74893964712605721000       -1.82777768116278261000        1.39578141448054827000        2.57667719866291200000        5.95554585590529761000       -5.93494496728171850000        0.14451560338819222000        2.48987957973645901000        2.94548990759534446000       -3.54855030242125169000       -2.50184414018013657000        0.55247473619240284000        0.50731527656258479000        2.50453376916661430000       -5.50063964058863686000       -4.10677896514997354000        3.28856149853135937000       -4.64589118545115909000       -2.15555127727744722000       -1.10705772555222204000        6.69167262991139733000        1.88381310175048622000       -0.54390935215737246000       -5.72286711093883671000       -1.76331523174222049000        2.58445896581877355000        2.63784931706749282000       -0.81957066656736932000       -1.91128511503471965000       -2.83534679801389666000       -1.59253979078008334000        3.68421647734773794000       -3.23612287057582781000        2.38745808582248298000        4.60925879297414820000        6.14835045060221486000       -6.09572936347849481000       -0.90015440697632842000        2.98959535825342959000        1.64095637985368992000       -2.18825688340866531000       -2.63229065095621406000       -0.99702015913905895000       -2.34084077278520430000        2.56559891033405396000       -5.03748428450475672000       -4.36613007127226016000        2.34713876903933549000       -3.14631338945610617000       -2.45873968838038026000       -0.53330848265440955000        5.42795458065449576000        2.04871718596149632000       -2.24223347032133180000       -5.60639179161632928000       -1.84094414064432632000        1.87886209126251158000        2.51081319876640485000       -0.99142595051257243000       -1.91430606322444485000       -3.33562822638988887000       -1.28222683587838682000        3.68388235750916460000       -4.78116395330108812000        1.31602561223137871000        4.66559096440397258000        5.94534969889733667000       -5.54452505988871547000       -2.48603345002852594000        4.78861055809362313000        0.34261391682812387000       -1.04722042919055203000       -2.47034812965959727000       -2.37614555357320967000       -4.03095556159040758000        2.45466540635331709000       -5.32914326624805579000       -3.97616546938979631000        1.02003510618289739000        1.65780807951691633000       -3.20394442530502399000        0.80228320436279343000        3.94270604357488397000        2.02553385859824386000       -3.51750541784636450000       -4.22616856751342596000       -1.13979708278560876000        1.16063232081157897000        2.42653805039287418000       -0.19359548714374228000       -1.87256460979590300000       -2.93485985929186377000       -0.84376596549420635000        3.89581160675042470000       -5.19024499478226708000        1.68056369421335305000        4.29297149359050323000        5.08206309018796443000       -3.90543566683935017000       -3.72375985709915414000        5.79399945393868521000       -0.72013274441144359000       -0.46657999279513979000       -2.03783181799106350000       -4.09820385085839245000       -4.18713751726754424000        2.14482289315451924000       -4.89817645771116172000       -3.32829014940203916000       -0.04759825581636942000        4.00188867187753328000       -3.60362642679176215000        1.78295602034146006000        2.19572363913149760000        1.96238399206919478000       -4.84787571137449991000       -4.04938571150437898000       -0.30275593450566823000        0.18031449683449899000        1.78082676378436799000       -0.13168429923175407000       -1.84493083503881605000       -2.47615712081372319000       -0.53784178023008777000        3.99794039994002270000       -5.62863601819551995000        3.12357148434143017000        4.44192327707335721000        3.91928736077584627000       -2.44895548717021416000       -4.67244599688621598000        5.75216536099560294000       -1.93053218087466716000        0.93112674330816381000       -1.41991568828610126000       -5.30219644492826259000       -4.96858031871375783000        1.75645255623694130000       -3.65718245815272747000       -2.57585899994190859000       -0.90627702964371137000        4.41308507444810072000       -3.32772288614227296000        2.33918077090318732000        0.48530160712886733000        1.99073441871877987000       -5.96476302783904622000       -3.88318779117216861000        0.32106592812878482000       -0.74008926044931889000        1.02477990452258738000       -0.26061219450250561000       -1.42926189835036688000       -1.76407269458383276000       -0.10597903016660823000        3.51945378345064253000       -6.28699764415322626000        5.42588884354051881000        5.82585420932346487000        3.06866592164465057000       -2.49298648860550243000       -5.37957230485712756000        3.43947426971122994000       -2.97637130521813908000        1.64054529940745986000       -0.73359393210165946000       -6.39112430822231392000       -5.53130399686154117000        1.06409912194977019000       -1.73284124612398260000       -1.73608700980284980000       -2.42880026642992730000        2.23224373290997802000       -2.12630875318239454000        1.53643986089908435000       -1.19901198687325494000        2.49983278461067426000       -6.33114902617168784000       -4.02195244631715987000        0.17623240850921482000       -1.36542764791670312000        0.18990509465657684000       -0.16459080649066493000       -1.02662391949727128000       -1.51732483525299511000        0.24337548909051859000        2.24281436428610093000       -7.97350021685784860000        5.90605379890915216000        5.12082981145107929000        2.54508811412752989000       -1.33044623866954437000       -6.99253224153397746000        2.65394329485516467000       -4.41653425616629569000        1.67193150792578105000       -0.08326143368354232000       -6.97364502224661997000       -4.78345544873162698000        0.34674393089570626000       -0.82160232731154070000       -1.01492187336587869000       -3.57973632092669858000        2.06452056008186879000       -1.40984566506176812000        1.65003568363816533000       -2.76899773535290361000        2.10218349915942593000       -5.62602136015690846000       -3.48790095248713117000        0.51918115859342873000       -2.03963630402846130000       -0.43718441529126156000        0.32792536328784533000       -0.43302275638508769000       -0.14828371848565744000        0.18683510401488754000        1.47750902670590367000       -8.71410145002317904000        5.82651811723598900000        5.06409150010905051000        1.90526449154779165000       -0.12397662602593483000       -7.93296458735294152000        0.39684145575427077000       -5.54007603915403468000        0.96282077853504100000        0.47936896911106647000       -7.49280558885590509000       -4.73992771554062653000       -0.25018086681078805000        0.66555358515926921000       -0.43947524346433370000       -4.54730121686542610000        1.52955029043155788000       -0.63783891726407138000        1.38036606697164954000       -4.08148327694575563000        1.56977928113473264000       -4.48837682313445008000       -3.15603729075685235000        0.44328562272827410000       -2.87915176399012074000       -1.30906068491868610000        1.02844255906244619000       -0.07540170339815454000        0.95379846364344445000        0.21540339193036487000        0.76387548198089072000       -9.85551315734074507000        5.42439248917251149000        5.59627564426613677000        1.91584146069761418000        0.88171631814118345000       -9.04283287495088217000       -0.47219533187680129000       -6.36856034156894246000       -0.83279519472153152000        0.74055893464605371000       -7.81635209194883718000       -5.55447065677348029000       -0.67999223071505766000        1.64183896433660403000        0.44491080806611361000       -4.69144629900728827000        2.22277841795928088000       -0.64221035711915941000        0.90768724946987223000       -5.10093696285161702000        0.79803016804799565000       -2.60380067659573289000       -2.89180551839478417000        0.45677790905231425000       -3.34345987355411278000       -1.88259573507560951000        2.10190072915731863000       -0.19992633680467445000        2.71357488285025505000       -0.14441810963529686000       -0.17516823595670192000       -9.52192706616419038000        5.64423598237293334000        6.02931433707279663000        1.71390038025876623000        1.72098004073562083000       -8.76180278802081425000       -2.78839596534849310000       -6.57450913265529824000       -2.16135846454905511000        0.53384136712324537000       -7.89547687868711900000       -6.20702554936712314000       -0.75847082303785696000        2.57526241019396629000        1.16588412980118461000       -4.92049870425268665000       -0.13765104205567638000       -0.42105827325884099000       -0.25771178082992008000       -5.42578304297645442000        0.19157592957680436000       -1.24964921963059350000       -2.95163159758998672000       -0.12445162429998216000       -3.76698671801397955000       -2.36890477384444731000        2.73514278023334034000       -0.50470657537569596000        4.08472824194674011000       -0.63698864876350791000       -1.36941182003670314000       -8.65304673772372368000        4.82432831451043676000        4.94260340230785289000        1.40214112885358011000        2.97338921530977274000       -8.10317323992394378000       -4.77297785084195958000       -6.84801399131310884000       -3.71054543579823859000       -0.08402410974177703000       -7.58493185659002123000       -4.61750201378530534000       -0.70283697888862329000        3.85859707519808071000        1.95332769900525149000       -4.49012864428384528000       -1.45404107203109456000        0.00278270864527897000       -0.60981086525700157000       -5.52350827017632096000       -0.64771530873175420000        0.04843264987366691000       -2.56510626399275443000       -0.49921561152243138000       -4.21440052957867373000       -2.75919581665519731000        2.32395862185310387000       -0.53352148019032952000        4.70518551188047951000       -1.11613004110399516000       -1.96670420956900682000