 4         8        27        48        56
        0.00    0
       1.040550       1.040550      32.267550      32.753700      32.621400      32.645550      32.645550      32.645550      32.753700      32.753700      32.681250      32.681250      32.681250      32.681250      32.681250      32.681250      32.681250      32.681250      32.681250      32.681250      32.681250      32.681250      32.681250      32.681250      32.681250      32.681250      32.681250      32.681250      32.681250      32.681250      32.681250      32.681250      32.681250      32.681250      32.681250      32.681250      32.681250      32.746350      32.746350      32.620350      32.620350      32.620350      32.620350      32.620350      32.620350      32.746350      32.746350      32.746350      32.746350      32.217150      32.746350      32.766300      32.766300      32.766300      32.766300      32.685450
      -0.403200      -0.792800       0.116800       0.116800       0.116800       0.116800       0.116800       0.116800       0.151200       0.151200       0.151200       0.151200       0.151200       0.151200       0.151200       0.160800       0.160800       0.160800       0.160800       0.160800       0.160800       0.160800       0.160800       0.160800       0.160800       0.160800       0.160800       0.160800       0.160800       0.160800       0.160800       0.160800       0.160800       0.160800       0.160800       0.160800       0.160800       0.160800       0.160800       0.160800       0.160800       0.160800       0.160800       0.160800       0.160800       0.160800       0.160800       0.160800       0.160800       0.160800       0.160800       0.160800       0.160800       0.160800       0.116000       0.116000
       -0.28999999999999998000
        0.07800000000000000000
       -0.35199999999999998000
       -0.15600000000000000000
       -0.31600000000000000000
        0.36399999999999999000
        0.13800000000000001000
        0.16800000000000001000
       -0.29799999999999999000
       -0.11600000000000001000
       -0.08000000000000000000
        0.06400000000000000000
        0.09800000000000000000
        0.37400000000000000000
       -0.23999999999999999000
       -0.08400000000000001000
        0.02200000000000000000
        0.34799999999999998000
        0.16200000000000001000
        0.14999999999999999000
        0.34599999999999997000
        0.04000000000000000000
       -0.28000000000000003000
       -0.16200000000000001000
        0.26800000000000002000
        0.15200000000000000000
        0.33000000000000002000
       -0.00600000000000000000
        0.07000000000000001000
        0.26400000000000001000
        0.34399999999999997000
       -0.10000000000000001000
        0.33200000000000002000
        0.17599999999999999000
       -0.14000000000000001000
        0.00600000000000000000
        0.17999999999999999000
       -0.28199999999999997000
       -0.09800000000000000000
       -0.15600000000000000000
       -0.22000000000000000000
       -0.07400000000000000000
       -0.13800000000000001000
        0.31000000000000000000
       -0.35599999999999998000
        0.28999999999999998000
        0.29799999999999999000
       -0.06000000000000000000
       -0.33800000000000002000
       -0.33400000000000002000
        0.06600000000000000000
       -0.02400000000000000000
        0.35799999999999998000
        0.29599999999999999000
       -0.38200000000000001000
        0.20599999999999999000
        0.34399999999999997000
        0.27200000000000002000
       -0.07600000000000000000
        0.12000000000000000000
        0.33200000000000002000
       -0.07000000000000001000
        0.37000000000000000000
       -0.23799999999999999000
        0.03800000000000000000
        0.38000000000000000000
        0.15600000000000000000
       -0.33000000000000002000
       -0.02200000000000000000
       -0.24399999999999999000
       -0.06400000000000000000
       -0.09000000000000000000
       -0.25600000000000001000
        0.04200000000000000000
        0.28999999999999998000
       -0.17399999999999999000
       -0.34200000000000003000
       -0.00400000000000000000
       -0.16000000000000000000
       -0.02600000000000000000
        0.37000000000000000000
       -0.01600000000000000000
       -0.16000000000000000000
        0.37800000000000000000
       -0.25200000000000000000
       -0.30599999999999999000
       -0.14199999999999999000
       -0.05400000000000000000
        0.02000000000000000000
        0.04200000000000000000
       -0.41999999999999998000
        0.02000000000000000000
       -0.04200000000000000000
       -0.14199999999999999000
       -0.16600000000000001000
       -0.08200000000000000000
        0.23200000000000001000
       -0.04600000000000000000
        0.37800000000000000000
       -0.06400000000000000000
       -0.39800000000000002000
       -0.05200000000000000000
       -0.03800000000000000000
       -0.10199999999999999000
        0.20200000000000001000
        0.06800000000000000000
        0.22600000000000001000
       -0.27000000000000002000
       -0.11600000000000001000
        0.11799999999999999000
       -0.26600000000000001000
        0.02800000000000000000
       -0.04800000000000000000
        0.39800000000000002000
        0.39600000000000002000
       -0.18200000000000000000
        0.03200000000000000000
        0.18200000000000000000
       -0.14199999999999999000
       -0.35599999999999998000
       -0.36199999999999999000
        0.06000000000000000000
        0.18600000000000000000
        0.16200000000000001000
       -0.32800000000000001000
        0.39600000000000002000
       -0.39600000000000002000
        0.23200000000000001000
        0.02000000000000000000
        0.33800000000000002000
       -0.46800000000000003000
       -0.04600000000000000000
       -0.14399999999999999000
       -0.23599999999999999000
        0.28999999999999998000
        0.23999999999999999000
        0.09400000000000000000
        0.17799999999999999000
       -0.06400000000000000000
        0.06400000000000000000
       -0.46200000000000002000
       -0.03000000000000000000
        0.20200000000000001000
        0.19400000000000001000
        0.01600000000000000000
        0.29199999999999998000
        0.25200000000000000000
       -0.00400000000000000000
        0.35599999999999998000
        0.19400000000000001000
       -0.38400000000000001000
       -0.00200000000000000000
        0.39400000000000002000
       -0.31200000000000000000
        0.19200000000000000000
       -0.23799999999999999000
        0.29399999999999998000
       -0.32200000000000001000
        0.07000000000000001000
       -0.22400000000000000000
        0.34399999999999997000
       -0.05400000000000000000
        0.26600000000000001000
        0.23799999999999999000
        0.23200000000000001000
        0.20599999999999999000
        0.34200000000000003000
       -0.37400000000000000000
       -0.31600000000000000000
        0.38000000000000000000
        0.19000000000000000000
       -0.00600000000000000000
        0.16600000000000001000
        0.34200000000000003000
       -0.19000000000000000000
       -0.27000000000000002000
       -0.35799999999999998000
       -0.31800000000000000000
       -0.39200000000000002000
       -0.20399999999999999000
       -0.21199999999999999000
        0.09400000000000000000
        0.10600000000000000000
        0.20599999999999999000
       -0.38200000000000001000
       -0.02000000000000000000
       -0.35799999999999998000
       -0.21199999999999999000
       -0.12400000000000000000
        0.25200000000000000000
        0.36599999999999999000
       -0.06600000000000000000
       -0.37200000000000000000
       -0.23999999999999999000
       -0.07400000000000000000
        0.04000000000000000000
       -0.30199999999999999000
       -0.12400000000000000000
        0.19400000000000001000
        0.31800000000000000000
       -0.26000000000000001000
        0.07199999999999999000
       -0.33200000000000002000
        0.14799999999999999000
       -0.07800000000000000000
        0.34799999999999998000
        0.00200000000000000000
        0.37200000000000000000
       -0.25400000000000000000
        0.23999999999999999000
        0.40200000000000002000
        0.00200000000000000000
       -0.07199999999999999000
        0.39800000000000002000
        0.10400000000000000000
       -0.40000000000000002000
        0.28399999999999997000
       -0.05600000000000000000
       -0.23799999999999999000
        0.26600000000000001000
        0.03600000000000000000
        0.02000000000000000000
        0.39000000000000001000
        0.22200000000000000000
        0.07400000000000000000
        0.14399999999999999000
        0.29799999999999999000
       -0.02800000000000000000
        0.30800000000000000000
       -0.26200000000000001000
       -0.27600000000000002000
       -0.02600000000000000000
        0.20599999999999999000
       -0.05600000000000000000
        0.13800000000000001000
        0.34599999999999997000
        0.09200000000000000000
       -0.22600000000000001000
        0.02600000000000000000
        0.27200000000000002000
       -0.24800000000000000000
       -0.09000000000000000000
        0.31400000000000000000
        0.14999999999999999000
       -0.32000000000000001000
       -0.27600000000000002000
        0.15200000000000000000
        0.00800000000000000000
        0.26000000000000001000
       -0.38000000000000000000
       -0.20200000000000001000
        0.08200000000000000000
        0.33000000000000002000
       -0.25200000000000000000
       -0.05600000000000000000
        0.23200000000000001000
       -0.22600000000000001000
        0.02400000000000000000
       -0.06800000000000000000
        0.29599999999999999000
        0.10000000000000001000
       -0.05800000000000000000
       -0.30399999999999999000
        0.04800000000000000000
       -0.32400000000000001000
       -0.22000000000000000000
       -0.31800000000000000000
        0.26200000000000001000
       -0.16800000000000001000
        0.29999999999999999000
       -2.73886394089276708000        1.46543564197017639000       -1.26537159799825227000        0.28452947890808034000        0.18981584031630377000        1.71706743546796492000        1.29738360486011173000       -3.70818698129022994000       -0.49322411903334429000        0.38082898393490383000        3.06745211388605998000        2.57436663944569233000       -1.95366465654797916000       -0.48491579492479836000        0.59881413565035269000       -0.56296169296117915000       -0.19330517707718772000        0.23468366603911137000        1.21458793322540393000        1.83909773406537314000        0.25069898987732664000       -2.86045224754650240000       -1.47495102084235796000       -2.00603812728770281000       -4.04107209087075692000       -2.12835720069165957000        1.49541063927500040000       -1.23495029619551566000       -3.01968807059397237000        1.12667074844982817000       -1.37498047331897189000        0.28519749794813531000        0.55440431872284157000        1.94308437776239917000        0.28490670119350930000       -4.04187209371074818000       -0.00511802838956236000        0.14613185184372027000        2.34333576485286965000        2.74234539354797491000       -2.18405117509435476000       -0.71159434406953981000        0.59587685765043186000       -0.11427400595772232000        0.04869424133977857000        0.21402254770065821000        0.76738203005838879000        2.48752128039288722000        0.75487637675079600000       -3.41843614686092145000       -2.51609415907600020000       -1.73679696605324985000       -3.56983346741476248000       -1.63274833334682223000        0.37198743479095459000       -1.17603984865927158000       -3.32256666234942832000        0.44398622303960356000       -0.97542702609656429000        0.54070535475137849000        1.06574680860464754000        2.84300232112770956000       -1.03015057538373278000       -3.21561865890762322000        1.03044894374989426000        0.56599411154360491000        0.36880381705579951000        2.59190449039884374000       -2.64540087530195711000        0.07123620533448849000        0.63411940044556236000        0.33191820275718276000        0.53601489686846571000        0.33472200448346640000        0.39532037895827854000        3.04313195779795320000        0.96220973273098165000       -3.90157415215128678000       -4.10841330234216962000       -1.05016564729153594000       -2.72682084867752916000       -0.78802138615106487000       -1.38765472883167540000       -1.14768459881270757000       -3.31308723981381981000       -0.08446609892118526000       -0.46582598209206716000        0.82715555277323716000        1.56543239498791453000        3.33986144560594855000       -2.24851453580982596000       -2.21002458157048620000        1.95199231143606444000        0.72584562437483202000       -1.14119447599967327000        2.25679581394342943000       -2.83891227147576863000        1.05797784775141657000        0.53587973537871170000        0.79280560550626966000        0.70861106720517508000        0.43531486752660059000        0.14438289199155496000        3.46786402264221616000        1.13406467626005214000       -3.82647368220105077000       -4.88852254419773935000       -0.67285490642846602000       -1.87655133774935834000        0.47743633680968395000       -2.93638981762729134000       -0.95829565755581292000       -2.77824185616525821000       -0.08989777935152594000        0.45408747059172788000        1.09678778564733026000        1.94195817722744080000        2.99463890923755471000       -3.46432338185547373000       -1.46668409667050859000        2.82056140978135117000        0.24238003702750580000       -1.72342655538545997000        1.88648907440619595000       -2.98246332891295340000        2.29743072644953239000        0.38326368286340690000        1.46145327668958114000        0.65159579900203335000        0.42888141912222161000        0.41614156958321602000        3.50564257536065282000        1.02888470156428857000       -3.67631990396225250000       -4.62536191287037290000       -0.37908484623851207000       -0.80074607216293192000        1.72916731876785823000       -3.81369764297035196000       -0.27196734541572587000       -1.43459803846363010000       -0.26879348296694916000        1.61821667317229956000        1.72675853566782478000        1.93283402657067915000        2.38211353450755636000       -4.48660183611560370000       -0.08511657435763080000        3.46057319276069642000        0.23541654387820626000       -3.32995303967375644000        1.59636587145485076000       -2.65703222464057154000        3.74545956672027502000        0.15433947895464320000        2.39539646950711749000        0.81336871976931124000        0.38058448313536858000        0.86436962175830379000        3.21578363935355771000        0.83902158530011806000       -3.20482968784791300000       -3.89424087756547443000        0.49738746425938074000        0.43906131336883020000        2.67794315028839680000       -4.09649933963716340000        0.56726427514820310000        0.23023311038322058000       -0.51237119716669255000        2.57813722964878611000        2.18156222716013204000        1.81482246942687531000        1.90249768306753153000       -5.36472609774364795000        1.60209887380146632000        4.00443028147565983000        0.36562053515153026000       -4.42447587993592162000        1.23545669206706399000       -2.20483295391586287000        4.70248417979459443000       -0.17514145097988079000        3.06731149956514404000        0.76606256387574523000        0.20819140726743268000        1.25141909131843776000        3.04135430070054857000        0.57324815578714072000       -2.43944145768472165000       -2.87568165849616664000        1.51858212387913816000        1.85283161470962732000        3.66302105839920689000       -4.57393134924602229000        1.54129407609875169000        1.70855412704885334000       -1.03495541334991370000        3.47252785322389368000        2.14825148230720453000        1.66406985138676555000        1.89799255118680810000       -5.37982053528966642000        4.07414933606736618000        3.93372136980362530000        1.05473867258532983000       -6.01715832212663582000        0.69948195965590143000       -1.60986201830374798000        5.16614560354981034000       -0.57298860810554153000        3.89482664999417238000        0.55298778717565600000        0.07037043885873195000        1.56858839617245382000        2.79836791054470346000        0.52367111275181477000       -1.01976741091143541000       -1.58949743000806221000        2.78523854863427278000        3.08907229089735136000        4.17421419787056891000       -4.47447424760850865000        2.18885231975664274000        2.98593563882291768000       -1.46380174007748320000        4.00373431569456972000        1.53428120810600843000        1.74696175218541794000        1.28542695539813745000       -5.25310013878795079000        6.32493703767862492000        3.42566418631161484000        1.85579356051875921000       -6.99868145238616535000       -0.15163087879360729000       -0.85161186859932658000        4.96854155043253964000       -0.45763561817112236000        3.89384856177398575000        0.84032621310442135000       -0.02227852572690770000        1.44255106166721658000        2.27331716248701232000        0.22184090294784517000        0.46049356144278164000       -0.18127412426389061000        2.55768174855944030000        4.22926065521935435000        5.28987971824123004000       -4.49372783643829621000        2.65245710152141978000        4.11192971047968570000       -1.96392917471682860000        4.39006618073491595000        0.06842205091894053000        1.46831902506269585000        0.95863212229705663000       -4.66681197849869633000        7.79691167771919691000        2.76751688658455119000        2.11514477161988346000       -6.98556485165271912000       -0.68238572170971823000       -0.09017097953931916000        3.88564655166533690000       -0.25404359916319164000        3.53900464087443645000        1.10706699328578884000       -0.11089036238248437000        1.39978232049977880000        1.73944065780852153000       -0.13020930952995524000        1.70904843177754806000        0.65615295906982574000        2.35340133697287257000        5.53673670506569504000        5.75440644210624352000       -4.56521665464112303000        2.99735378567573774000        5.11382917532871595000       -2.72295149414651894000        4.44598057924539170000       -1.16740041619307400000        0.97346030072950862000        1.19995446211177992000       -3.31234132537997938000       10.25428657986041259000        1.51721155440206990000        3.55935197956056237000       -6.83441494198923660000       -1.06835686408460506000        1.38893672913571908000        2.24791873131089082000       -0.03883397264197715000        3.12206531758313810000        1.35163129679186844000       -0.06276090661784614000        0.74623263024184094000        0.98412361050720953000       -0.14189532196942159000        3.24999762193871122000        0.86977828103142418000        2.83197995618464482000        6.91558806775167412000        5.61727661695373293000       -3.95012282857960750000        3.77726495848444488000        5.78304760140652352000       -2.74787784043453209000        3.96657742637575872000       -2.14072482318951529000        0.04762377328362499000        1.11061608201690265000       -1.84501787818732366000       10.98037415455373988000        0.42046195566477546000        3.90015335779278782000       -3.54939218760622399000       -0.95716939626192554000        2.99647978530501691000        0.10638720837607119000       -0.21776435761424193000        2.47522882308331127000        0.47218546393746336000       -0.13921837662241587000        0.19107411654387496000        0.23572685406128738000        0.12625029723059622000        4.31099264501638402000        1.16892472824089455000        3.24263203396631194000        7.90778107965716348000        4.85647832854033812000       -3.17461065674051879000        5.18230706504419736000        5.33246525178387465000       -3.07005961248603088000        3.62252134569543349000       -2.04749558350851002000       -0.67569400335176388000        1.45042042076380584000       -0.67278476165836720000       10.65538481062087861000        0.02555035629164612000        3.92225720283034374000       -1.24874472404111314000       -1.13914950901967105000        4.40796624399313419000       -0.12768097807462009000       -0.64496431756338579000        1.90780726480927587000       -0.82908228144580021000       -0.07176922493906032000       -0.01697947967398693000       -0.46056084502330102000        0.21276813166804268000        5.09601473512283931000        1.11876051570608825000        3.21917638275190532000        7.64044089804638915000        3.44490786760816592000       -2.78777169135232583000        5.54327098259747419000        4.56227158541641398000       -3.55941691726394538000        3.52521323432162204000       -1.63097652454841535000       -1.29650225266234131000        1.54484129849340657000        0.33096919477749465000        9.93138730562836081000       -0.20995546116483721000        4.36079611331796269000       -0.30565236349008673000       -1.32556129734025596000        5.13876028074680491000        0.20531836587238841000       -0.48528431926424709000        0.91486513525187663000       -1.24343141150770986000        0.07559286969766493000        0.15326837748639513000       -1.45612915408155308000        0.20516019600498717000        5.22561962427783744000        0.65505042996338647000        2.04791491262379921000        6.90815127255931571000        2.43339468287757388000       -2.63320297125098302000        5.19933057430333978000        3.47897033662830957000       -3.87863189779300921000        3.10700787958403879000       -1.48323415171445427000       -1.86880051349344001000        0.64346273106719121000        1.60407709252508934000        7.26429235017518504000       -0.78412823957679856000        3.94274487946608110000        0.53233213163363546000       -1.41826294045306978000        5.77496377061659416000        0.18274848974274943000       -0.14871269682108476000        0.05487411738307005000       -1.51675989246293952000        0.17589700272914363000        0.47609712096790424000       -2.38090921511368325000        0.30428816382680007000        5.49908518615759867000        0.56778174169541751000       -0.07761787672442634000        5.25189772452245940000        1.01104175227432158000       -2.11378764421621712000        3.89402075578715312000        1.97651893564857684000       -4.21550016836335750000        2.40516497590530198000       -1.39178572625956298000       -1.86418152682944682000        0.44536756267523431000        2.56434105131235635000        5.32038918332029631000       -1.18645069837073680000        3.49621005067361867000        0.47309508345886320000       -1.92330177043487005000        5.43801616492832896000       -0.05282460218863926000        0.31611001320160798000       -1.16175444099810465000       -1.33365409360557940000        0.19584708419104022000        0.27251898554790904000       -2.94030326902687200000        0.34549553829992857000        5.08410907917985355000        0.10675086905966936000       -1.76901684006117677000        3.62270682493867247000        0.09299719041350808000       -1.74806984935535614000        1.94740592822043856000        0.66524370871279304000       -3.75911525336403685000        1.35299689496882269000       -1.60687485505743455000       -1.99144380963757306000        0.29395080669077589000        3.29923794536131920000        2.59968646166652118000       -1.54960809157699186000        2.11356043593454768000        2.84014434846447550000       -1.86132646755945230000        4.33197334606736106000       -1.15789982857037721000        0.46071039631348487000       -2.23600634639346518000       -1.69060297244291280000       -0.02157749112963511000        0.32003139545067888000       -3.14934687667325219000        0.41035874049712490000        3.98330697368569542000        0.35246935584783534000       -3.12825725093103157000        1.90362393443064404000       -0.70783261230071737000       -0.76746516054250369000        0.66059124436018124000       -0.08702152814649915000       -2.88447909359898702000        0.37480727565536165000       -1.51447116804957815000       -2.02565281158428911000       -0.74110378312014968000        4.05284138445570452000       -0.12560424950457899000       -2.37105871513749689000        0.67727253714578106000        4.46280643611666417000       -1.64522231482337489000        3.42051838156811661000       -1.97313639458025514000        0.37555352602738673000       -2.49792473579862229000       -2.02396325249064191000       -0.17382944863918379000        0.36283021470228177000       -3.25586926248974384000        0.42998194239963899000        3.22067563563705672000        2.07259494750960904000       -3.98573809444590488000       -0.15556367093337650000       -1.46291577235261649000        1.72265360621469155000       -0.54720944982542441000       -1.45253495356111428000       -2.95110095329589184000       -0.13056334855196516000       -0.94196001496742332000       -1.78624873115766114000       -0.02559863130224195000        4.52079268975002524000       -0.53152864125632260000       -3.08178425085610641000        0.95087547827013985000        3.83841557127761490000       -1.82379530804808132000        2.45424041253591474000       -2.02752403734442721000        0.42340915510519067000       -2.49949318501275064000       -1.83343664431206577000       -0.15147439115002798000        0.29723119360382538000       -2.81034228381491102000        0.56197556940122906000        2.40988865560166277000        2.56866833085185586000       -4.60821073303088902000       -1.76915317993243360000       -2.37378608277806924000        3.00151865139374197000       -2.02475468575504269000       -2.65275064578494080000       -2.56856587789744051000       -0.69627252173413445000       -0.84421908924520894000       -1.72258717799909822000        1.30748403514781320000        4.88770591448905289000       -0.62947655457620344000       -3.70140350956193043000        0.81443197331518080000        4.11204615524820927000       -1.65749121972717051000        1.10905754812065616000       -2.73685599616658060000        0.27844288221193697000       -2.40622210906437894000       -1.83698019561222514000       -0.19985300537308731000        0.45882454098339154000       -2.24753418577725173000        0.91187597274125221000        0.97510096595752349000        2.49558700436850911000       -4.37652585232602398000       -2.97876613638969401000       -3.28259734128496516000        3.98199447176421151000       -2.79656605515948709000       -3.65438301574578750000       -2.25075236811500146000       -0.91259778641966927000       -0.87909719268270636000       -1.73198983133228013000        2.47685864924462651000        4.87631433650744306000       -1.50240174607674071000       -4.13244212597318938000        0.18265037174135729000        4.76628595221436147000       -0.96783426928208649000        0.04094175556829805000       -3.28397265456914855000        0.15538452654077059000       -1.98247322760484490000       -1.91429385858752710000       -0.30188650409879769000        1.04033017626017132000       -1.41572922647688171000        1.04747220088704696000       -0.42433219591266580000        2.08833761111765837000       -4.25302997849211195000       -3.85540535270410967000       -4.24173151078837574000        4.49074575558766398000       -3.19072631325737577000       -4.22097669245982488000       -2.44635489446401477000       -0.79739344640419241000       -0.81239391688675000000       -1.75916330998285786000        3.53968016456296963000        4.64896026098463189000       -2.27580868041588857000       -4.55634975692611643000       -0.19540871557452466000        3.87787525126556076000       -0.06611211468732744000       -0.55706014334523213000       -3.43693913369025106000        0.22657755792964709000       -1.37339890567958145000       -1.51291590605631110000       -0.33842026940880315000        1.67870317533237023000       -0.45496300131077450000        1.13103146592525450000       -1.39672111949634026000        1.22497938950973007000       -4.31829295801619484000       -4.38258701929233130000       -4.89551630634267276000        4.48183633096857736000       -3.74589686161360946000       -5.00343431851881348000       -2.58005471093691474000       -0.62117888824509160000       -0.69054438835149590000       -1.28552296075404393000        4.82564386820185476000        4.44254391983583741000       -1.54243810975303797000       -5.02568807407656326000        0.53402143570435889000        2.69053334790582044000        0.46560923853462333000       -1.36069939230589121000       -3.69113414476008250000        0.42514276176058274000       -0.76834641692792482000       -0.97421254625374964000       -0.28722028565421498000        1.95363516098526802000        0.58023252770666689000        1.61337356142853539000       -2.16872733786920868000        0.20850497425153100000       -4.24921391899470446000       -4.39298263000294842000       -4.79684693867106393000        4.14088931281013917000       -3.84399685503764932000       -5.44914563960538878000       -1.67335001921576709000       -0.60820547941146397000       -0.94634324277443915000       -0.43252296898280790000        5.29784495807914535000        3.90000739648358596000       -1.55033226775671240000       -4.92708020311174710000        0.21371014417741868000        2.35076099162360164000        0.97781602905447951000       -2.42951690956279176000       -3.66035481620467573000        0.51245423817207714000       -0.15123636662554946000       -0.83343562872071264000       -0.25691357382293684000        2.06672474483925317000        1.61956362822001076000        1.65627067912081394000       -2.76449317200354150000       -0.53823510055981683000       -4.11984191316159176000       -4.41055094668590097000       -3.74309634392454571000        3.48567153072063185000       -3.59541798293400738000       -5.32966839510238621000       -0.65842931425055584000       -0.44329310202809374000       -1.58735259071828372000        0.36401299699138545000        4.80604075426769750000        3.34124275674350413000       -2.05452268181045161000       -4.80644673514330911000       -0.45891299400751018000        1.56884573794936055000        1.67190384040423123000       -3.11300590641041008000       -3.76030354064030137000        0.59606651278727274000        0.61971719540979020000       -0.61823440394261531000       -0.20692339003675728000        2.12042242639581335000        2.69317227907447121000        1.57973798455011161000       -2.80591135316554885000       -1.06177224206888243000       -3.59437498615256068000       -3.89199634417749518000       -2.56820723628334857000        2.71634973046117523000       -3.27030212057639913000       -4.99688095461190596000       -0.14032623736020158000       -0.33845574447899979000       -2.29406032460510589000        0.80154489149425767000        4.53207315458882754000        2.76616421077470598000       -2.64226742490982502000       -4.43484339557551444000       -1.23485317932273198000       -0.33452476033339901000        2.30408439053628866000       -3.63604082551555496000       -3.96629258019693642000        0.62347705924546581000        1.39637020528942735000       -0.21995630108888906000       -0.18924743230587146000        2.05815157450243902000        3.56814094591646391000        1.61172588594020971000       -2.70998283436972986000       -2.31468451538041808000       -2.25560944730618829000       -3.17551099306636964000       -1.99674476272916968000        1.50351165082517624000       -3.37972732252721064000       -4.72404851863745545000       -0.26701801077758602000       -0.28353074651681076000       -2.28453308256111987000        1.24233422534410232000        4.31841100398628708000        1.51169841145783157000       -3.35455133258412186000       -3.45574111498561720000       -1.84048643471744944000       -2.07776278875277498000        2.62647872142953531000       -3.30307673839703453000       -3.34678846045665379000        0.69973485553665549000        1.87433363107382123000        0.13466553294341196000       -0.17090953386138999000        1.64558658067685548000        4.22278346516985348000        1.38713755487764256000       -2.44232842491393853000       -4.06826719947306437000       -1.47654326594537566000       -2.37017435397865617000       -1.35566142761206376000       -0.61527978691677110000       -3.29058624572548197000       -3.80755525549473228000       -0.15581593624289755000        0.22990812956500709000       -1.99653443994751112000        1.76449305667386924000        2.95764624997188097000        0.24946876827761771000       -3.76914570234085522000       -2.56034548570354170000       -2.30877427515362488000       -3.57357685010293524000        2.68006953319532393000       -2.77098997047329121000       -2.17448855203099400000        0.80496591160903475000        2.52441861645191601000        0.40640751586896118000       -0.06706772777783755000        1.53498897550700675000        4.52623964766713449000        1.21943813579626092000       -1.54572313683857687000       -4.08431089755196464000       -1.37268967649463347000       -1.43860001111789115000        0.16987235462531633000       -1.95757378394143755000       -2.79512855002676286000       -2.87741431214340659000       -0.56315479555927828000        0.96878161542935659000       -0.82246818547425393000        2.49874432686414716000        2.20775548532452603000       -1.48972690879714964000       -2.53043711093525170000       -1.07131618827819008000       -1.47800993484805354000       -5.46707004090447235000        2.35590022083417372000       -1.88302579144186866000       -0.00016159549088145000        0.91139850420445734000        3.01870460377995098000        0.72958947141418728000        0.01208551170366181000        1.22850014049655099000        4.55870487743803654000        0.80730738356881393000       -0.71558116379247438000       -4.08554205034752194000       -1.27879241648238651000       -0.34355673084408328000        2.20939345785055785000       -3.62781215755081154000       -1.70819068149622377000       -1.59228277075776092000       -1.49954654971603318000        1.78841233327338567000        0.31018538648664640000        2.71486222415519629000        1.87202603692723213000       -2.95907977384982157000       -0.50311640695551685000        0.09215092723578056000       -0.21828692098267335000       -6.63133210900912751000        2.18437786470414874000       -0.48301714983873567000        1.63725263798949694000        0.82817730388021515000        3.67261738246656178000        0.71988086025843201000        0.00604046157024630000        1.06650435314371195000        4.40890061736040106000        0.67327598384628395000        0.41493116053896406000       -3.49541458505504776000       -0.79464584685033035000        1.06252019919823115000        3.78332459160840218000       -4.70223976801962706000       -0.06674809354451859000       -0.56753995854240846000       -2.55835502219116862000        2.26958649030052406000        1.16693041259600405000        2.69271806275102188000        2.39485643487423516000       -4.36956430143225028000        1.82193194691534233000        1.31776633824135225000        0.78603582415192608000       -6.82238038580436257000        1.78899339737945939000        0.81753327598945413000        2.91491493979789640000        0.59509784231972063000        3.76541795943660107000        0.43136517129543483000       -0.04439179609963171000        0.71930244915088404000        4.26820415580101642000        0.51354825326546383000        1.35488322629619584000       -3.35016251116315367000       -0.29488005542524381000        2.57862784518879362000        5.08656402888961079000       -6.27158254048688502000        1.51262534928957648000        0.20676949944133469000       -3.26238205543837445000        3.02250375260768811000        1.56783024002840010000        2.77102237676149210000        2.58992099641928863000       -5.37384312909757966000        3.69105469362769645000        2.53162694003979860000        1.44145575987992558000       -7.23441774294159412000        1.09836505311193400000        2.31694283666688383000        4.65353405055611358000        0.46982578026470928000        3.91671584163605635000        0.21410577903351544000        0.08395222373589932000        0.59925296390012339000        3.78011497360721727000       -0.04703649388890584000        2.30930602904809223000       -3.41938249713556752000        0.00882307576600873000        3.88686608487902063000        5.70452962663050212000       -7.81180067796569055000        2.83286978256663025000        0.53302326187369919000       -3.81469482846410468000        3.31971508664486947000        2.21237074674689227000        3.19319929550492354000        1.79184986455751849000       -6.23509816369940051000        4.66604798622657846000        3.48143894638982188000        2.04913978406406372000       -7.63306492240175860000       -0.20347256379154524000        4.01304621227945457000        6.70618040339460642000        0.56156015673314486000        3.57018117422403769000        0.28148936190948648000        0.30298410756454636000        0.10069748357920717000        2.84725779106874155000       -0.87585352538857963000        3.46556883527906923000       -2.87443986460538081000       -0.92581568712443418000        4.16642055135296108000        6.35423609909930054000       -8.80649292199218436000        3.40302712501393456000        1.41406205578301414000       -4.69846278782216675000        3.76113799660845949000        2.50543565458130191000        2.77773641324491116000        0.81874874161763478000       -6.43287665293342314000        5.05067529837293439000        3.83142356159045017000        2.29041573925683473000       -8.78148453056403611000       -1.02338657936421007000        5.32636547413870343000        7.89347028685895058000        0.63533782249414228000        3.27798246285250761000        0.74521536331842508000        0.51317272352263021000       -0.02003286150918033000        1.80470661670854460000       -1.35670691525831888000        4.44686900328578538000       -1.92594155633734587000       -1.04211923424011421000        4.68480778484617577000        5.93690989409313907000       -8.57760328464385680000        3.25783013406963295000        2.40298747441853333000       -5.90309623242112114000        3.84508397127705415000        3.17842949675226327000        1.89196944117512511000        1.02411405538792644000       -5.85972619139799633000        7.64580942666451868000        3.32922996647956859000        4.25428373895039957000       -9.61115271781481972000       -1.71434363058335104000        6.66432000453754814000        7.79604286807920932000        0.61537473222841976000        2.84450653476736548000        1.26890075100623556000        0.57371584003290155000       -0.46958093445027421000        0.83958098804875048000       -1.10237801735766028000        5.43822442403662887000       -1.05450833301082159000       -0.64408933500955778000        5.41000249559721524000        5.18416693960719144000       -7.75317400298344772000        3.49574539861723821000        3.21571999410932330000       -6.10252823171761705000        3.34436903706163013000        3.14702107701437628000        0.98994504490814272000        1.40628623120612994000       -5.07640801682898335000        9.63995037442158775000        2.65248364808780135000        5.08621345828682170000       -7.64532221580076232000       -2.02805821878262016000        7.18535863956349452000        6.42507973666273724000        0.37230693028246725000        1.97050421637459938000        1.05410344591732819000        0.31970424896569283000       -0.93048381393994750000        0.16328928747143365000       -0.94266615167305146000        5.91667192384586560000        0.01568382135724412000       -0.10107590718799006000        6.06566605240780721000        4.64925688451191732000       -6.67746646982275305000        4.13436960906449968000        3.33909828350368132000       -5.83741458487226961000        2.62884921378395431000        2.78087570773592185000        0.30040182752141548000        1.83103924242070715000       -3.44711436759625078000       10.99030535600605774000        1.73700931617133536000        5.54907145739860130000       -6.79373459303101779000       -2.45310015655982072000        7.28567336560582657000        4.97553670236842471000       -0.26157780190258656000        1.44014430428657181000        0.47078880338038653000        0.11934761291467026000       -1.30519771415764696000       -0.48096560062615812000       -0.57031024364503224000        6.32610751026076468000        0.83447108704394712000        1.70686248731632784000        5.89473963900359177000        2.91926006886269418000       -5.03503697918177284000        3.87729105216871739000        3.41868928999828503000       -5.09401802941058257000        1.97600199099018847000        2.95639713661544823000       -0.47751196757102732000        1.99148916103755291000       -2.21355321683255202000       11.29631676394232720000        1.29904373531630446000        5.87153752380473026000       -6.03894629426389606000       -2.68763279728714188000        6.71402144234187581000        4.10930120179535230000       -0.79638197811501976000        0.82515015952989512000        0.17396634898695376000       -0.11982159369956864000       -1.25604897002547355000       -1.49217196302079680000       -0.60454347257116003000        5.86513229111262468000        1.24478305411049406000        3.33986659780998085000        5.01363307617425491000        1.02337363661401426000       -3.39951015477457252000        3.43381598327201809000        3.71302087879567066000       -4.24419460798485471000        1.40370072053336292000        2.62124967482452531000       -1.59487617043927066000        1.75548190013366456000       -0.97761323492767482000        9.91447067842501362000        0.69914893793963928000        5.20747413611880372000       -5.03750008435587304000       -2.34056239034936597000        5.87963832595619085000        2.87188742652358053000       -1.04572401328613140000        0.15748783903800836000        0.06093747216315784000       -0.41963481655482571000       -0.56028912652305374000       -2.48622224665399782000       -0.72293187107257539000        5.15549992325013928000        1.44565660102306981000        3.94606193265672545000        3.80789317003051320000       -0.91239574096053255000       -1.97015174446573171000        2.61282787064530542000        2.86012796200990005000       -3.23775979093160959000        0.72698641890571380000        1.72612911834463412000       -1.71464859124667024000        2.09704384069108229000        0.38437658619935994000        9.35085098808188420000       -0.01333358507573491000        5.06624118088801989000       -4.09830073717509169000       -2.50702011951244463000        4.49820586222776875000        1.43374010541182262000       -0.79637505905140304000       -0.95782450655790496000        0.15903039884801201000       -0.57721256438503910000       -0.37857585946181832000       -3.05629924842785838000       -0.75913566215869943000        4.32208175571356357000        0.81208820587550024000        3.43236886796633645000        2.64519205178716987000       -1.85750625429642602000       -1.49425794638910214000        1.52311102239982477000        1.82505830152277615000       -1.56680897351132709000       -0.22324288383958002000        0.59831043184857224000       -1.49872908887435252000        1.26193324926204986000        1.74156647126191033000        7.64469247174571009000       -1.14096867909293520000        4.24156246768775702000       -1.86214201785432443000       -2.60154561494184700000        2.95532034288638190000       -0.49773192468942451000       -0.44703321429178178000       -2.03959132851216651000        0.10924852133020373000       -0.69008250158396822000       -0.25548518579202395000       -3.55564756360575229000       -0.59460360488636077000        3.38853761674229448000        1.20004493743627783000        2.17913970579096627000        1.06473385750420335000       -2.27937975385140046000       -0.22110296577753222000        0.61189095555142303000        0.79573964149135668000       -0.34957763769825878000       -0.87092019775042817000       -0.01476810054658345000       -1.13962456926024736000        0.13401194027345420000        2.68533336483029839000        5.15393851956224136000       -2.13318080592840920000        3.10167770502340057000       -0.37453876215529147000       -2.51470021174313141000        2.07574300803247436000       -1.49485247088528861000       -0.10991857648741982000       -2.62310185448558553000        0.07624073584682856000       -0.72325902371318596000       -0.10139766415239213000       -3.67464766181213198000       -0.78762877534342346000        2.76158697609483950000        1.74111415785283818000        0.74946205608771121000       -0.69922145643974243000       -2.94263213665295886000        1.16582873692401767000       -0.53226056466807714000        0.47197194828522687000        0.08749009634373855000       -1.18224720534246974000       -0.52296768214331280000       -1.49298358633303851000       -0.47761048559816988000        2.77479683714463743000        1.51529151026642173000       -2.52215343754861943000        1.14219691063306228000        0.28495933035690013000       -1.44745684147944309000        0.87793009601890026000       -2.34792544564071859000        0.18916735683915603000       -2.93872847535929616000        0.44252050421729150000       -0.79300839812138968000        0.50753980508049434000       -3.27401155244270425000       -1.06063965680611316000        1.33195891225071583000        1.61649822547096655000       -0.04409247676792768000       -1.90522454121137752000       -3.85150489515925365000        2.15225031798342892000       -1.93954784208452891000        0.40604189371423699000       -0.07868033139631823000       -1.63800632616162423000       -0.93838409664956135000       -2.38602857863071272000       -0.23804513389330817000        2.74032699837272675000       -1.98881860562490242000       -2.66931659727778614000       -0.59324381253693881000        1.44668914101202883000        0.26858968762703955000        0.16723821208574119000       -3.71831611187698163000        0.26034796039283808000       -3.04007613151325407000        0.52039530635020903000       -0.95837222666555755000        0.96960601871134100000       -2.46241345748703422000       -1.00634242879804181000       -0.17739411063486704000        0.74518024430125296000        0.02693322659534153000       -2.49245790195741401000       -5.28015013246133691000        2.70205756153264565000       -2.74880281803100512000       -0.53699925712645158000        0.19027597956271264000       -2.28154637951688022000       -1.31623161463933092000       -2.36525612156677267000       -0.19237456584322385000        2.77420750547369011000       -4.89503325525632427000       -2.90281292180391182000       -2.14907854651427144000        2.87621524877896562000        1.21211897723733553000       -0.68581080076698253000       -4.47108579692817276000        0.40155316642297373000       -3.00388297019762751000        0.16928562368688341000       -0.94789794584874099000        0.90585824362479439000       -1.48590584469954168000       -0.83109492753819336000       -0.98218219383091632000        0.40140799405951288000       -0.76890847836577070000       -3.49288531299856508000       -5.73667468824277371000        3.27348858812136800000       -3.64094571569539660000       -1.80720661757529610000        0.67053827667123467000       -2.46893927421699111000       -1.10689568469721644000       -1.61380052593424250000       -0.31246130994250321000        2.84090210655822473000       -5.92708175489623557000       -2.95605734075349158000       -2.50074009603737935000        3.34125119407006377000        1.59415737611071684000       -1.39587893904202009000       -4.26306234428983988000        0.38795140064469680000       -2.43829959585431100000       -0.27813128452220592000       -0.71336529543291916000        0.72964353228239942000       -0.57043537476495687000       -0.23011129769883043000       -1.72778077928464446000        0.74214490200200356000       -0.87269849228520391000       -4.31128932964492062000       -5.53100679819975838000        4.26954377531375950000       -3.83563144717187532000       -2.81596627026222013000        0.77612220764465423000       -2.60026179640346067000       -1.14945817731093247000       -0.92811944945773173000       -0.06586180091316012000        3.00717990383977174000       -6.40714227621663301000       -2.97698057973674146000       -2.43480287750692570000        2.52388033151791280000        1.93533426064706071000       -1.96175380626627760000       -4.36557634876454070000        0.42940279645763874000       -1.69026477974436640000       -0.27220575122097079000       -0.49398751267139590000        0.28077439377877494000        0.61578720435567524000        0.39198070518151373000       -1.95373719969797088000        0.13168750225974196000       -0.37746889553635898000       -4.61485492490896032000       -5.46019423104125057000        4.51468951868856738000       -4.40539370130280261000       -3.08532933482430849000        0.59240454317033864000       -2.62378532194892777000       -0.80216106296884337000       -0.82110725275229168000        0.80892853632383410000        2.54348903532832837000       -6.25698092184089472000       -2.60450080245485749000       -2.46525272653257588000        0.94805567782008071000        2.37766428364331572000       -2.63622770981859222000       -4.39825623998415605000        0.47505284403813541000       -1.07716694727281936000        0.15092503568595625000       -0.39947402699270101000       -0.23404586215988699000        1.68268557443528977000        0.91537615739265787000       -2.50469775170409070000       -1.44298547938423072000        0.62581210204065596000       -4.25763637070051715000       -5.29419384063563037000        3.89153611686591638000       -4.94723696425239723000