 3         6        28         1         7
        0.00    0
       1.000000       1.000000       1.000000       0.990000      52.582900      16.390000      58.719000
      -1.000000      -1.000000      -1.000000      -1.000000       9.419200       1.110000       0.141800
        0.35999999999999999000
       -0.03800000000000000000
       -0.17199999999999999000
       -0.33400000000000002000
        0.26400000000000001000
        0.33400000000000002000
       -0.01800000000000000000
        0.13400000000000001000
        0.43200000000000000000
        0.01800000000000000000
       -0.26600000000000001000
        0.21400000000000000000
        0.14799999999999999000
        0.15200000000000000000
        0.00600000000000000000
       -0.23000000000000001000
       -0.14199999999999999000
        0.07000000000000001000
       -0.26600000000000001000
        0.39000000000000001000
        0.18800000000000000000
       -0.31400000000000000000
       -0.01200000000000000000
        0.10000000000000001000
        0.05200000000000000000
       -0.06200000000000000000
       -0.29999999999999999000
       -0.19600000000000001000
       -0.29199999999999998000
        0.34000000000000002000
        0.37000000000000000000
        0.10800000000000000000
       -0.45200000000000001000
        0.03000000000000000000
       -0.34799999999999998000
        0.25200000000000000000
        0.22600000000000001000
        0.30399999999999999000
        0.38800000000000001000
       -0.20000000000000001000
        0.30800000000000000000
        0.04200000000000000000
        0.20799999999999999000
       -0.00200000000000000000
        0.00800000000000000000
        0.19000000000000000000
       -0.15200000000000000000
        0.29399999999999998000
        0.32800000000000001000
       -0.02800000000000000000
       -0.30199999999999999000
        0.08000000000000000000
        0.09800000000000000000
        0.32400000000000001000
       -0.03800000000000000000
       -0.02400000000000000000
       -0.41799999999999998000
        0.05000000000000000000
       -0.08799999999999999000
        0.30399999999999999000
        0.17599999999999999000
        0.07600000000000000000
        0.02400000000000000000
        0.29399999999999998000
        0.24199999999999999000
       -0.02400000000000000000
       -0.29799999999999999000
        0.05200000000000000000
        0.27800000000000002000
        0.05400000000000000000
        0.34000000000000002000
       -0.38800000000000001000
        0.24800000000000000000
        0.07199999999999999000
       -0.35199999999999998000
       -0.04000000000000000000
        0.36799999999999999000
       -0.07400000000000000000
        0.20599999999999999000
       -0.10400000000000000000
        0.16400000000000001000
       -0.05000000000000000000
        0.14999999999999999000
       -0.35599999999999998000
        0.14399999999999999000
       -0.07800000000000000000
       -0.25400000000000000000
       -0.12200000000000000000
        0.35599999999999998000
        0.08799999999999999000
        0.19200000000000000000
        0.27000000000000002000
       -0.08000000000000000000
        0.35799999999999998000
       -0.02000000000000000000
        0.24199999999999999000
        0.48999999999999999000
       -0.07600000000000000000
       -0.05800000000000000000
       -0.01600000000000000000
        0.13000000000000000000
        0.02800000000000000000
        0.35799999999999998000
        0.08200000000000000000
        0.32200000000000001000
        0.05000000000000000000
        0.00600000000000000000
       -0.22400000000000000000
        0.29999999999999999000
       -0.16400000000000001000
        0.14599999999999999000
       -0.20799999999999999000
       -0.17599999999999999000
       -0.06200000000000000000
       -0.26400000000000001000
       -0.19400000000000001000
       -0.13200000000000001000
       -0.31400000000000000000
       -0.35399999999999998000
        0.02200000000000000000
       -0.39000000000000001000
       -0.04200000000000000000
        0.18200000000000000000
       -0.21600000000000000000
        0.05000000000000000000
       -0.18400000000000000000
       -0.31800000000000000000
       -0.13000000000000000000
       -0.33200000000000002000
       -0.07400000000000000000
       -0.30199999999999999000
        0.18800000000000000000
        0.35199999999999998000
        0.18400000000000000000
        0.12800000000000000000
       -0.06600000000000000000
        0.42399999999999999000
       -0.05000000000000000000
       -0.20000000000000001000
        0.33400000000000002000
        0.14399999999999999000
        0.30199999999999999000
       -0.11200000000000000000
       -0.19000000000000000000
        0.10199999999999999000
        0.00200000000000000000
       -0.33800000000000002000
       -0.28999999999999998000
       -0.32800000000000001000
        0.32600000000000001000
       -0.07600000000000000000
       -0.35799999999999998000
        0.39800000000000002000
       -0.00600000000000000000
        0.07600000000000000000
        0.13800000000000001000
       -0.26800000000000002000
        0.19000000000000000000
       -0.26200000000000001000
        0.11200000000000000000
        0.47999999999999998000
       -0.04200000000000000000
        0.06200000000000000000
        0.00600000000000000000
       -0.02200000000000000000
       -0.01000000000000000000
        0.09800000000000000000
        0.10400000000000000000
        0.27800000000000002000
       -0.03200000000000000000
       -0.28999999999999998000
       -0.26600000000000001000
       -0.10199999999999999000
        0.02200000000000000000
        0.02400000000000000000
       -0.01200000000000000000
        0.11400000000000000000
       -0.06200000000000000000
       -0.29999999999999999000
        0.10800000000000000000
        0.02200000000000000000
       -0.33000000000000002000
        0.01200000000000000000
        0.17599999999999999000
       -0.38600000000000001000
       -0.04200000000000000000
       -0.16200000000000001000
       -0.16200000000000001000
        0.19800000000000001000
       -0.06400000000000000000
        0.31600000000000000000
       -0.28599999999999998000
       -0.04000000000000000000
       -0.06800000000000000000
       -0.11799999999999999000
        0.39800000000000002000
       -0.29399999999999998000
        0.03000000000000000000
       -0.12400000000000000000
       -0.25800000000000001000
        0.43800000000000000000
       -0.06600000000000000000
        0.17999999999999999000
       -0.31000000000000000000
        0.02400000000000000000
        0.00800000000000000000
       -0.09800000000000000000
       -0.22200000000000000000
        0.30800000000000000000
        0.06600000000000000000
       -0.21800000000000000000
        0.16400000000000001000
       -0.15800000000000000000
       -0.14599999999999999000
        0.09800000000000000000
       -0.32000000000000001000
       -0.03000000000000000000
        0.04400000000000000000
       -0.00800000000000000000
        0.20399999999999999000
       -0.06000000000000000000
       -0.18200000000000000000
        0.34799999999999998000
        0.03200000000000000000
        7.36951944807721926000        9.23934785203130104000       -1.11136208615854692000        0.51489702516555458000       -7.14989198852165142000       15.04820719575858590000      -13.73584146424901853000      -20.61351143821847740000       -7.78353193788290376000        3.75554767239671694000        6.22032358684362396000        4.11475394797935223000        4.40416659507556218000        7.82055432695705122000       -2.62119110845489800000        5.31374864440802863000        9.21743188958005000000       -1.50494051509816451000        4.18193666302989087000       10.50393305872222882000        0.58647050022164127000       -5.17759165493854745000        3.39634332033352937000       18.22861836834989190000        6.54152234564416002000      -37.41941793885691680000        1.00152876925177892000        0.56459138333435388000       -0.36769886242701200000