 6         6        29         1         7
        0.00    0
       1.000000       1.000000       1.000000       0.998000      52.582900      16.890000      58.719000
      -1.000000      -1.000000      -1.000000      -1.000000       9.419200       2.200000       0.141800
       -0.36799999999999999000
        0.01400000000000000000
       -0.10600000000000000000
        0.21199999999999999000
        0.29999999999999999000
        0.20399999999999999000
       -0.03800000000000000000
       -0.32000000000000001000
        0.11200000000000000000
       -0.07400000000000000000
        0.32400000000000001000
        0.13800000000000001000
       -0.31400000000000000000
       -0.07000000000000001000
       -0.06600000000000000000
       -0.20999999999999999000
        0.00200000000000000000
        0.05600000000000000000
       -0.25800000000000001000
        0.24399999999999999000
        0.23599999999999999000
        0.26000000000000001000
        0.10199999999999999000
       -0.19000000000000000000
        0.20200000000000001000
       -0.06400000000000000000
       -0.24600000000000000000
       -0.34799999999999998000
        0.19200000000000000000
       -0.04200000000000000000
        0.03400000000000000000
       -0.10800000000000000000
        0.11200000000000000000
        0.00600000000000000000
       -0.36799999999999999000
       -0.15600000000000000000
       -0.14799999999999999000
        0.11200000000000000000
       -0.05200000000000000000
       -0.11799999999999999000
        0.02600000000000000000
        0.02000000000000000000
        0.39000000000000001000
        0.29799999999999999000
       -0.28199999999999997000
       -0.33400000000000002000
        0.02000000000000000000
       -0.12200000000000000000
       -0.38400000000000001000
       -0.08599999999999999000
       -0.27000000000000002000
        0.35399999999999998000
        0.28599999999999998000
        0.02400000000000000000
        0.14799999999999999000
       -0.17000000000000001000
        0.44800000000000001000
       -0.06400000000000000000
        0.22600000000000001000
        0.16000000000000000000
        0.31000000000000000000
        0.28000000000000003000
        0.16200000000000001000
       -0.20599999999999999000
       -0.41999999999999998000
        0.03800000000000000000
        0.35599999999999998000
       -0.16600000000000001000
       -0.11400000000000000000
       -0.07800000000000000000
       -0.31800000000000000000
        0.04200000000000000000
        0.20999999999999999000
       -0.07199999999999999000
        0.38600000000000001000
        0.11600000000000001000
       -0.39200000000000002000
        0.16800000000000001000
        0.03800000000000000000
        0.21400000000000000000
        0.40600000000000003000
       -0.01600000000000000000
       -0.08400000000000001000
       -0.38000000000000000000
       -0.23599999999999999000
       -0.04600000000000000000
        0.21600000000000000000
       -0.08000000000000000000
       -0.13000000000000000000
        0.04200000000000000000
       -0.14399999999999999000
       -0.00600000000000000000
        0.38400000000000001000
        0.18800000000000000000
       -0.31600000000000000000
        0.00000000000000000000
       -0.21400000000000000000
        0.03400000000000000000
        0.06600000000000000000
       -0.33000000000000002000
       -0.25800000000000001000
        0.23000000000000001000
        0.04200000000000000000
       -0.37400000000000000000
       -0.27000000000000002000
        0.08799999999999999000
       -0.15800000000000000000
        0.31800000000000000000
        0.10199999999999999000
        0.24199999999999999000
       -0.06000000000000000000
       -0.34599999999999997000
       -0.37200000000000000000
        0.09800000000000000000
       -0.34799999999999998000
        0.31200000000000000000
       -0.08799999999999999000
       -0.22200000000000000000
        0.03800000000000000000
        0.23400000000000001000
       -0.21199999999999999000
       -0.04600000000000000000
        0.12200000000000000000
        0.06400000000000000000
       -0.33800000000000002000
       -0.17799999999999999000
       -0.39200000000000002000
       -0.14199999999999999000
       -0.00200000000000000000
        0.03600000000000000000
       -0.13000000000000000000
        0.00000000000000000000
       -0.22800000000000001000
        0.28999999999999998000
        0.01200000000000000000
       -0.12800000000000000000
       -0.33400000000000002000
       -0.04000000000000000000
        0.19400000000000001000
       -0.00200000000000000000
        0.15200000000000000000
        0.16400000000000001000
       -0.20599999999999999000
        0.02600000000000000000
        0.05600000000000000000
        0.00600000000000000000
       -0.19400000000000001000
        0.26000000000000001000
       -0.21199999999999999000
        0.28199999999999997000
       -0.14599999999999999000
        0.28399999999999997000
       -0.45200000000000001000
       -0.01400000000000000000
       -0.37800000000000000000
       -0.35799999999999998000
       -0.39800000000000002000
       -0.01200000000000000000
        0.25800000000000001000
        0.06600000000000000000
       -0.00600000000000000000
       -0.00200000000000000000
       -0.00800000000000000000
        0.23799999999999999000
       -0.26200000000000001000
       -0.37400000000000000000
       -0.11000000000000000000
       -0.22800000000000001000
        0.11799999999999999000
        0.01600000000000000000
       -0.00800000000000000000
       -0.19200000000000000000
        0.12600000000000000000
        0.06600000000000000000
       -0.22600000000000001000
       -0.28399999999999997000
       -0.02400000000000000000
       -0.03000000000000000000
        0.35599999999999998000
        0.05600000000000000000
        0.26400000000000001000
        0.11600000000000001000
       -0.37600000000000000000
       -0.25200000000000000000
       -0.50000000000000000000
        0.06800000000000000000
       -0.34000000000000002000
        0.36199999999999999000
       -0.12200000000000000000
       -0.24600000000000000000
       -0.33400000000000002000
        0.29799999999999999000
        0.07199999999999999000
       -0.00800000000000000000
       -0.23200000000000001000
        0.15800000000000000000
       -0.38200000000000001000
       -0.38400000000000001000
       -0.30800000000000000000
        0.08599999999999999000
        0.19600000000000001000
       -0.05800000000000000000
       -0.29799999999999999000
        0.36399999999999999000
        0.20200000000000001000
       -0.05000000000000000000
        0.17000000000000001000
        0.07199999999999999000
        0.19800000000000001000
       -0.02800000000000000000
        0.39200000000000002000
       -0.14000000000000001000
        0.02000000000000000000
       -0.20200000000000001000
       -0.18800000000000000000
        0.06600000000000000000
        0.01800000000000000000
       -0.05200000000000000000
        0.25800000000000001000
       -0.17599999999999999000
       -0.02200000000000000000
       -0.35399999999999998000
       -0.02200000000000000000
       -0.02000000000000000000
        0.04600000000000000000
        0.00600000000000000000
        0.04200000000000000000
       -0.09800000000000000000
       -0.40000000000000002000
        0.30599999999999999000
       -0.06200000000000000000
        0.13200000000000001000
       20.07321820633763210000        5.20996201783664592000       12.90836703069970959000        6.44531248831951764000        6.02424033427586370000       -4.40442519622890671000      -14.83586595313463441000        0.85404402297238868000       19.46159180949441850000        5.39060294799621609000       -2.35616494407653887000       -3.03806149394763736000        3.62504326360774831000      -14.31945523782321317000        7.36654629576452980000       -9.41467727687551914000        9.59765767489138000000       -8.72292563218811345000        1.23043120983921650000       -1.57954020027965658000        4.67484041906709091000       -8.70761465837928483000       -1.11627746678729345000        1.39824680764828080000        1.36957692528467612000        8.66970612571279276000       14.12892174178431226000       -5.05915201141644477000       -9.01623461926573455000       -2.38314820733044286000