10         6        29         1         7
        0.00    0
       1.000000       1.000000       1.000000       0.985000      52.582900      15.600000      58.719000
      -1.000000      -1.000000      -1.000000      -1.000000      11.550200       0.520000       0.292100
       -0.13400000000000001000
        0.00800000000000000000
        0.17399999999999999000
       -0.05200000000000000000
        0.28599999999999998000
        0.17799999999999999000
       -0.16200000000000001000
        0.20200000000000001000
       -0.45400000000000001000
       -0.00200000000000000000
       -0.16000000000000000000
        0.16200000000000001000
       -0.01800000000000000000
        0.24199999999999999000
       -0.06600000000000000000
       -0.25400000000000000000
       -0.11400000000000000000
       -0.02400000000000000000
        0.28599999999999998000
        0.00800000000000000000
        0.14599999999999999000
       -0.32800000000000001000
       -0.32600000000000001000
       -0.20799999999999999000
        0.19600000000000001000
       -0.08400000000000001000
       -0.22600000000000001000
        0.20999999999999999000
        0.27400000000000002000
        0.03400000000000000000
        0.03800000000000000000
       -0.13000000000000000000
        0.01200000000000000000
        0.02400000000000000000
        0.02000000000000000000
        0.01200000000000000000
        0.26600000000000001000
        0.13600000000000001000
       -0.29599999999999999000
       -0.33200000000000002000
       -0.34399999999999997000
       -0.08599999999999999000
       -0.19600000000000001000
       -0.38800000000000001000
       -0.10800000000000000000
       -0.18800000000000000000
        0.28799999999999998000
       -0.39600000000000002000
       -0.13400000000000001000
        0.02400000000000000000
        0.22800000000000001000
        0.08799999999999999000
       -0.08000000000000000000
       -0.07600000000000000000
        0.03400000000000000000
       -0.33000000000000002000
        0.47599999999999998000
        0.09400000000000000000
        0.02800000000000000000
       -0.06800000000000000000
        0.08799999999999999000
        0.23999999999999999000
       -0.06000000000000000000
       -0.30599999999999999000
        0.16200000000000001000
       -0.07000000000000001000
        0.13800000000000001000
        0.27400000000000002000
        0.33000000000000002000
       -0.05600000000000000000
       -0.05000000000000000000
        0.28599999999999998000
        0.25600000000000001000
        0.00000000000000000000
       -0.10400000000000000000
        0.32000000000000001000
       -0.35399999999999998000
        0.01000000000000000000
        0.38800000000000001000
       -0.39200000000000002000
       -0.38000000000000000000
       -0.08599999999999999000
        0.11000000000000000000
       -0.13200000000000001000
       -0.17399999999999999000
        0.20999999999999999000
       -0.15400000000000000000
       -0.39600000000000002000
       -0.42199999999999999000
       -0.03800000000000000000
        0.16600000000000001000
        0.05600000000000000000
       -0.37800000000000000000
        0.39200000000000002000
       -0.07800000000000000000
        0.08599999999999999000
       -0.08000000000000000000
       -0.09800000000000000000
        0.39000000000000001000
       -0.02400000000000000000
        0.17799999999999999000
        0.38800000000000001000
       -0.00400000000000000000
       -0.14399999999999999000
       -0.04800000000000000000
        0.03400000000000000000
        0.05600000000000000000
        0.31400000000000000000
        0.09600000000000000000
        0.18600000000000000000
       -0.32200000000000001000
        0.09200000000000000000
       -0.36799999999999999000
       -0.08799999999999999000
       -0.14599999999999999000
       -0.33400000000000002000
        0.16600000000000001000
        0.34599999999999997000
        0.08799999999999999000
        0.37400000000000000000
       -0.25600000000000001000
       -0.06800000000000000000
       -0.01000000000000000000
        0.29399999999999998000
        0.13000000000000000000
        0.27000000000000002000
       -0.01200000000000000000
        0.16400000000000001000
        0.15400000000000000000
       -0.01400000000000000000
        0.35999999999999999000
        0.11799999999999999000
        0.31600000000000000000
       -0.08799999999999999000
        0.37800000000000000000
        0.13800000000000001000
        0.11799999999999999000
       -0.03200000000000000000
        0.34799999999999998000
       -0.21400000000000000000
        0.10400000000000000000
        0.15200000000000000000
       -0.07800000000000000000
        0.16000000000000000000
       -0.34599999999999997000
       -0.05800000000000000000
       -0.10400000000000000000
       -0.03000000000000000000
       -0.34399999999999997000
        0.20999999999999999000
       -0.35599999999999998000
        0.32200000000000001000
       -0.02400000000000000000
       -0.01200000000000000000
        0.21600000000000000000
        0.11799999999999999000
        0.08200000000000000000
        0.11799999999999999000
        0.05400000000000000000
        0.21199999999999999000
        0.00000000000000000000
        0.09200000000000000000
        0.13800000000000001000
        0.26800000000000002000
       -0.33400000000000002000
        0.22600000000000001000
        0.33600000000000002000
       -0.34999999999999998000
       -0.10800000000000000000
       -0.08799999999999999000
        0.13800000000000001000
        0.29399999999999998000
       -0.25400000000000000000
        0.18200000000000000000
        0.39200000000000002000
        0.07199999999999999000
       -0.29599999999999999000
       -0.00400000000000000000
        0.38800000000000001000
       -0.17999999999999999000
        0.22600000000000001000
       -0.25800000000000001000
        0.11799999999999999000
        0.14799999999999999000
        0.05000000000000000000
        0.07199999999999999000
        0.06800000000000000000
        0.36399999999999999000
       -0.04200000000000000000
       -0.16000000000000000000
       -0.05400000000000000000
        0.07000000000000001000
       -0.14199999999999999000
       -0.00600000000000000000
        0.33200000000000002000
        0.14799999999999999000
        0.36399999999999999000
       -0.10000000000000001000
        0.22800000000000001000
        0.08200000000000000000
        0.17999999999999999000
       -0.05200000000000000000
       -0.28599999999999998000
       -0.04600000000000000000
        0.30599999999999999000
        0.21199999999999999000
        0.27000000000000002000
       -0.34599999999999997000
        0.06600000000000000000
       -0.06400000000000000000
        0.39000000000000001000
        0.02800000000000000000
       -0.18600000000000000000
       -0.25600000000000001000
        0.22200000000000000000
       -0.28000000000000003000
       -0.50000000000000000000
       -0.10000000000000001000
       -0.31000000000000000000
        0.03200000000000000000
       -0.14599999999999999000
       -0.19600000000000001000
        0.20999999999999999000
       -0.05200000000000000000
        0.39200000000000002000
       -0.06800000000000000000
       -0.34000000000000002000
       -0.34999999999999998000
       -0.24399999999999999000
       -0.03000000000000000000
       -0.07400000000000000000
       -0.12200000000000000000
      -21.25905186317746140000        0.51388358780924315000        3.57018194029404734000        9.42600168458148246000       -8.16634159649504454000       -2.89173596952113776000        7.07511927180555134000        2.31566563594746366000       -1.69531346909352787000       -3.51381569928048965000       -2.54159243103986610000       -0.04960582571149402000       -3.40460504307488288000       18.87855119877713150000       -4.08731723542137093000        5.95685726515720670000       -3.78952289599613579000       17.91008836790744850000       -2.39881727095854069000        9.94963112519048565000        4.21167830886109407000       -1.37931569468104676000        5.47862744199699137000      -21.49298211877394850000        6.65408908706205793000       -1.44552908340273945000       -4.55897136032405914000       18.32424836704084110000        6.72908167079303432000        4.04904786527900384000