 8         6        23         1         7
        0.00    0
       1.000000       1.000000       1.000000       0.999000      52.582900      15.010000      58.719000
      -1.000000      -1.000000      -1.000000      -1.000000      11.550200       2.590000       0.292100
       -0.46000000000000002000
       -0.00200000000000000000
        0.35999999999999999000
        0.23799999999999999000
       -0.35799999999999998000
        0.20599999999999999000
       -0.04000000000000000000
       -0.39000000000000001000
        0.29399999999999998000
       -0.05400000000000000000
        0.07400000000000000000
       -0.24399999999999999000
       -0.17999999999999999000
        0.04600000000000000000
       -0.21600000000000000000
        0.15600000000000000000
       -0.05200000000000000000
       -0.03800000000000000000
       -0.22600000000000001000
       -0.22000000000000000000
        0.27000000000000002000
        0.13800000000000001000
        0.25000000000000000000
        0.25200000000000000000
        0.46000000000000002000
        0.07400000000000000000
       -0.20000000000000001000
        0.05600000000000000000
        0.28399999999999997000
       -0.13600000000000001000
       -0.04000000000000000000
       -0.23999999999999999000
       -0.15200000000000000000
       -0.02000000000000000000
       -0.30800000000000000000
       -0.04800000000000000000
        0.33400000000000002000
       -0.27200000000000002000
        0.16800000000000001000
        0.27200000000000002000
       -0.22800000000000001000
        0.03200000000000000000
       -0.38400000000000001000
        0.04000000000000000000
        0.36599999999999999000
        0.04800000000000000000
       -0.14999999999999999000
       -0.37600000000000000000
        0.19400000000000001000
       -0.09800000000000000000
       -0.14599999999999999000
        0.32600000000000001000
       -0.25600000000000001000
       -0.10800000000000000000
        0.00800000000000000000
       -0.15800000000000000000
        0.09600000000000000000
        0.08599999999999999000
       -0.05400000000000000000
       -0.06800000000000000000
       -0.34799999999999998000
        0.28199999999999997000
       -0.36399999999999999000
       -0.25200000000000000000
        0.25400000000000000000
        0.09200000000000000000
       -0.13400000000000001000
       -0.17799999999999999000
       -0.06000000000000000000
       -0.37000000000000000000
        0.12600000000000000000
        0.21800000000000000000
        0.08200000000000000000
        0.08000000000000000000
        0.06600000000000000000
       -0.21400000000000000000
        0.03000000000000000000
       -0.17599999999999999000
       -0.26800000000000002000
       -0.31600000000000000000
       -0.45600000000000002000
       -0.03600000000000000000
        0.35399999999999998000
        0.06200000000000000000
       -0.14599999999999999000
       -0.21400000000000000000
       -0.32000000000000001000
       -0.11000000000000000000
        0.10199999999999999000
       -0.01800000000000000000
        0.04000000000000000000
       -0.37400000000000000000
        0.06000000000000000000
       -0.35399999999999998000
        0.33200000000000002000
        0.29799999999999999000
       -0.23000000000000001000
       -0.07800000000000000000
        0.11400000000000000000
       -0.08799999999999999000
       -0.14399999999999999000
        0.39800000000000002000
        0.19200000000000000000
        0.33600000000000002000
        0.18200000000000000000
        0.01600000000000000000
        0.28399999999999997000
        0.39800000000000002000
       -0.28799999999999998000
       -0.21600000000000000000
        0.16600000000000001000
       -0.08599999999999999000
       -0.23599999999999999000
        0.09400000000000000000
       -0.33800000000000002000
       -0.36599999999999999000
        0.10400000000000000000
       -0.35799999999999998000
        0.28399999999999997000
       -0.23200000000000001000
       -0.05600000000000000000
       -0.00200000000000000000
        0.30199999999999999000
        0.12000000000000000000
        0.32000000000000001000
       -0.10600000000000000000
        0.04400000000000000000
        0.07199999999999999000
        0.42399999999999999000
        0.07000000000000001000
       -0.01800000000000000000
        0.23999999999999999000
       -0.30399999999999999000
       -0.01200000000000000000
        0.03800000000000000000
       -0.31600000000000000000
       -0.46200000000000002000
        0.08200000000000000000
       -0.15600000000000000000
       -0.36399999999999999000
       -0.27200000000000002000
       -0.20399999999999999000
        0.00400000000000000000
        0.06400000000000000000
       -0.35599999999999998000
        0.04800000000000000000
       -0.32200000000000001000
       -0.35999999999999999000
       -0.18800000000000000000
       -0.05400000000000000000
       -0.25800000000000001000
        0.21600000000000000000
       -0.40799999999999997000
        0.08799999999999999000
        0.05800000000000000000
        0.35799999999999998000
        0.24800000000000000000
        0.02800000000000000000
       -0.32800000000000001000
        0.29799999999999999000
        0.26000000000000001000
       -0.04200000000000000000
        0.12600000000000000000
       -0.00800000000000000000
       -0.32200000000000001000
        0.21800000000000000000
        0.24600000000000000000
        0.28000000000000003000
        0.13600000000000001000
        0.04200000000000000000
       -0.16800000000000001000
       -0.37400000000000000000
       -0.19800000000000001000
       -0.00800000000000000000
        0.20599999999999999000
        0.04000000000000000000
       -0.01800000000000000000
        0.00600000000000000000
        0.21600000000000000000
       -0.14999999999999999000
       -0.29399999999999998000
        0.24800000000000000000
        0.09800000000000000000
        0.12800000000000000000
        2.42778233638091567000        2.44359914532154221000       -1.35936411565843063000        7.75608651460537590000       -0.78075984391223141000        2.56988572789806913000       -0.61605462134494970000       -0.05491362121652633000        9.62403631946633453000        0.48005342348695468000       -2.56666157199499834000       -3.07272965276132704000        0.86039087662707869000        0.20003454403383050000       -4.84817783473956787000       -1.68239325537869400000       -6.11602571371771209000        4.06898392831698619000       -7.48150227461355044000        0.19191745272436336000        5.00732974051379376000        4.12775060921718495000       -2.19599648609974896000       -6.19073253734551621000