 7         6        30         1         7
        0.00    0
       1.000000       1.000000       1.000000       0.998000      52.582900      15.220000      58.719000
      -1.000000      -1.000000      -1.000000      -1.000000      11.550200       1.030000       0.292100
       -0.04000000000000000000
        0.05200000000000000000
        0.37600000000000000000
       -0.27400000000000002000
        0.38400000000000001000
       -0.26800000000000002000
        0.36599999999999999000
        0.32000000000000001000
       -0.38400000000000001000
        0.07800000000000000000
        0.05400000000000000000
        0.05600000000000000000
       -0.32400000000000001000
        0.09800000000000000000
        0.11000000000000000000
       -0.18200000000000000000
        0.31600000000000000000
       -0.02400000000000000000
        0.19000000000000000000
        0.31200000000000000000
        0.02800000000000000000
       -0.05200000000000000000
        0.27800000000000002000
       -0.10400000000000000000
       -0.48799999999999999000
       -0.01000000000000000000
       -0.09800000000000000000
        0.22600000000000001000
       -0.02000000000000000000
        0.19400000000000001000
        0.02000000000000000000
       -0.35599999999999998000
       -0.50000000000000000000
        0.02200000000000000000
       -0.23200000000000001000
        0.05400000000000000000
       -0.26400000000000001000
       -0.31000000000000000000
       -0.35399999999999998000
       -0.37400000000000000000
       -0.35999999999999999000
        0.05200000000000000000
       -0.25400000000000000000
       -0.14999999999999999000
       -0.04800000000000000000
       -0.37400000000000000000
        0.19200000000000000000
       -0.30399999999999999000
       -0.35999999999999999000
        0.01800000000000000000
       -0.02000000000000000000
        0.20200000000000001000
       -0.20799999999999999000
        0.16800000000000001000
        0.23599999999999999000
       -0.15600000000000000000
       -0.11000000000000000000
       -0.04800000000000000000
       -0.37600000000000000000
       -0.39400000000000002000
       -0.17399999999999999000
       -0.24800000000000000000
        0.35199999999999998000
        0.10800000000000000000
       -0.13000000000000000000
       -0.01000000000000000000
        0.12400000000000000000
       -0.29799999999999999000
        0.17000000000000001000
        0.22600000000000001000
        0.02600000000000000000
        0.32000000000000001000
       -0.38400000000000001000
        0.04200000000000000000
        0.16600000000000001000
       -0.05200000000000000000
        0.29799999999999999000
        0.24399999999999999000
       -0.18800000000000000000
       -0.27800000000000002000
        0.25600000000000001000
       -0.09200000000000000000
       -0.14399999999999999000
        0.15200000000000000000
       -0.32000000000000001000
        0.10600000000000000000
       -0.05000000000000000000
       -0.39000000000000001000
       -0.41199999999999998000
        0.08400000000000001000
       -0.24800000000000000000
       -0.34999999999999998000
        0.08000000000000000000
       -0.35399999999999998000
        0.21600000000000000000
        0.24600000000000000000
       -0.25600000000000001000
        0.01000000000000000000
        0.35799999999999998000
        0.34000000000000002000
       -0.08200000000000000000
        0.38600000000000001000
        0.24800000000000000000
        0.00400000000000000000
       -0.09000000000000000000
       -0.01400000000000000000
       -0.34599999999999997000
       -0.04200000000000000000
       -0.15200000000000000000
       -0.08400000000000001000
        0.28999999999999998000
       -0.01200000000000000000
        0.09600000000000000000
       -0.04800000000000000000
       -0.11799999999999999000
       -0.39200000000000002000
       -0.37800000000000000000
        0.14000000000000001000
        0.01800000000000000000
       -0.32400000000000001000
       -0.02000000000000000000
       -0.06400000000000000000
        0.38600000000000001000
       -0.05800000000000000000
       -0.21400000000000000000
       -0.22600000000000001000
        0.19000000000000000000
       -0.37200000000000000000
       -0.18200000000000000000
       -0.05600000000000000000
       -0.30399999999999999000
        0.39400000000000002000
        0.21800000000000000000
       -0.11799999999999999000
       -0.03600000000000000000
        0.03800000000000000000
        0.40600000000000003000
       -0.05600000000000000000
       -0.33600000000000002000
       -0.15200000000000000000
        0.34399999999999997000
        0.06600000000000000000
        0.25400000000000000000
       -0.05400000000000000000
        0.11000000000000000000
        0.08000000000000000000
       -0.35799999999999998000
        0.38200000000000001000
        0.17000000000000001000
       -0.28599999999999998000
        0.34599999999999997000
        0.28399999999999997000
       -0.04200000000000000000
       -0.02600000000000000000
       -0.06200000000000000000
       -0.36399999999999999000
       -0.20999999999999999000
        0.29399999999999998000
       -0.24399999999999999000
        0.38800000000000001000
       -0.20599999999999999000
        0.07800000000000000000
        0.07800000000000000000
       -0.14599999999999999000
       -0.27000000000000002000
       -0.11400000000000000000
       -0.26400000000000001000
       -0.05400000000000000000
       -0.50000000000000000000
        0.08799999999999999000
       -0.03800000000000000000
       -0.05200000000000000000
       -0.25200000000000000000
       -0.01600000000000000000
       -0.35199999999999998000
        0.00800000000000000000
        0.26200000000000001000
        0.02600000000000000000
       -0.16800000000000001000
        0.24199999999999999000
        0.08400000000000001000
       -0.26800000000000002000
        0.16000000000000000000
       -0.16200000000000001000
       -0.07400000000000000000
       -0.02200000000000000000
       -0.07199999999999999000
       -0.15600000000000000000
        0.35799999999999998000
        0.02400000000000000000
       -0.28399999999999997000
        0.02200000000000000000
        0.39800000000000002000
       -0.09400000000000000000
       -0.24600000000000000000
        0.27600000000000002000
        0.11600000000000001000
       -0.16600000000000001000
        0.24600000000000000000
       -0.18600000000000000000
        0.10600000000000000000
       -0.09200000000000000000
        0.22600000000000001000
        0.15600000000000000000
        0.22600000000000001000
        0.02000000000000000000
       -0.27400000000000002000
       -0.04800000000000000000
       -0.46800000000000003000
       -0.05400000000000000000
       -0.14199999999999999000
        0.12800000000000000000
        0.33800000000000002000
        0.16000000000000000000
        0.38800000000000001000
       -0.29399999999999998000
       -0.19000000000000000000
        0.04600000000000000000
        0.19200000000000000000
       -0.35999999999999999000
        0.36799999999999999000
       -0.35399999999999998000
       -0.22000000000000000000
        0.18600000000000000000
        0.36799999999999999000
       -0.05600000000000000000
       -0.31600000000000000000
       -0.02600000000000000000
       -0.34200000000000003000
       -0.17599999999999999000
       -0.11799999999999999000
        0.28999999999999998000
       -0.34399999999999997000
        0.00800000000000000000
        0.05000000000000000000
       -0.07600000000000000000
        0.16400000000000001000
       -0.01200000000000000000
       -0.14199999999999999000
       -0.28199999999999997000
       -7.72429917902673679000       -0.11994897431703201000       -0.44916699851837594000        0.16306984855223919000        2.06344287941917015000        0.26121295936771655000       -1.75159202853768314000        1.45645963796384481000       -6.10884933691750742000        7.10231034990094745000      -18.59742306675751070000       -5.67128619325251560000        0.68864112809039202000        0.20291590215309335000        4.49274549846388993000        5.74549873723495974000       -1.80561033871427390000        2.79379893417957037000       -1.60513633226613806000       -1.29309089079276052000       -5.68431906651573726000       -4.28111721483201801000        7.18029909103457520000        2.90762819831338781000       -5.78372604558515224000       -2.22608844586817201000       -0.29353091161809119000        0.74447213269250367000        3.04002960474172124000      -18.01494376544618700000       -5.81122641760534453000