0 1 -0.469 -0.883 49.6838 12.37
0 1 -0.485 -0.875 48.6954 12.32
0.259 0.966 -0.5 -0.866 47.707 12.27
0.259 0.966 -0.574 -0.819 45.49115 12.225
0.5 0.866 -0.643 -0.766 43.2753 12.18
0.5 0.866 -0.719 -0.695 39.6239 11.895
0.707 0.707 -0.788 -0.616 35.9725 11.61
0.707 0.707 -0.799 -0.602 32.3733 11.32
0.866 0.5 -0.809 -0.588 28.7741 11.03
0.866 0.5 -0.788 -0.616 25.9062 10.68
0.966 0.259 -0.766 -0.643 23.0383 10.33
0.966 0.259 -0.799 -0.602 19.6492 9.965
1 0 -0.829 -0.559 16.2601 9.60
1 0 -0.883 -0.47 14.36435 9.595
0.966 -0.259 -0.927 -0.375 12.4686 9.59
0.966 -0.259 -0.97 -0.242 12.45215 9.795
0.866 -0.5 -0.995 -0.105 12.4357 10.00
0.866 -0.5 -0.999 -0.035 14.07225 10.43
0.707 -0.707 -0.999 0.035 15.7088 10.86
0.707 -0.707 -0.99 0.139 16.5245 10.855
0.5 -0.866 -0.97 0.242 17.3402 10.85
0.5 -0.866 -0.988 0.156 17.1298 10.535
0.259 -0.966 -0.998 0.07 16.9194 10.22
0.259 -0.966 -1 0 18.1208 9.865
0 -1 -0.998 -0.07 19.3222 9.51
0 -1 -0.999 -0.035 20.69195 9.315
-0.259 -0.966 -1 0 22.0617 9.12
-0.259 -0.966 -0.999 -0.035 22.41035 9.395
-0.5 -0.866 -0.998 -0.07 22.759 9.67
-0.5 -0.866 -0.995 -0.105 23.7031 10.035
-0.707 -0.707 -0.99 -0.139 24.6472 10.40
-0.707 -0.707 -0.97 -0.242 26.28955 10.235
-0.866 -0.5 -0.94 -0.342 27.9319 10.07
-0.866 -0.5 -0.883 -0.47 29.20805 9.88
-0.966 -0.259 -0.809 -0.588 30.4842 9.69
-0.966 -0.259 -0.682 -0.731 31.50665 10.065
-1 0 -0.53 -0.848 32.5291 10.44
-1 0 -0.454 -0.891 34.1063 11.05
-0.966 0.259 -0.375 -0.927 35.6835 11.66
-0.966 0.259 -0.325 -0.946 37.9159 12.18
-0.866 0.5 -0.276 -0.961 40.1483 12.70
-0.866 0.5 -0.208 -0.978 43.34275 12.965
-0.707 0.707 -0.139 -0.99 46.5372 13.23
-0.707 0.707 -0.07 -0.998 48.1606 13.35
-0.5 0.866 0 -1 49.784 13.47
-0.5 0.866 -0.017 -1 50.22935 13.395
-0.259 0.966 -0.035 -0.999 50.6747 13.32
