0 1 -0.469 -0.883 49.6838 12.84
0 1 -0.485 -0.875 48.6954 12.49
0.259 0.966 -0.5 -0.866 47.707 12.14
0.259 0.966 -0.574 -0.819 45.49115 11.905
0.5 0.866 -0.643 -0.766 43.2753 11.67
0.5 0.866 -0.719 -0.695 39.6239 11.465
0.707 0.707 -0.788 -0.616 35.9725 11.26
0.707 0.707 -0.799 -0.602 32.3733 10.925
0.866 0.5 -0.809 -0.588 28.7741 10.59
0.866 0.5 -0.788 -0.616 25.9062 10.185
0.966 0.259 -0.766 -0.643 23.0383 9.78
0.966 0.259 -0.799 -0.602 19.6492 9.36
1 0 -0.829 -0.559 16.2601 8.94
1 0 -0.883 -0.47 14.36435 8.21
0.966 -0.259 -0.927 -0.375 12.4686 7.48
0.966 -0.259 -0.97 -0.242 12.45215 6.935
0.866 -0.5 -0.995 -0.105 12.4357 6.39
0.866 -0.5 -0.999 -0.035 14.07225 6.285
0.707 -0.707 -0.999 0.035 15.7088 6.18
0.707 -0.707 -0.99 0.139 16.5245 6.46
0.5 -0.866 -0.97 0.242 17.3402 6.74
0.5 -0.866 -0.988 0.156 17.1298 7.165
0.259 -0.966 -0.998 0.07 16.9194 7.59
0.259 -0.966 -1 0 18.1208 8.375
0 -1 -0.998 -0.07 19.3222 9.16
0 -1 -0.999 -0.035 20.69195 9.425
-0.259 -0.966 -1 0 22.0617 9.69
-0.259 -0.966 -0.999 -0.035 22.41035 9.32
-0.5 -0.866 -0.998 -0.07 22.759 8.95
-0.5 -0.866 -0.995 -0.105 23.7031 8.91
-0.707 -0.707 -0.99 -0.139 24.6472 8.87
-0.707 -0.707 -0.97 -0.242 26.28955 9.04
-0.866 -0.5 -0.94 -0.342 27.9319 9.21
-0.866 -0.5 -0.883 -0.47 29.20805 9.325
-0.966 -0.259 -0.809 -0.588 30.4842 9.44
-0.966 -0.259 -0.682 -0.731 31.50665 9.455
-1 0 -0.53 -0.848 32.5291 9.47
-1 0 -0.454 -0.891 34.1063 9.595
-0.966 0.259 -0.375 -0.927 35.6835 9.72
-0.966 0.259 -0.325 -0.946 37.9159 10.01
-0.866 0.5 -0.276 -0.961 40.1483 10.30
-0.866 0.5 -0.208 -0.978 43.34275 10.62
-0.707 0.707 -0.139 -0.99 46.5372 10.94
-0.707 0.707 -0.07 -0.998 48.1606 11.215
-0.5 0.866 0 -1 49.784 11.49
-0.5 0.866 -0.017 -1 50.22935 11.715
-0.259 0.966 -0.035 -0.999 50.6747 11.94
