0 1 0.616 -0.788 39.9818 8.54
0 1 0.574 -0.819 37.24065 8.645
0.259 0.966 0.53 -0.848 34.4995 8.75
0.259 0.966 0.53 -0.848 27.7739 9.015
0.5 0.866 0.53 -0.848 21.0483 9.28
0.5 0.866 0.53 -0.848 20.027 8.975
0.707 0.707 0.53 -0.848 19.0057 8.67
0.707 0.707 0.47 -0.883 23.70805 8.47
0.866 0.5 0.407 -0.914 28.4104 8.27
0.866 0.5 0.358 -0.934 23.93475 8.57
0.966 0.259 0.309 -0.951 19.4591 8.87
0.966 0.259 0.242 -0.97 30.17785 8.92
1 0 0.174 -0.985 40.8966 8.97
1 0 0.122 -0.993 28.9064 8.605
0.966 -0.259 0.07 -0.998 16.9162 8.24
0.966 -0.259 -0.017 -1 19.10465 8.035
0.866 -0.5 -0.104 -0.995 21.2931 7.83
0.866 -0.5 -0.156 -0.988 23.21705 7.845
0.707 -0.707 -0.208 -0.978 25.141 7.86
0.707 -0.707 -0.225 -0.974 31.5132 8.055
0.5 -0.866 -0.242 -0.97 37.8854 8.25
0.5 -0.866 -0.276 -0.961 30.71405 8.4
0.259 -0.966 -0.309 -0.951 23.5427 8.55
0.259 -0.966 -0.309 -0.951 29.0579 8.425
0 -1 -0.309 -0.951 34.5731 8.30
0 -1 -0.358 -0.934 27.8526 8.26
-0.259 -0.966 -0.407 -0.914 21.1321 8.22
-0.259 -0.966 -0.515 -0.857 20.51485 8.165
-0.5 -0.866 -0.616 -0.788 19.8976 8.11
-0.5 -0.866 -0.602 -0.799 25.3464 8.07
-0.707 -0.707 -0.588 -0.809 30.7952 8.03
-0.707 -0.707 -0.602 -0.799 35.90435 8.015
-0.866 -0.5 -0.616 -0.788 41.0135 8.00
-0.866 -0.5 -0.485 -0.875 35.81055 8.1
-0.966 -0.259 -0.342 -0.94 30.6076 8.20
-0.966 -0.259 -0.259 -0.966 22.89175 8.585
-1 0 -0.174 -0.985 15.1759 8.97
-1 0 -0.122 -0.993 26.2722 9.605
-0.966 0.259 -0.07 -0.998 37.3685 10.24
-0.966 0.259 0.035 -0.999 26.17985 10.47
-0.866 0.5 0.139 -0.99 14.9912 10.70
-0.866 0.5 0.242 -0.97 27.49385 10.74
-0.707 0.707 0.342 -0.94 39.9965 10.78
-0.707 0.707 0.326 -0.945 28.12345 10.89
-0.5 0.866 0.309 -0.951 16.2504 11.00
-0.5 0.866 0.208 -0.978 18.29885 11.02
-0.259 0.966 0.105 -0.995 20.3473 11.04
