0 1 0.616 -0.788 39.9818 6.65
0 1 0.574 -0.819 37.24065 6.7
0.259 0.966 0.53 -0.848 34.4995 6.75
0.259 0.966 0.53 -0.848 27.7739 6.825
0.5 0.866 0.53 -0.848 21.0483 6.90
0.5 0.866 0.53 -0.848 20.027 6.705
0.707 0.707 0.53 -0.848 19.0057 6.51
0.707 0.707 0.47 -0.883 23.70805 6.275
0.866 0.5 0.407 -0.914 28.4104 6.04
0.866 0.5 0.358 -0.934 23.93475 5.85
0.966 0.259 0.309 -0.951 19.4591 5.66
0.966 0.259 0.242 -0.97 30.17785 5.47
1 0 0.174 -0.985 40.8966 5.28
1 0 0.122 -0.993 28.9064 5.25
0.966 -0.259 0.07 -0.998 16.9162 5.22
0.966 -0.259 -0.017 -1 19.10465 5.33
0.866 -0.5 -0.104 -0.995 21.2931 5.44
0.866 -0.5 -0.156 -0.988 23.21705 5.51
0.707 -0.707 -0.208 -0.978 25.141 5.58
0.707 -0.707 -0.225 -0.974 31.5132 5.45
0.5 -0.866 -0.242 -0.97 37.8854 5.32
0.5 -0.866 -0.276 -0.961 30.71405 4.9
0.259 -0.966 -0.309 -0.951 23.5427 4.48
0.259 -0.966 -0.309 -0.951 29.0579 4.095
0 -1 -0.309 -0.951 34.5731 3.71
0 -1 -0.358 -0.934 27.8526 3.27
-0.259 -0.966 -0.407 -0.914 21.1321 2.83
-0.259 -0.966 -0.515 -0.857 20.51485 2.195
-0.5 -0.866 -0.616 -0.788 19.8976 1.56
-0.5 -0.866 -0.602 -0.799 25.3464 1.255
-0.707 -0.707 -0.588 -0.809 30.7952 0.95
-0.707 -0.707 -0.602 -0.799 35.90435 1.635
-0.866 -0.5 -0.616 -0.788 41.0135 2.32
-0.866 -0.5 -0.485 -0.875 35.81055 3.13
-0.966 -0.259 -0.342 -0.94 30.6076 3.94
-0.966 -0.259 -0.259 -0.966 22.89175 4.695
-1 0 -0.174 -0.985 15.1759 5.45
-1 0 -0.122 -0.993 26.2722 5.975
-0.966 0.259 -0.07 -0.998 37.3685 6.50
-0.966 0.259 0.035 -0.999 26.17985 6.905
-0.866 0.5 0.139 -0.99 14.9912 7.31
-0.866 0.5 0.242 -0.97 27.49385 7.6
-0.707 0.707 0.342 -0.94 39.9965 7.89
-0.707 0.707 0.326 -0.945 28.12345 7.99
-0.5 0.866 0.309 -0.951 16.2504 8.09
-0.5 0.866 0.208 -0.978 18.29885 7.93
-0.259 0.966 0.105 -0.995 20.3473 7.77
