0 1 0.616 -0.788 39.9818 7.44
0 1 0.574 -0.819 37.24065 7.385
0.259 0.966 0.53 -0.848 34.4995 7.33
0.259 0.966 0.53 -0.848 27.7739 7.995
0.5 0.866 0.53 -0.848 21.0483 8.66
0.5 0.866 0.53 -0.848 20.027 8.94
0.707 0.707 0.53 -0.848 19.0057 9.22
0.707 0.707 0.47 -0.883 23.70805 9.46
0.866 0.5 0.407 -0.914 28.4104 9.70
0.866 0.5 0.358 -0.934 23.93475 9.65
0.966 0.259 0.309 -0.951 19.4591 9.60
0.966 0.259 0.242 -0.97 30.17785 9.61
1 0 0.174 -0.985 40.8966 9.62
1 0 0.122 -0.993 28.9064 9.41
0.966 -0.259 0.07 -0.998 16.9162 9.20
0.966 -0.259 -0.017 -1 19.10465 8.955
0.866 -0.5 -0.104 -0.995 21.2931 8.71
0.866 -0.5 -0.156 -0.988 23.21705 8.68
0.707 -0.707 -0.208 -0.978 25.141 8.65
0.707 -0.707 -0.225 -0.974 31.5132 8.56
0.5 -0.866 -0.242 -0.97 37.8854 8.47
0.5 -0.866 -0.276 -0.961 30.71405 8.305
0.259 -0.966 -0.309 -0.951 23.5427 8.14
0.259 -0.966 -0.309 -0.951 29.0579 7.775
0 -1 -0.309 -0.951 34.5731 7.41
0 -1 -0.358 -0.934 27.8526 6.99
-0.259 -0.966 -0.407 -0.914 21.1321 6.57
-0.259 -0.966 -0.515 -0.857 20.51485 5.825
-0.5 -0.866 -0.616 -0.788 19.8976 5.08
-0.5 -0.866 -0.602 -0.799 25.3464 5.29
-0.707 -0.707 -0.588 -0.809 30.7952 5.50
-0.707 -0.707 -0.602 -0.799 35.90435 5.95
-0.866 -0.5 -0.616 -0.788 41.0135 6.40
-0.866 -0.5 -0.485 -0.875 35.81055 6.95
-0.966 -0.259 -0.342 -0.94 30.6076 7.50
-0.966 -0.259 -0.259 -0.966 22.89175 7.795
-1 0 -0.174 -0.985 15.1759 8.09
-1 0 -0.122 -0.993 26.2722 7.99
-0.966 0.259 -0.07 -0.998 37.3685 7.89
-0.966 0.259 0.035 -0.999 26.17985 8.46
-0.866 0.5 0.139 -0.99 14.9912 9.03
-0.866 0.5 0.242 -0.97 27.49385 9.62
-0.707 0.707 0.342 -0.94 39.9965 10.21
-0.707 0.707 0.326 -0.945 28.12345 9.675
-0.5 0.866 0.309 -0.951 16.2504 9.14
-0.5 0.866 0.208 -0.978 18.29885 8.825
-0.259 0.966 0.105 -0.995 20.3473 8.51
