 6         8        29        48        56
        0.00    0
       1.040550       1.040550      32.267550      32.753700      32.621400      32.645550      32.645550      32.645550      31.622850      31.622850      31.622850      31.622850      31.622850      31.622850      31.622850      31.622850      31.622850      31.622850      31.622850      31.622850      31.622850      31.622850      31.622850      31.622850      31.622850      31.622850      31.622850      31.622850      31.622850      31.622850      31.622850      31.622850      31.622850      31.622850      31.622850      31.622850      31.622850      31.622850      31.622850      31.622850      31.622850      31.622850      31.622850      31.622850      31.622850      32.328450      32.217150      31.622850      31.622850      32.620350      32.217150      32.746350      32.746350      32.746350      32.746350      32.746350
      -0.403200      -0.396800       0.151200       0.151200       0.151200       0.151200       0.151200       0.151200       0.151200       0.151200       0.151200       0.151200       0.151200       0.151200       0.151200       0.160800       0.160800       0.160800       0.160800       0.218400       0.218400       0.218400       0.218400       0.218400       0.218400       0.218400       0.218400       0.218400       0.218400       0.218400       0.218400       0.218400       0.160800       0.160800       0.160800       0.160800       0.160800       0.160800       0.160800       0.160800       0.160800       0.160800       0.160800       0.160800       0.160800       0.160800       0.160800       0.160800       0.160800       0.160800       0.160800       0.160800       0.160800       0.160800       0.116000       0.116000
        0.08400000000000001000
       -0.08799999999999999000
       -0.26200000000000001000
        0.10600000000000000000
        0.34399999999999997000
       -0.00400000000000000000
       -0.02800000000000000000
       -0.33000000000000002000
        0.02200000000000000000
       -0.38400000000000001000
       -0.15800000000000000000
       -0.00800000000000000000
       -0.35999999999999999000
       -0.34399999999999997000
        0.36599999999999999000
       -0.14999999999999999000
        0.25400000000000000000
        0.26400000000000001000
        0.33600000000000002000
        0.25400000000000000000
       -0.29599999999999999000
       -0.05800000000000000000
        0.25600000000000001000
        0.29999999999999999000
       -0.20599999999999999000
        0.29799999999999999000
       -0.35999999999999999000
        0.14399999999999999000
        0.16800000000000001000
       -0.01000000000000000000
        0.30199999999999999000
       -0.08599999999999999000
       -0.32000000000000001000
        0.12000000000000000000
       -0.15600000000000000000
       -0.19600000000000001000
       -0.16000000000000000000
       -0.30800000000000000000
        0.17199999999999999000
        0.07000000000000001000
        0.39800000000000002000
       -0.04200000000000000000
       -0.22600000000000001000
        0.09200000000000000000
       -0.11000000000000000000
       -0.29799999999999999000
       -0.20399999999999999000
        0.02200000000000000000
        0.10000000000000001000
        0.29999999999999999000
        0.37600000000000000000
        0.03200000000000000000
        0.17999999999999999000
       -0.13200000000000001000
        0.25800000000000001000
        0.24399999999999999000
        0.06000000000000000000
        0.04600000000000000000
        0.05600000000000000000
       -0.09000000000000000000
       -0.47999999999999998000
       -0.07400000000000000000
        0.05000000000000000000
        0.24399999999999999000
        0.18200000000000000000
        0.01800000000000000000
        0.01600000000000000000
       -0.02200000000000000000
        0.07800000000000000000
       -0.33200000000000002000
       -0.23599999999999999000
       -0.02400000000000000000
        0.16800000000000001000
        0.17999999999999999000
        0.11799999999999999000
       -0.25800000000000001000
       -0.38200000000000001000
       -0.12800000000000000000
       -0.03200000000000000000
       -0.28000000000000003000
       -0.19000000000000000000
       -0.00600000000000000000
       -0.06800000000000000000
        0.03600000000000000000
       -0.32200000000000001000
        0.28599999999999998000
        0.04400000000000000000
       -0.30199999999999999000
        0.03000000000000000000
        0.23200000000000001000
        0.23999999999999999000
        0.08599999999999999000
       -0.00800000000000000000
       -0.04200000000000000000
       -0.40000000000000002000
        0.09200000000000000000
       -0.17399999999999999000
        0.11000000000000000000
        0.35999999999999999000
        0.26200000000000001000
        0.39000000000000001000
        0.02200000000000000000
        0.03400000000000000000
       -0.00400000000000000000
        0.00600000000000000000
        0.31200000000000000000
        0.26000000000000001000
       -0.38000000000000000000
        0.20200000000000001000
       -0.22400000000000000000
        0.04200000000000000000
        0.04600000000000000000
       -0.39600000000000002000
       -0.26200000000000001000
        0.14199999999999999000
       -0.35799999999999998000
        0.06400000000000000000
        0.37200000000000000000
       -0.13200000000000001000
       -0.17599999999999999000
        0.24199999999999999000
       -0.00400000000000000000
        0.01000000000000000000
        0.37600000000000000000
        0.23400000000000001000
        0.13200000000000001000
        0.14399999999999999000
       -0.22200000000000000000
        0.17799999999999999000
        0.11600000000000001000
       -0.25600000000000001000
       -0.01400000000000000000
       -0.29199999999999998000
       -0.10800000000000000000
       -0.20000000000000001000
       -0.16600000000000001000
       -0.03000000000000000000
        0.04000000000000000000
        0.37600000000000000000
       -0.32000000000000001000
        0.17399999999999999000
       -0.05400000000000000000
       -0.25000000000000000000
        0.12800000000000000000
        0.39400000000000002000
       -0.21400000000000000000
       -0.14199999999999999000
       -0.13000000000000000000
       -0.13600000000000001000
       -0.16400000000000001000
        0.23999999999999999000
       -0.09000000000000000000
       -0.05200000000000000000
        0.20799999999999999000
        0.29199999999999998000
       -0.20399999999999999000
        0.39200000000000002000
        0.38600000000000001000
        0.35199999999999998000
       -0.26000000000000001000
       -0.35999999999999999000
        0.08000000000000000000
        0.05000000000000000000
        0.39000000000000001000
       -0.25600000000000001000
       -0.03400000000000000000
       -0.12400000000000000000
       -0.02800000000000000000
       -0.08200000000000000000
        0.14199999999999999000
       -0.19200000000000000000
       -0.01400000000000000000
       -0.16400000000000001000
        0.23599999999999999000
        0.29199999999999998000
       -0.29199999999999998000
        0.14799999999999999000
        0.09200000000000000000
        0.01400000000000000000
       -0.29199999999999998000
       -0.11200000000000000000
        0.08799999999999999000
        0.09400000000000000000
        0.02800000000000000000
        0.00600000000000000000
        0.35199999999999998000
        0.22600000000000001000
        0.05800000000000000000
        0.03000000000000000000
        0.03200000000000000000
        0.37400000000000000000
        0.06800000000000000000
        0.22200000000000000000
       -0.01400000000000000000
        0.07000000000000001000
        0.20799999999999999000
        0.21199999999999999000
       -0.03200000000000000000
       -0.35199999999999998000
       -0.37800000000000000000
        0.27200000000000002000
       -0.01200000000000000000
       -0.33000000000000002000
       -0.29599999999999999000
        0.01000000000000000000
       -0.17599999999999999000
        0.24399999999999999000
       -0.24199999999999999000
        0.11200000000000000000
        0.38400000000000001000
        0.45200000000000001000
        0.05000000000000000000
        0.14999999999999999000
       -0.02600000000000000000
       -0.34000000000000002000
       -0.26600000000000001000
       -0.01000000000000000000
        0.04000000000000000000
       -0.18400000000000000000
        0.27200000000000002000
       -0.21800000000000000000
       -0.01200000000000000000
       -0.11799999999999999000
       -0.06400000000000000000
       -0.39400000000000002000
       -0.29199999999999998000
        0.01200000000000000000
        0.08200000000000000000
        0.01600000000000000000
       -0.08000000000000000000
        0.38800000000000001000
       -0.03600000000000000000
        0.14799999999999999000
       -0.21199999999999999000
        0.05600000000000000000
       -0.10199999999999999000
        0.09600000000000000000
       -0.39200000000000002000
       -0.39400000000000002000
        0.16600000000000001000
        0.05800000000000000000
        0.03800000000000000000
        0.26400000000000001000
       -0.33400000000000002000
       -0.35399999999999998000
        0.28199999999999997000
       -0.00600000000000000000
        0.16400000000000001000
        0.04000000000000000000
       -0.14399999999999999000
       -0.15200000000000000000
       -0.09600000000000000000
       -0.03800000000000000000
        0.18400000000000000000
       -0.39800000000000002000
        0.35399999999999998000
       -0.11799999999999999000
       -0.13400000000000001000
       -0.35799999999999998000
        0.35599999999999998000
        0.46600000000000003000
        0.05000000000000000000
        0.06800000000000000000
       -0.37600000000000000000
        0.30399999999999999000
        0.10000000000000001000
       -0.37400000000000000000
       -0.06400000000000000000
       -0.16400000000000001000
       -0.18600000000000000000
       -0.26400000000000001000
       -0.02800000000000000000
       -0.17999999999999999000
        0.26000000000000001000
        0.29399999999999998000
        0.07600000000000000000
       -0.23000000000000001000
        0.04800000000000000000
        0.00800000000000000000
       -0.21199999999999999000
        0.00400000000000000000
       -0.06400000000000000000
       -0.35999999999999999000
       -0.25800000000000001000
        0.14399999999999999000
       -0.06800000000000000000
       -0.22200000000000000000
       -0.18600000000000000000
       -0.02400000000000000000
       -0.20399999999999999000
       -0.01098988784695282000       -1.78525395677269350000        2.86821191897483141000        2.58298965346012199000       -0.68565932353637782000       -0.73287903140863842000        8.69924915386332565000       -1.33616450377360474000       -7.76185402430297877000        0.84405821289255845000        4.91873759377680653000        3.22163608620656072000       -3.02973752817768149000       -4.22511450724601456000        1.41330717810866657000        0.11080116656110960000        2.95382420474581275000       -4.79360044034740884000        5.65797700450799290000       -2.87517971199984723000        5.47357064824744466000        1.54571298693855863000        1.80800595822813315000        0.07410121865363956000       -1.11425339642940702000        0.63079555277221577000       -0.60311966978676457000        0.46676858965675422000        1.25490230698362115000        0.03087498361011220000        0.61743048291960145000       -1.74593080652916588000        1.61433252792726178000        3.77623713442448317000       -2.05219025344806427000       -3.40697694818579278000        6.46265523298618039000       -0.87158128919191102000       -9.10726844251803236000        2.68471891218824466000        6.40592371020909024000        3.62013506484584235000       -3.78310174955822509000       -6.60993180425718752000       -0.29288014144677615000        0.76733241291699616000        2.09039781370369138000       -5.05609613584565043000        5.05936876716778272000       -2.88565651068905016000        4.78671643174238159000        1.36856590258544752000        1.41853002589963428000        0.59762448783409861000       -0.73327242807667092000        0.32071038910348931000       -1.33019110175626465000        3.30551731039404428000        1.14363721512410343000       -1.17687347903465622000        0.86171879204631108000       -1.47784854872827576000       -0.25729450536908838000        4.08774894360941143000       -2.66672290338938867000       -5.54595775305740624000        3.17358441180739792000       -0.18027854197514490000       -9.02462297913288403000        4.27380304724310811000        6.76119718650544144000        2.90181894162831977000       -4.04447336494253218000       -7.63698475858012582000       -1.45873155688932332000        1.39191938570588980000        0.99473912784300222000       -4.54576108166479642000        3.97292499292208667000       -2.47730057793102354000        3.57493882697608445000        0.84603553144247934000        0.64783011982731586000        1.53045094432280360000        0.53093765741821786000       -0.10017757922378415000       -2.56067402209158201000        6.63148876193919090000        1.17862902065545772000       -2.02672438913705522000        2.78479613114006996000       -1.03505341634954662000       -2.46322550468819923000        4.03146749074202226000       -2.55085754913909657000       -6.89584526652357344000       -1.06641372915860133000        0.45342507675607091000       -7.08908113528913919000        4.81473018217556348000        5.13591491849655668000        1.76039561043740167000       -3.48217872732500888000       -8.75269609561212292000       -3.64809037925770641000        1.75960871657574192000        0.36553861882615002000       -3.25954188749122009000        3.15027958498745786000       -2.03583295103380202000        2.16772696357146666000        0.57993012183574599000        0.57528375569722645000        1.91128727181252311000        2.51691390399662884000       -1.32551243750969894000       -3.19762266908241521000        9.61657736756192705000        0.92670660545324002000       -2.47574938580762938000        3.58752890479555342000       -0.68635843034772748000       -3.49293979884359151000        3.20002434100900102000       -1.70231121475657221000       -7.45315426762069055000       -5.82203601512444457000        0.80247386109646779000       -4.36001290119892992000        4.02849531158151475000        4.37782752950210341000        0.90159402035626124000       -2.47441500962586503000       -9.88115424959498334000       -4.59374279587919609000        1.97892765311502794000       -0.17827612132177612000       -1.77556254420060244000        2.38858044949023585000       -2.08396000393613878000        0.67375497550355412000        0.33209921694803979000        1.72608044440835484000        1.95062284643180761000        4.47136141306692103000       -2.79204828739650690000       -3.41290797006732793000       12.21457077144734526000        0.98993022547616660000       -2.97494785854187871000        5.33926694572809257000       -0.12062782976741661000       -4.64892155336643675000        1.81044532124793145000       -0.72526163730968163000       -7.95819768789955528000       -8.94931198828433949000        1.30008528916549637000       -1.80116850541033258000        3.24383491960338022000        2.15230890747447390000       -0.11154351209358886000       -1.47817818088427488000       -9.29788509528029294000       -6.95639971204665208000        2.11923406503471456000       -1.00762368788766055000        0.05032671064636231000       -0.45155061572101207000       -1.61863623915065680000       -0.82548532529294361000       -1.05581648423597141000        0.73049738473453119000        1.82441247492404024000        5.91994623728085845000       -2.77446927452949144000       -3.88995054599112500000       12.23847574179154130000        0.77202221350289479000       -2.17347341530834148000        5.88076042933816012000        0.38027359517976794000       -5.47073286944661952000        1.33553447392334501000       -0.75122121343607318000       -8.40012153770655345000      -12.22086026772375256000        1.56338281403013157000       -0.21699205892016551000        2.69951669757714896000        0.63141553119448335000       -0.99913814594307970000       -0.38949025392439035000       -8.01285013417805025000       -8.13546246532729889000        1.63476723748958874000       -1.45710301795040653000        2.36184608691203701000       -1.74904719504349226000       -1.12634161117661202000       -2.27362645070522706000       -1.46566653221503351000       -0.49201226360719741000        1.32752502953555496000        6.57571210304276388000       -2.77323817593960253000       -3.46741059921981831000       11.60344836004626678000        0.53550635169085681000       -2.05224705001527408000        5.34184526674104099000        0.86896955949400945000       -5.10283002879388370000       -0.36541019613863979000        0.11324736804069205000       -7.26913417525693717000      -14.62145722675335691000        2.12817566827620785000        2.79588658601693396000        1.67850337581378017000        0.00378532199496105000       -1.37788571482516176000        1.05592781034029626000       -6.50906967598460184000       -7.39324688987596712000        1.12985252591814556000       -2.06471118179756274000        5.54529791574373299000       -3.15774100402644464000       -1.04431177843810730000       -3.16110819606493010000       -1.32709242220107937000       -0.86697018064434805000        0.55138389634994767000        7.44396478557360819000       -2.43224263766032545000       -2.49622619428282189000        9.96256383733497231000        0.39537738423321134000       -2.18967269675934384000        3.77616749531553531000        1.27697595651707330000       -3.82962287106988608000       -1.19310180938860011000        0.46809986627958061000       -6.55003996475332961000      -15.93618293960205890000        2.63164183559089748000        4.32770309719314206000        0.49883432301559338000        0.43295291747765374000       -1.54860945361116098000        1.97372487389133644000       -5.10482268812247231000       -5.77729089590654699000        0.84884248394024731000       -2.83845017421893164000        7.78848802317321187000       -3.00898884972409686000       -1.19305951433871660000       -3.56708989675020005000       -0.73965397266871402000       -0.79201506702754165000       -0.03975655385637096000        7.27753107551678724000       -1.84395524102698682000       -1.15193954616244953000        7.93608621151440552000        0.54620823364052762000       -2.59234403552909676000        3.13991282744426270000        1.62001728529244415000       -2.10375600336121193000       -1.00836154435581027000       -0.06983326549931927000       -5.11311920817362697000      -15.71385187657325488000        3.25554907827573192000        3.79641100457591074000       -0.43298905651363179000        0.25988184576095186000       -1.66186402741234285000        2.46903841382896960000       -3.30619669714153375000       -5.27888140182397336000        0.80735009350289855000       -3.82813496872499392000        8.76696008593079412000       -1.75466878423073736000       -1.43403586463235966000       -3.26739270770150192000        0.15675146735736281000       -0.29229180848927028000       -0.46595893031107283000        5.64655944099308282000       -0.14852914477501586000        0.49832963863510848000        5.32633780190441986000        0.62789533294561328000       -2.79574652834750426000        1.39631722389903312000        1.73908274423983400000       -1.47623009000829231000       -1.92821420244559083000        0.26415899496836970000       -2.53868614959574357000      -14.67079936919463989000        3.45856543057640176000        3.17997123808032978000       -1.25767283097537241000        0.49785711882693179000       -2.27749323500666856000        3.21050664740753655000       -0.28607276670936249000       -3.05203340368679488000        0.59672188832480844000       -4.21938608738191423000        8.74648715967545343000       -1.33130295062727266000       -1.66832781248091266000       -3.12340361187424520000        0.30276402644733602000        0.51422255824862950000       -0.45926795226792488000        4.18001685504175224000        1.69063020982916612000        1.58227685083067127000        2.99540762121410609000        0.34927219150860683000       -3.06999311192088520000        1.31628514783892925000        1.52514152994266405000       -0.65146419430844948000       -2.72023192982465023000        1.30767336282295732000       -0.95683641999373459000      -12.77223355357546097000        2.87253843656597807000        3.28077477502289971000       -2.50336663990862274000       -0.63083009508670074000       -2.45363047601765505000        3.63642990541079891000        1.84634248123930922000       -2.61084029159493314000        0.24506662456187200000       -4.40653041060199513000        8.41781766356345251000       -1.33027258324928588000       -1.74305937259111476000       -3.21480910087160998000       -0.29601362954137495000        0.52867633784821288000       -0.68847946297737961000        2.83366113148022247000        2.68201656923367127000        2.49514497178109984000       -0.14545125843939063000        0.10391834462423345000       -2.38763577272624294000        1.04700366024699121000        1.12156794277686656000        0.74339329034741752000       -3.17997549815570224000        2.41765620140417337000        0.23761552072508021000      -10.44016939245118003000        2.05354129659730944000        3.37448868381374867000       -3.64373586922969350000       -1.52217583405780110000       -2.28462567473901679000        3.53878527263891440000        3.39688103306661215000       -1.99309904384067216000       -0.12098374718730921000       -4.36862145982592054000        7.86920475643665807000       -0.61930687021017783000       -1.79583732007268382000       -3.25301167080419251000       -1.00658727712811791000        0.58295924555846901000       -0.61691879977322206000        1.28135040784759102000        2.90744930906883114000        3.06786824752859166000       -3.28744662977089108000        0.22614129479234318000       -1.50219338863267327000       -0.67731149963024173000        0.82832290699927114000        2.59577645948199098000       -4.68783820270100726000        4.04892453121167151000        1.79049096559827903000       -7.12582135398249239000        1.65671208303886663000        5.57418734208653710000       -4.85506888284911131000       -2.10269344862362484000       -1.94786592455497365000        2.96662891275999963000        5.18159807399782668000        0.68672912008045817000       -0.17501190790914511000       -4.13654125224586355000        7.50275889843495225000       -0.64164740567419920000       -1.43151520173024305000       -2.75037228239559184000       -1.69054374134180874000        0.14342346335016978000       -0.73691811391617990000        0.25682392278585858000        2.78352127702850671000        3.33820561207082500000       -6.58274752054885504000        0.50155408545959057000       -0.12557070787798064000       -0.84559503412856607000        0.47208125272916229000        3.66695554818443714000       -6.00355175825981924000        5.76572200966417991000        2.65432414065562083000       -3.52712032735579761000        0.98659640250252401000        6.82475853270419730000       -5.49000834920581760000       -3.38346419320502401000       -2.11573625754597394000        1.61978027735702423000        6.83899484527956769000        1.86437763623972197000       -0.04405826592566173000       -3.54013376939817226000        6.60958678547717504000       -1.06022867575028346000       -0.78659936397986563000       -2.26922530677601086000       -2.63106682270815417000       -1.43530177393804492000       -0.68082437671488183000       -0.77663960674581634000        2.66063908070234545000        2.88373123306813328000       -9.76224154068892958000        0.84983920453404005000        1.46723857313544026000       -0.63251202422572017000        0.11276678357789466000        4.10666993862585894000       -6.28263948694120966000        6.83886358034691089000        3.44203898857358981000       -1.15355953081224460000       -0.02837494667708272000        8.10976515378488116000       -6.59397750735882671000       -4.43015498607103098000       -2.20850490242849240000        0.66777044127574670000        7.30304474457412844000        3.06341116078335451000       -0.36010478730445222000       -1.60186840062218105000        4.96928106599498154000        0.45644383939901856000       -0.32603477279675114000       -1.52529085984279833000       -1.87436343055308674000       -1.59545122225323799000       -1.57840282253421726000       -1.25018241004622799000        0.85428366585976179000        3.39237019785684613000      -10.74499954012213365000        0.88232113924063327000        2.29303558813068786000        0.20507265864903379000       -0.33730685052287773000        4.60764870794558590000       -5.97352018157937703000        7.86329610734138473000        3.90729651109636267000        0.68698033697673544000       -1.20772162159844476000        7.60659542816222700000       -7.53316360056833645000       -4.15106913548762346000       -1.84240195143464214000       -0.27145696152454135000        6.62432195734445362000        3.21474144224714253000       -0.72995457542848663000        0.32034178521441142000        2.56291174004362343000        2.61446652595388285000       -0.52948566259969043000       -0.96094406412412070000       -0.79582476904858390000       -0.78982325117870478000       -1.99414720225661513000       -1.82288788007412594000       -1.05417997586777568000        3.55815940648785878000      -10.44286231794041520000        1.01660030891671616000        2.34844494036623841000       -0.30226093467471898000       -0.60758197276283354000        3.77722646942324669000       -5.50796513907133090000        8.57822970480607161000        3.38439953899726209000        4.06841382774439175000       -1.94289625248537035000        4.57538734535304048000       -7.47436917723829986000       -2.30687593842735961000       -1.45576599061108025000       -1.73836426666440125000        6.70384587573989421000        3.72908825110635433000       -0.61240883648757016000        1.69678552669625970000       -1.45606672035700435000        3.35616153996862421000       -0.53485980635550934000       -0.44688019320998523000       -0.54414792416842483000       -1.31123673044731626000       -1.74034401887561763000       -2.71854540173054415000       -1.03796201998457094000        2.80310606342127899000       -9.64239160507535154000        0.74432745634575992000        2.15828422856350111000       -2.11863742250910958000       -0.79327811786594893000        3.61257269398369241000       -3.74183043975921104000        7.94233877193999760000        1.25594935892112569000        6.95633270673326276000       -2.47847946352161141000        0.73596301677603559000       -7.12166704365235326000        0.50099602177684410000       -0.76704393066182031000       -3.10585096626643153000        6.05107684926294187000        4.70061125416074521000       -0.51463168421547456000        2.59361157851592194000       -5.12269355612675881000        4.94632793939403470000       -0.66137430967509214000        0.24459904219994982000       -0.13321808434599319000       -1.98041411670181522000       -1.04539180334330473000       -3.26744083841737565000       -1.32750805125144677000        1.83071440797167462000       -8.08053412358230716000        0.96525312663209883000        1.88823129222519692000       -3.91112525148595314000       -0.75813817976069664000        3.27064706432566643000       -1.24069132862296927000        5.33169567319627635000        0.24475374627197743000        8.69288750348533057000       -2.41134703665679595000       -0.32344949096364284000       -5.93959456120408724000        1.17319887075225515000       -0.34661235051346367000       -4.19344651387243506000        4.83710723946998300000        6.09121418806195880000       -0.57657819275373678000        3.84010965975924323000       -6.55746927887202524000        7.24310778461435323000       -0.34728188579758845000        1.47554678687973806000        1.15206191408358105000       -2.03408339023646301000       -0.69963000733427705000       -3.30831520318480621000       -2.76854860834227301000        1.59002574974055433000       -5.86743164428980535000        1.07804717939421235000        2.11860226445066413000       -5.36233012790398167000       -0.71583878529581324000        2.52367825496430509000        0.12161141077080688000        2.94155453788855814000        0.74483622193868304000        9.94094010172511666000       -2.15514360850890530000       -1.11194314797828220000       -4.32748669698584987000        2.90722779286422428000        0.65468098831464594000       -4.38632161480833727000        3.00981717531421378000        7.97862100864811286000       -0.76206123138325199000        5.50163981078175368000       -7.76083854377208038000        7.87062116395925937000       -0.54060273547868076000        2.88228027545511223000        2.12023660508826683000       -0.55672118417245142000       -0.97895459637216464000       -2.74146821506079918000       -3.50717665459744010000        1.92430990073489494000       -3.42314310938959165000        0.36974664322995132000        1.58734660069749056000       -3.88036110484909313000       -0.77790463366555429000        2.20548235547040550000        0.72012433477803572000        2.07223993196096146000        0.68323902043761464000       10.97076756520507601000       -2.10914522126246107000       -3.15315896024309383000       -2.91064824199049577000        4.45525077028108729000        2.09832847445458093000       -3.80094961087254068000       -0.00033314738680326000        6.46144388534397418000       -0.97621161602706175000        6.22192215136525117000       -8.65386888296906065000        7.24264626323908445000       -1.19282252657929555000        3.84537922768949736000        2.33846371371999817000        1.13061130950341959000       -0.96088070228999334000       -1.97667363391607398000       -3.53506416082350405000        1.62766178420823904000       -1.92694520050350393000        0.11410593675411176000        0.85844113467082406000       -1.99011376256123573000       -0.73595855939926680000        1.64072526474864744000        1.80933596326369828000        0.76919050189325000000        0.58810896676000901000       10.94343382364594674000       -1.69756250675441511000       -6.02925826390103126000       -1.12928735244709033000        4.94531461244000514000        2.99191851586894275000       -3.08602181827580191000       -2.37450212143079042000        3.83346220592848219000       -1.07348487286026817000        6.18347306670592367000       -9.21468281045121174000        7.13393750953820138000       -1.46525480376043049000        4.47524835787502351000        2.67714400296396127000        2.45665158006223994000       -0.37369315604604697000       -1.51913885264840443000       -3.00004423014935817000        0.88565545536478940000        0.13383610066683993000        0.20331560527049122000        0.06717805478141606000       -2.37979535391838848000       -0.74922702687212772000        0.85761344316503141000        1.94753994877112402000       -0.14068599988411254000        1.21741845879232691000        9.69395246556871726000       -1.04061281590261312000       -7.01008432605891407000        0.06879425274393826000        6.02360680091230094000        2.91973037539058744000       -2.32222543357341049000       -3.86611290416633269000        3.65769961045252412000       -0.92729873075448854000        6.09198224757001583000       -8.87088133298811776000        6.73002293648659489000       -1.80855959026014657000        5.01052282211572653000        3.03069501160733523000        4.12056594886070915000        0.22954537169722045000       -0.38996286009388709000       -2.93780005143427791000        0.02066897423514650000        3.02715886212803831000        0.59757073071230993000       -0.81127258308765304000       -1.81170649504884818000       -0.65843182606901074000       -0.73534773428953504000        1.71283929756786923000       -0.96815951537709000000        1.72006614613551467000        8.14427353151030609000       -0.27712496739152276000       -7.31103202187641443000        1.47506078493078907000        5.94852602754730420000        2.47357352701848399000       -1.70601384915238352000       -4.93656754230490602000        2.40963539802974802000       -0.49831408427273582000        5.44670835250850693000       -8.27840127693328043000        4.87066317090201384000       -1.78791342478849402000        5.01874751731419000000        2.87551620131020602000        4.76531761547016774000        0.78866400871615805000        0.62395683756890330000       -2.33046297640483369000       -1.10284404340797759000        5.53357847424554983000        0.61039776765765175000       -1.37237124155140244000        0.04818642260940636000       -0.63366382082160677000       -1.60703356534085562000        1.64354258186252489000       -1.83522601079157188000        2.05506702031722588000        5.43793179697968920000        0.12257886911529184000       -6.78492562363286922000        2.21220112141819625000        5.29397621416112063000        2.34755713442349734000       -0.78699128186801681000       -6.85601939871094501000       -0.37041571241512117000       -0.22873233785895683000        4.73791081285841731000       -7.11914853898242228000        2.68559770928549613000       -1.94485799191829756000        4.68973941130463601000        2.54870061966578865000        5.91641790532421563000        0.79666776423346497000        1.49956101408205278000       -2.35613904695215748000       -1.66013354861176365000        7.69183261499710191000        0.58754102273395881000       -1.72910632780448625000        0.18991524873635085000       -0.62640826571076036000       -2.67267324828388730000        0.96115527255440492000       -2.20655483415239528000        1.79745544547612601000        2.65136149795705833000        0.23571819531269661000       -5.78927857052219075000        2.57173242837326921000        6.15731850177912676000        2.35642633424489567000        0.29599087286737025000       -8.67398487029019805000       -1.19089548059172179000       -0.10977731652968625000        4.32291569360530570000       -6.22704746996734482000        0.00103873355016449000       -2.13482426661321378000        3.95034818487198303000        1.81235466029075210000        7.23082518781874484000        0.30710944568626891000        2.44302747469409498000       -2.75281678764778803000       -1.79119594106541524000        9.55799875073800642000        0.31665409556614726000       -2.43278697787108200000        1.29369192245333586000       -0.52185249920511534000       -3.07219543803376371000        0.62062346356129339000       -2.83035672808461669000        1.04580701222752981000       -0.32175415978706751000        0.72273759902897194000       -5.97200567664206883000        4.01639015632689489000        6.08964974664767400000        2.00795421252206108000        0.76991656124085728000       -9.91878024664956293000       -3.17401176198947210000        0.11473739314236374000        2.73060632522856572000       -3.84545407835246378000       -1.94398845331759906000       -2.18499073906308405000        2.93663002557686026000        0.88998989238492698000        7.16629487729657910000        0.81638329058057868000        2.85382471813990124000       -1.94829937398099151000       -2.46666750878385743000       10.20907233024857952000        0.67260786612041457000       -2.96693727104117011000        0.98330155338979741000       -0.33694841596914094000       -3.54095514793513777000        0.94707671667954596000       -3.94066024563601447000       -0.21949264863813261000       -3.97905447856452232000        1.23683621650765452000       -4.79805847792720286000        5.27936063989671567000        5.77986349659999643000        0.89688935366564393000        0.98375044378299592000      -10.51374756786861298000       -3.56272030219785307000        0.03898978709759681000        1.31455778225843778000       -0.31185501355552508000       -1.91558788976621930000       -1.88438683258567563000        1.87342527645279766000        1.18470848898456715000        6.57950382135260714000        0.77148038594474044000        3.59377611446613221000       -2.12725213271285840000       -2.33479945587717230000       11.23920087856290806000        1.29938027336939288000       -3.53031671956985660000        0.19277535260747597000       -0.14897256642207538000       -5.12885841402168730000        0.34926594683436019000       -4.10218262133987910000       -0.81719566809901145000       -7.65751718437571238000        1.58622239375735963000       -2.07478192949110207000        5.73400768357478263000        4.92106451993379146000       -0.74170681278388761000        1.14520818379357614000       -9.86286317678833768000       -3.00076442799457688000        0.02963718523432105000        0.33899610112758838000        2.55302862331491687000       -2.53241833855492793000       -1.27923501566967235000        0.23044397420076304000        1.24999141585394580000        5.78823115487133855000        0.39249528897458258000        4.20838997843061957000       -2.68380068790752224000       -2.16123005793770862000       12.12096412832530668000        1.25479761017597036000       -3.84225213468023741000        0.27947188860571653000        0.13559361550061100000       -6.07029755283559158000        0.38732267957367411000       -4.64134709109736843000       -2.04137054661352169000       -9.91780267251949432000        2.13900628365411238000       -1.87854960077961120000        6.34715820382223139000        4.05231631520808744000       -2.09683263301971623000        0.52560350165750458000       -8.38600384928164466000       -3.88992958902519703000        0.44810895568809683000       -1.46689849779411241000        4.36632036107458443000       -3.43268485562987768000       -0.83455530116556442000       -1.30723295517549398000        0.68065718912868434000        3.76478412454653810000        0.48056401690989609000        3.56261072177847193000       -1.29570278835306274000       -2.23865623339300379000       11.51376325064396333000        0.96723989620718664000       -3.72329344098774984000        0.05636102860613855000        0.47966458270380397000       -6.43190472974395000000        0.57279078554894147000       -5.42765985197376821000       -2.65880346791324751000      -11.86722639054478812000        2.82145676251445021000        0.29400437038993499000        6.50502768887074279000        2.50329290405948335000       -3.09842515285570474000       -0.06545602819783782000       -6.33093083674323864000       -4.13594319850459335000        0.71543044852100124000       -3.03225259773410327000        6.51908385457844819000       -4.10001263788419656000       -0.14865447250512304000       -2.69848227649121020000        0.48400159494114464000        1.53109189363408005000        0.27641482641569531000        2.65968671685452707000       -0.69473041462520946000       -1.77625858961189387000       10.20534472454186492000        0.24909015661880760000       -3.17780281112778251000       -0.94071470791899314000        0.75506519285177620000       -6.08172777466433700000        0.08665527839927829000       -5.13536007925173354000       -3.05885664509707622000      -13.63429917501679078000        3.15624588340657475000        3.07748592151129730000        5.74150609032536785000        1.85760158665270025000       -3.59068076478809450000       -0.26484467188034921000       -4.68667390038894105000       -2.74576586830715685000        0.89702840553420027000       -4.24520438858184690000        8.51527765656270574000       -4.88928716976726996000        0.06050660276517085000       -3.93381376797569926000        0.24718805937597241000        0.01558751552485218000       -0.02457852832414974000        2.50910964801718794000       -0.54110725976596163000       -1.06893853515299098000        8.68117766665281465000       -0.66786137376309562000       -2.98076476251957967000        0.45762550145809849000        0.96764489182100621000       -4.76116607508469247000       -0.48627265275686193000       -4.23247541287555329000       -3.02034637490851132000      -13.93180256174490062000        3.14864007851405114000        3.95656826871051281000        4.54041883616566722000        0.66509993459475980000       -3.56290905478760234000       -0.10345838526179345000       -3.13802708465322100000       -3.65418682695331620000        0.96327865132517365000       -5.41457783533522363000        9.96947220787252064000       -6.48270703354174760000       -0.13477028769374855000       -4.53435694722379434000       -0.66877921426264331000       -1.52510112342635207000       -0.58523898278705000000        2.08016651374574701000        1.07160469183609020000       -0.10867100090064598000        5.25265491851231392000       -1.68318169285347152000       -2.42848396730543481000        1.42861554232729637000        1.25124928238837407000       -3.89729214539676594000       -1.36658684914199613000       -2.70853066195373815000       -3.01675661758911318000      -14.19345419957181420000        2.91825647392043841000        6.16345516619121092000        2.74408383144403834000       -0.70641739905870449000       -3.62340596345937760000        0.12460597524466610000       -1.50725015848694022000       -3.79138969078868504000        1.21822587683401906000       -5.92416378033482616000       10.19538267106800511000       -8.05231548460900370000        0.01793835431100496000       -5.35530101737605246000       -1.63756821987628864000       -2.71719167014917495000       -0.67505047685115638000        2.10241045906634971000        1.34045944721888111000        0.26231333020678144000        2.94501641348356280000       -2.80226147054725017000       -1.67877208598926719000        2.10867630156835828000        1.47758471901010147000       -2.69665962144879856000       -1.85988890119155625000       -1.54159514649868723000       -2.51559106359568929000      -14.58817123090111778000        2.40351700040826222000        9.82546737749619758000        0.44718893111324909000       -4.07679704305906920000       -3.95996628938404882000        0.45634606162727848000        0.61351808054646462000       -3.54556328781726382000        1.12716674930651162000       -5.75173412024250297000       10.51217313207662052000       -7.98208340411584238000        0.81028453444611515000       -6.07584364031457547000       -1.76598966685472658000       -3.96514700719248436000       -0.72422732379624333000        2.08053641799132327000        0.05071128257778010000        0.45674962094050292000        1.07539398301993816000       -3.15800958559089962000       -0.10865579806639121000        1.46790561133687159000        1.59473363917394706000       -1.34568700931562879000       -1.89327224116332959000       -1.48926630688367578000       -1.16447737116492456000      -14.07153774966239013000        1.89052926607685579000       11.45380234281948084000       -0.86277116382469909000       -5.96318587225737851000       -4.16454093519978930000        0.83457682262163613000        3.01384126864307200000       -1.88773565807450838000        0.73776631074252497000       -5.00343133253719596000       10.19401584763214075000       -6.82443623671196598000        1.38895644810168850000       -6.10573433732574244000       -1.47180308680539307000       -4.26813882426737123000       -0.55773100307613865000        1.28300175559052865000       -0.74992778037248176000        0.80750297903015433000       -0.54279686536142335000       -3.16730343820141158000        0.85165234433706738000       -0.34006061768880280000        1.48103770119714251000        0.33380117713807567000       -2.57298884592296950000       -0.75209222285261779000        0.28836222763110847000      -10.99563560121923267000        1.26147747246159647000        9.93694569028844832000       -1.93947942376011717000       -4.44480601516683826000       -3.45698521960649519000        1.17491887663070194000        4.37777936132294432000        1.13746991676122677000        0.53354460011343208000       -3.86972509656029073000        8.35651921020146915000       -6.22190921500874783000        0.94773486845200750000       -4.99323300834430395000       -1.97568638882186631000       -3.15539270898942714000       -0.56535656821159064000        0.29238932674874268000        0.25469261711936175000        1.43996441441782985000       -2.95943406343618021000       -3.15982216194466980000        0.96100281421345846000       -0.85292406390872122000        1.20598032440310177000        2.58704618401216413000       -2.47169349924656290000        0.04713919767498349000        0.31810019461232064000       -7.07157663945843762000        0.41956661769380227000        5.75046348470474200000       -2.73633657100025429000       -2.85027886690498233000       -2.49670061713232005000        1.18980323806497257000        5.07424121440253906000        2.06812080682881705000        0.42468822291870517000       -3.32042216037819760000        5.95290368327767272000       -4.74765322059184225000        0.25223569683713759000       -3.85576044942410379000       -2.79434863954230073000       -2.52742241102248411000       -0.01243582418955715000       -1.22525069378732510000        2.01226166765620507000        1.59007576897536196000       -6.00142538437783113000       -2.41659087679218043000        1.26492777443081850000       -2.60590362998253200000        0.95580327897142525000        3.26491189012908301000       -1.01561047252053016000        0.13584636843233366000       -1.54935593498522195000       -3.93413886071095931000       -0.63719650072154543000        1.35376003114882848000       -2.88707765569127917000       -1.11731262525720276000       -2.24595355744165781000        0.96979216302910698000        5.69329478082059470000        4.27547007656492184000        0.06005843810805347000       -2.16315109718478871000        2.85749419425539664000       -0.97256141274828245000        0.06984020634512342000       -3.15271597570093931000       -2.52626546447741251000       -2.47576708585101812000        0.80828654277466805000       -1.81205792918064379000        1.94536785568511417000        1.52073975394965588000       -6.38150444675529993000       -1.61120052900720667000        1.10846599851292860000       -3.83211783660920657000        0.84224130618138615000        3.17381997823418605000       -0.73479001611635242000        0.71084892046224790000       -2.28376003463179300000       -0.24815910967244437000       -1.16630140249567260000       -0.14984494402441614000       -2.76123792153411252000       -0.57645962642004112000       -1.95878438276774514000        0.57162707761740539000        6.17805157112696790000        6.70471573833789147000       -0.08450376365015889000       -0.68724335858262764000        0.34578154737137912000        1.45985800652347275000        0.45355656976335990000       -2.11825050569572060000       -1.89935916352624257000       -2.77327745255490177000        0.81903649550815305000       -1.72025613210582717000        1.52246300366411424000        1.43835365264959947000       -6.70929422532727138000       -1.09687171405758321000        1.38936083653532338000       -4.43038788511492232000        0.58097431640923214000        3.55849042530594639000       -0.59480849074434350000        1.47028247541569601000       -3.24449756885488538000        3.65194097144323981000       -1.69141922931096955000       -3.06983960921035326000       -2.36016850820428692000        1.84408645092621493000       -1.01090116156948007000       -0.34412684731472221000        5.44799234324779480000        7.79054551107016646000       -0.15043153965253703000        0.36964090166913788000       -1.93753171576154548000        3.07047921486034925000        0.16174533248241776000       -0.90209684670084700000       -1.08170560765127566000       -2.94543722201185121000        0.52857215412060665000       -2.10223542861591506000        1.87654840764406838000        1.28635013098720163000       -7.25268624580635368000       -0.31295043706881681000        0.94583088848110608000       -3.22367459867464490000        0.26861291464127507000        3.19759151094156246000       -0.83314972896386374000        2.50814537615384925000       -3.11877994060523012000        7.23351733086298854000       -2.67743265505610983000       -5.13704544592406709000       -2.65165523404226233000        2.96837623599198786000        0.01676815835535748000       -0.60411502038062370000        4.64872701604821970000        7.02821241198751778000       -0.42111693705560121000        2.15348530694922990000       -5.16830518080172130000        3.32408397854585402000        0.08400315315877743000        0.08226991330389420000       -0.48392016834644724000       -2.33047325276734130000       -0.68983508978936547000       -2.80401751673980915000        1.79042143406153742000        1.64805080636442058000       -7.60285940024118290000       -0.31862241187249374000        0.88238473475936396000       -1.16898752829581798000        0.07347599210578680000        2.78113804446007773000       -0.95951401990965468000        3.26298781261598192000       -2.58128608332383802000        9.28006606105616783000       -3.14259415315688528000       -6.91323165515989135000       -2.66890837310891138000        3.35662458174454326000        1.16463978883452324000       -0.36414711835085140000        3.70467661488668343000        4.77417372332904666000       -0.76014924236930081000        3.41577065846267525000       -7.79019369248522064000        3.35801173938122366000       -0.09035356882858994000        0.73460659477193302000       -0.11425772734973134000       -1.38402047720827337000       -0.91385873603812795000       -3.20889995921857540000        1.52802073649243986000        1.21897899543457022000       -6.83284446724183780000       -0.32697779576175462000        0.83017445944918522000        1.12390048518087626000        0.03786495962044958000        2.91967565037139920000        0.99401895508485683000        1.78307973674191755000       -2.79394014544434421000       10.59349143361384193000       -2.98748856426853449000      -10.83146138851037676000       -1.06023765124702973000        3.61690243090494556000        2.51095143702833523000       -0.34708478574741153000        2.19201765139870641000        1.68583782084705636000       -1.21188007375442375000        3.81320341551582365000       -9.20047608738212119000        5.25264079331600087000       -0.35542813558983072000        1.69545842300457039000        0.67190286062390747000       -0.59527063903270239000       -0.22791311302536144000       -4.15067062347504834000        2.05238021495052436000        0.90104284029415638000       -5.87897086962531024000       -0.20550656917735857000        0.34959874040469541000        1.97598893100617512000        0.06120307500286897000        2.49628737776301346000        1.80966139880552923000        1.02152115880645300000       -2.68559117690096905000       11.53577541642320980000       -2.40343150415512330000      -11.01261853560126980000       -0.32779053031604405000        3.83902904008304802000        3.63264234656413798000       -0.41446765859594448000        0.51203131906767207000        0.33023939183968531000       -1.11690595958256456000        4.27614523471586239000      -10.34439286894576426000        5.52157662957166284000       -0.22303525340623881000        2.83278591643817546000        1.57023440809977966000        0.14822963847519269000       -0.41758573073318472000       -4.17983072057819705000        1.40685256667493519000        0.90490071315178877000       -4.04612670154216758000       -0.51352835562321442000        0.02845294999424264000        0.81508516251427843000        0.13785737221226832000        3.14720314985471417000        2.28304508992984889000        0.09961514722126041000       -3.18959997628665226000       12.28142447675618065000       -1.25849231942045892000      -11.01526616683127280000        0.91327543717427040000        5.11416090394225709000        4.48124059589682844000       -1.17699244895352395000       -0.83689529814672603000        0.55910238337326135000       -0.51143912777614697000        3.23970206721100018000       -9.73533759050887859000        5.05046151663170217000       -0.29476838448171122000        4.06269565976913860000        1.85648920151114449000       -0.33057650093808411000        0.23492307141427154000       -3.57225465240686946000        2.12540924216300775000        0.11068115794827517000       -2.53775477472928612000       -0.03571808416819032000       -0.12854493606248954000        0.47286651066070834000        0.05716930481385767000        3.09290272654975995000        3.31014558413853610000       -1.48669957059005564000       -2.89737062274852120000       12.53386319363574586000       -0.30370123931763254000      -12.17550977377296562000        2.16428665911794038000        6.04202355441528471000        4.52654215289471473000       -1.73958024108469100000       -2.24332443894104960000        0.03968428700118340000        0.02283382575913604000        2.42122710405370256000       -8.50592458722664446000        4.98756104737002293000       -0.64732731453931980000        5.63888442418163027000        2.51858957203974576000       -0.00707335942309938000        0.27255195457121806000       -3.37395000639164344000        3.31997838821169777000       -0.00198750195243820000       -1.52145792011204195000        0.39568173943810697000       -0.83594426901576346000