 8         8        30        48        56
        0.00    0
       1.040550       1.040550      32.756850      32.756850      32.756850      32.756850      32.756850      32.756850      32.753700      32.753700      32.621400      32.681250      32.681250      32.681250      32.681250      32.681250      32.681250      32.681250      32.681250      32.681250      32.681250      32.681250      32.681250      32.681250      32.681250      32.681250      32.681250      32.681250      32.681250      32.587800      32.631900      32.472300      32.472300      32.472300      32.378850      32.378850      32.328450      32.328450      32.328450      32.328450      32.328450      32.328450      32.328450      32.328450      32.328450      31.622850      31.622850      32.328450      31.622850      32.328450      31.622850      31.622850      31.622850      31.622850      31.622850      31.622850
      -0.403200      -0.792800       0.160800       0.160800       0.160800       0.160800       0.160800       0.151200       0.151200       0.151200       0.151200       0.151200       0.151200       0.151200       0.151200       0.160800       0.160800       0.160800       0.160800       0.160800       0.160800       0.160800       0.160800       0.160800       0.160800       0.160800       0.160800       0.199200       0.199200       0.199200       0.199200       0.199200       0.160800       0.160800       0.160800       0.160800       0.160800       0.160800       0.160800       0.160800       0.160800       0.160800       0.160800       0.160800       0.160800       0.160800       0.160800       0.216800       0.216800       0.216800       0.216800       0.216800       0.216800       0.216800       0.116000       0.116000
        0.14799999999999999000
       -0.01000000000000000000
        0.18200000000000000000
       -0.17000000000000001000
        0.25800000000000001000
        0.28799999999999998000
       -0.03400000000000000000
        0.38600000000000001000
        0.33400000000000002000
        0.01400000000000000000
       -0.40600000000000003000
       -0.09400000000000000000
       -0.26200000000000001000
        0.20200000000000001000
        0.06400000000000000000
        0.01000000000000000000
       -0.10800000000000000000
        0.16600000000000001000
        0.13200000000000001000
       -0.29399999999999998000
        0.21600000000000000000
       -0.08400000000000001000
        0.04000000000000000000
       -0.27000000000000002000
        0.08400000000000001000
        0.30599999999999999000
        0.04600000000000000000
       -0.02800000000000000000
       -0.09800000000000000000
        0.12400000000000000000
       -0.22200000000000000000
        0.08400000000000001000
        0.24399999999999999000
        0.37400000000000000000
        0.27800000000000002000
        0.00400000000000000000
        0.38600000000000001000
       -0.33400000000000002000
       -0.16600000000000001000
        0.14999999999999999000
        0.21199999999999999000
       -0.08400000000000001000
       -0.32200000000000001000
        0.37600000000000000000
        0.14799999999999999000
        0.34599999999999997000
       -0.05400000000000000000
        0.17399999999999999000
        0.38200000000000001000
       -0.23999999999999999000
        0.20399999999999999000
        0.01400000000000000000
        0.16200000000000001000
       -0.06400000000000000000
       -0.11799999999999999000
       -0.26200000000000001000
        0.24600000000000000000
       -0.10199999999999999000
       -0.34599999999999997000
        0.28799999999999998000
       -0.12200000000000000000
        0.03400000000000000000
        0.27400000000000002000
        0.16600000000000001000
        0.34000000000000002000
        0.03400000000000000000
        0.04600000000000000000
       -0.37400000000000000000
        0.02800000000000000000
        0.05800000000000000000
        0.46600000000000003000
       -0.07800000000000000000
        0.27000000000000002000
        0.31600000000000000000
       -0.14999999999999999000
        0.34399999999999997000
       -0.26800000000000002000
       -0.31400000000000000000
        0.38800000000000001000
       -0.35999999999999999000
       -0.08200000000000000000
        0.05200000000000000000
        0.26400000000000001000
       -0.39400000000000002000
       -0.07000000000000001000
       -0.10800000000000000000
       -0.29199999999999998000
        0.25000000000000000000
        0.24800000000000000000
       -0.29199999999999998000
       -0.12600000000000000000
       -0.02000000000000000000
        0.29999999999999999000
       -0.38400000000000001000
       -0.25400000000000000000
       -0.25400000000000000000
        0.10600000000000000000
        0.14199999999999999000
       -0.22800000000000001000
       -0.37000000000000000000
       -0.27600000000000002000
       -0.01600000000000000000
        0.24800000000000000000
       -0.13800000000000001000
       -0.00400000000000000000
       -0.11600000000000001000
        0.12200000000000000000
        0.27800000000000002000
       -0.29599999999999999000
       -0.22600000000000001000
        0.31000000000000000000
        0.05200000000000000000
        0.27800000000000002000
        0.07600000000000000000
        0.29999999999999999000
        0.38400000000000001000
        0.00200000000000000000
        0.06400000000000000000
       -0.33200000000000002000
       -0.07600000000000000000
       -0.39600000000000002000
       -0.09600000000000000000
        0.09200000000000000000
       -0.28399999999999997000
       -0.36199999999999999000
        0.35599999999999998000
       -0.02200000000000000000
        0.09400000000000000000
       -0.29999999999999999000
        0.20799999999999999000
        0.13000000000000000000
        0.09200000000000000000
       -0.30399999999999999000
       -0.11400000000000000000
       -0.10199999999999999000
       -0.07000000000000001000
        0.38000000000000000000
       -0.18800000000000000000
        0.38200000000000001000
       -0.07199999999999999000
        0.41799999999999998000
       -0.03200000000000000000
       -0.24800000000000000000
        0.11600000000000001000
       -0.39400000000000002000
        0.22200000000000000000
       -0.29399999999999998000
       -0.14599999999999999000
        0.36799999999999999000
       -0.10600000000000000000
        0.09800000000000000000
       -0.04400000000000000000
       -0.18800000000000000000
       -0.17399999999999999000
        0.30800000000000000000
        0.34000000000000002000
        0.31800000000000000000
        0.28399999999999997000
        0.07600000000000000000
        0.23200000000000001000
       -0.31000000000000000000
       -0.08799999999999999000
       -0.34399999999999997000
        0.01200000000000000000
        0.09800000000000000000
        0.20799999999999999000
       -0.08599999999999999000
       -0.02800000000000000000
        0.11000000000000000000
        0.25000000000000000000
       -0.39400000000000002000
       -0.08400000000000001000
        0.15800000000000000000
        0.16200000000000001000
       -0.31400000000000000000
        0.37400000000000000000
       -0.22400000000000000000
       -0.17399999999999999000
       -0.12600000000000000000
       -0.31600000000000000000
       -0.40000000000000002000
        0.03400000000000000000
       -0.18400000000000000000
        0.25600000000000001000
        0.35599999999999998000
        0.03600000000000000000
       -0.22200000000000000000
       -0.13600000000000001000
       -0.18800000000000000000
       -0.16800000000000001000
       -0.36599999999999999000
        0.09800000000000000000
       -0.25600000000000001000
        0.21199999999999999000
       -0.19600000000000001000
        0.12800000000000000000
       -0.03000000000000000000
        0.11400000000000000000
        0.25600000000000001000
        0.08000000000000000000
        0.42199999999999999000
        0.01400000000000000000
        0.24600000000000000000
       -0.32800000000000001000
       -0.02400000000000000000
        0.13000000000000000000
       -0.20200000000000001000
        0.03600000000000000000
       -0.09600000000000000000
        0.38000000000000000000
        0.20200000000000001000
        0.03800000000000000000
        0.04800000000000000000
       -0.33800000000000002000
        0.31800000000000000000
       -0.10600000000000000000
        0.29799999999999999000
        0.26600000000000001000
        0.10000000000000001000
        0.17199999999999999000
        0.30599999999999999000
        0.08599999999999999000
       -0.09800000000000000000
       -0.35599999999999998000
       -0.37000000000000000000
        0.33600000000000002000
       -0.11400000000000000000
        0.10800000000000000000
        0.15600000000000000000
        0.13000000000000000000
        0.30599999999999999000
        0.08799999999999999000
       -0.12000000000000000000
        0.01800000000000000000
        0.24600000000000000000
       -0.06600000000000000000
       -0.35399999999999998000
        0.17999999999999999000
       -0.40000000000000002000
        0.15400000000000000000
        0.46600000000000003000
        0.02200000000000000000
        0.28799999999999998000
        0.17199999999999999000
       -0.14999999999999999000
        0.25000000000000000000
       -0.01200000000000000000
       -0.14199999999999999000
        0.28399999999999997000
        0.05000000000000000000
       -0.45600000000000002000
       -0.06000000000000000000
       -0.39200000000000002000
        0.08599999999999999000
       -0.14599999999999999000
       -0.17199999999999999000
       -0.18200000000000000000
       -0.01800000000000000000
       -0.39800000000000002000
        0.35599999999999998000
        0.20200000000000001000
       -0.07800000000000000000
        0.16200000000000001000
        0.11200000000000000000
        0.01400000000000000000
       -0.38600000000000001000
        0.22200000000000000000
        0.25800000000000001000
       -0.30599999999999999000
        0.02600000000000000000
       -0.04400000000000000000
       -0.05000000000000000000
       -0.37600000000000000000
        0.26400000000000001000
        0.33400000000000002000
       -0.36799999999999999000
        0.12600000000000000000
        0.19200000000000000000
       -0.20799999999999999000
       -0.33400000000000002000
        0.28199999999999997000
        0.00800000000000000000
       -0.09600000000000000000
        0.14999999999999999000
       -0.24199999999999999000
       -0.17999999999999999000
        0.11600000000000001000
        0.03000000000000000000
        0.38400000000000001000
       -0.17599999999999999000
       -0.23200000000000001000
       -0.03000000000000000000
       -0.24399999999999999000
        0.34000000000000002000
       -0.34399999999999997000
        0.28000000000000003000
       -0.32000000000000001000
        0.24600000000000000000
       -0.12000000000000000000
        0.26200000000000001000
        0.84953482421952209000      -15.55633895691107149000       -2.21998539316066124000        1.07547073767385526000       -0.32626864435302910000      -10.15404741181744264000       -3.33755649155964651000        0.23122591042214999000       -1.66308056348060207000        1.40866755224296192000       -3.58506308792986594000        0.53092912742943110000        2.42697372913412002000        4.33402525920628356000       -0.61553833076358988000       -0.76744793703724368000       -2.38562144804083731000       -0.32523139657826561000        4.28984114785846415000        6.47431036461853182000       -3.97592145524911977000       -0.80667986907168177000        3.22876476294598946000        7.82735639340446809000        3.31791983001702739000       -0.11859942636039049000        7.04321299875786000000        0.01278230972396017000       -0.43913407151232597000       -3.66907586541963138000       -6.41081950592747685000        1.30485907330386253000      -15.59318281461424860000       -2.33435146616233036000        0.62054256136376162000        0.02996544539652965000       -7.89391568787910280000       -2.46993212997806122000        0.63735599521261799000       -1.06097429486666450000        1.09411628253089654000       -1.90862092297869146000        0.63458224613623526000        2.42952058987788222000        4.55553470333542876000        0.40078261366064238000       -1.34753524762291454000       -1.14678017185629333000       -0.56890264930426837000        5.22867252906734858000        7.10366257667881662000       -5.10339877855733626000       -0.20488710281802638000        4.77600791124870039000        8.28466129686775510000        4.55943947357554169000        0.38910561938518373000        7.24942690446382976000        0.49611734651894163000       -0.89162848678819917000       -4.38906202454544658000       -6.92846388687556214000        1.78444147167083633000      -15.61036302637392481000       -0.95449069797255470000       -0.52492741777961638000        0.11910518690680587000       -6.05447557744677667000       -0.69524875676040154000        0.83688410589813200000       -0.36165239912697733000        0.74622052660211202000       -0.46519873671585560000        0.40215939050349109000        1.74328132888560261000        4.32514165287517027000        1.32596528178708395000       -1.65549997653498937000        0.13964044652491767000       -1.04803516978671252000        5.15317960757015037000        6.91101559130858334000       -7.04151233738124915000       -0.46932885935428886000        5.82452391983332340000        7.99136067544011119000        5.19208769469055120000        0.70394458299505913000        7.71126283130734347000        0.88978945299131063000       -1.60366093181030944000       -4.06864232772273216000       -7.17144143431606285000        2.29530852708145972000      -11.11121437349398455000        1.43862149289509089000       -1.57929754371022435000        0.08031098346848137000       -1.73641673066357161000        0.84585201862173387000        1.00284612563514464000        0.57205258954180460000        0.41429578255872179000        0.82269854084900085000        0.48891254013439062000        0.93128347314903170000        3.91325713564813382000        1.64521243582655119000       -1.64136256259038182000        1.03614741615987294000       -1.61818946331886160000        3.73750049527400119000        6.63988958123321904000       -7.50997628600569556000       -1.27929458689623154000        4.93426449685932411000        7.33988388454061624000        5.49220802512621287000        1.24646902599307730000        6.16592702140742688000        0.88634818175948538000       -1.71330797836898796000       -3.68838447163177463000       -6.35836355750393611000        2.34813985401858405000       -3.79885674605336998000        3.01868809380375591000       -2.28571972994867956000        0.16902281536378458000        2.84779385620728531000        2.60693808029592455000        0.48224709290209783000        1.42635985289095513000       -0.01126578839993872000        1.84152387817107011000        0.98354063793381374000        0.70780019799769645000        4.16887113398245468000        1.43544759510279096000       -1.51216574481594623000        0.96376198171226790000       -1.42091681587159147000        3.27596912739765189000        6.94745893361016353000       -5.53811118662655844000       -1.65555478492638519000        4.47038387418340122000        6.82931137794125043000        6.44540556549755106000        2.17254771174065153000        4.63332406465922908000        0.60688212446280954000       -0.85390254770426322000       -4.13315211644453306000       -5.04226932449144005000        2.08773865885332643000        1.84715785776894470000        3.59855253666655806000       -2.34480969333796097000       -0.19835640696920417000        6.09853561706734748000        4.06094482129991974000       -0.49073511097810324000        2.19763017975437647000       -0.94066971774460562000        4.37910085937344284000        1.05503310499539849000       -0.09629244607466461000        4.05248405213724272000        1.40015826194403403000       -1.39469689080235715000        1.02681250714573635000       -1.50131013351098797000        3.13238541198369669000        6.19935236989539717000       -4.20088853221489167000       -1.72616782889585041000        4.02946356283316653000        5.13357812566051575000        6.16788533397477945000        2.43558320960115315000        2.09663135870716610000       -0.17997095257743786000       -0.39184143468991961000       -3.10690007344800367000       -2.18655952264782538000        1.70543176870537860000        5.77949557436358230000        4.53408538455006838000       -1.90993364904555585000       -0.42891009380591744000        9.54571964859119326000        4.27383563001704214000       -1.09328607547379786000        3.22943160744994895000       -1.59769341680197274000        6.03932308910706439000        0.73288967110621850000       -1.70095069499810658000        2.46558096125339965000        0.74339773992331548000       -1.17687008224562328000        1.96899717166987376000       -1.44255622315345455000        2.79721172458917922000        4.36105164146048097000       -4.12724758525731605000       -1.47754371629845793000        3.93709229766629143000        3.07841478596229523000        5.52918727631908968000        2.25031189083697214000       -0.95975195129985502000       -0.60400310535769719000        0.40013612611405402000       -1.51314660359442477000        0.19574876562849244000        1.46680535641178178000        9.75137316579851721000        6.23525214644111880000       -1.87447900394229472000       -0.60434664139973060000       11.65884045586243545000        4.46577018607216925000       -1.82061182149759015000        3.81190813557165420000       -1.71140767133833904000        7.09019981460342930000        0.37866017207682512000       -3.79278304651732201000        0.68340568458982554000        0.74112500883970589000       -0.89469575293604386000        2.78319968475002266000       -1.67803154251400932000        1.30911971194777554000        1.80173903581401973000       -4.22417074206456178000       -1.67548105191469721000        2.77090987861170435000        0.25318056902223302000        4.78606861505319081000        2.52157126005880583000       -3.27409200735358930000       -1.33933088178863269000        0.01892706189720094000        0.40013658182020584000        2.44694559840964443000        1.10611354697321174000       15.72254002275835205000        6.79929079989851992000       -1.30904390437457607000       -0.79542270409684512000       14.47308313713844363000        3.37104870930765443000       -2.62853315495972417000        3.61225189611274322000       -1.65007805264913299000        7.12934852722087786000        0.41103150514981429000       -5.32372100797416881000       -2.09956792564374917000        0.42745309222225636000       -0.40569210595284294000        2.50655644186844118000       -1.97221455887942532000       -0.04814984783918381000        0.50398670200779017000       -2.54747877736351835000       -1.84854141167603170000        1.51970861906983434000       -3.10946181573204017000        4.00196612357407577000        2.86630331659318971000       -6.71785856843629237000       -1.96219707192602533000       -0.25112041488372644000        0.69086072328504766000        5.11562398268987994000        0.74707203748572770000       22.04535653929319140000        6.08775625192090786000       -0.52705137847169969000       -0.70781319923809438000       17.04997980181397920000        2.53861634487806187000       -3.37784649654444635000        3.19133543889733451000       -1.78036399480928420000        7.20128461812773768000        0.93033638522864637000       -5.46490723733804273000       -4.03308804229751860000        0.24288844271883839000       -0.11645836318546766000        1.81317328767590391000       -1.86311994614336140000       -0.78712225928575907000       -0.08755474091477979000        0.70755627686892864000       -1.45339003303363801000        0.38594718042205434000       -5.64140206636689445000        3.17786189890972492000        3.47251952035163081000       -9.76277362292300666000       -2.41623876171652574000        0.45684343039958375000        0.02475430580847178000        7.52659830124547380000        0.16185528665527082000       25.82435618410118040000        4.11549605759819137000        0.27779298008421449000       -0.34964222399431188000       17.82626533845109410000        2.19735105786968266000       -3.92781998429664414000        2.34105547211744458000       -1.81352410728039293000        7.25504576475082974000        0.98045695349196160000       -4.77723783179561412000       -5.60511558667972576000        0.21002984676616815000       -0.13616331207144181000        1.69849428921757495000       -1.47091237743814873000       -0.43248015033367887000       -1.27529266150237852000        4.07248950943493604000       -0.29374037437265360000        0.37821434777958723000       -7.84346998531661654000        2.08991717130202170000        3.32019026905095815000      -11.45870040550334146000       -2.44600099877114285000        1.50990566520898217000       -0.36098313065800436000        9.30793374062905343000       -0.42698457938012613000       24.22165966063720080000        2.25245298531575022000        1.33638967252058527000        0.16302135073980514000       16.57888055647920210000        1.18751093836114485000       -4.40539786967360225000        1.42119465705625880000       -1.51762877483690040000        7.12453408636464491000        1.02381785908628253000       -4.25709745083133839000       -7.80581374199813194000       -0.33671186549069421000       -0.19953860427468895000        1.67758294456857371000       -1.55363360512014514000       -0.24551241076200053000       -2.03911653327172226000        4.67556785138775677000        0.46899990518849638000        0.81692047232728315000       -8.55044030569690605000        0.68497551540642831000        2.80974330344217460000      -13.48722224885034038000       -2.44928784985272152000        3.49974423943873836000       -0.67117187405178791000        9.90202249479337482000       -0.86547618469889975000       21.67556503394131440000        2.15325928903963337000        2.03519366054882767000        0.90811812523440894000       14.73487235928406314000       -0.18816013311975147000       -4.34815736014687282000        0.59899159193161300000       -0.72806314151426887000        5.47719316340498619000        0.53603277774192348000       -3.99660241298570540000      -10.30726066041095379000       -0.39218808308260172000       -0.19051885642658467000        2.28334987907889531000       -1.84299755937285137000       -0.89826461709420902000       -3.15835771070747828000        4.52522817353618390000        0.48254989977438789000        0.48009774598574417000       -9.57692548347444550000       -0.93840409991413820000        1.99113706638478827000      -13.53930912556793231000       -2.22613580228653785000        4.16095903062580419000       -0.77035739249839963000        9.48954488828764831000       -1.08158294839563607000       18.64393523152849850000        2.56132577604911837000        1.84024413365776462000        1.00652924109910935000       11.41356702274516799000       -0.79964787872840459000       -4.12911505018089819000       -0.31387673473310429000       -0.20116346611124286000        3.19252827532785499000       -0.07213769799668002000       -3.35400188153821022000      -11.62461312542661673000       -0.31237726586436804000        0.08602208596523059000        2.09572095086022436000       -1.98821860192096578000       -2.27576364049112723000       -4.03741841802634305000        4.53108922979345063000       -0.08143607454203131000       -0.90394578465506936000      -10.47937403518002242000       -2.73068417613637848000        1.16372098478284314000      -12.19627918626682828000       -1.65177136180744655000        3.91927677772478589000       -0.51214052476228933000        8.85148277369454561000       -1.37826362963995130000       15.38097039455147197000        1.87953316046722430000        1.66093803215081759000        0.99016788373244535000        8.02309224940027477000       -1.35912672505602172000       -3.50016446278316806000       -0.90413192673741272000        0.06548548388751883000        0.74186454200525265000       -0.52920616155723943000       -1.65573045631245130000      -12.00316916902523800000       -0.43443395866193663000        0.38608826533853247000        1.65186476746984234000       -1.69064813815639781000       -3.27831521316066077000       -4.17091968473512420000        4.96430648013748588000       -0.00000939004780377000       -2.70323213260262518000      -10.57698708566783097000       -4.61448372689493791000        0.19985852741623439000      -10.87928990878835656000       -0.95571783769021257000        3.72975936239911832000       -0.45150338891831693000        8.49883874049752208000       -1.85700052325416420000       10.34962128400379200000        1.61075464750808806000        0.86820713145211859000        0.63045410100353239000        3.76293179690081914000       -0.55020872145831390000       -2.88971664657193461000       -1.13081580833534301000       -0.15923803855109331000       -1.24377131031639410000       -0.87940807997896897000       -0.12218286465794358000       -9.93787152530252271000       -1.08986508340518617000        0.70243257550107852000        0.58580959891158124000       -0.39220862662257361000       -3.28220878169509689000       -4.53482312467895188000        5.69087914489870972000        0.39406396938095989000       -3.49402052921619788000       -9.21065106131804434000       -5.70918630491836510000       -0.94366952701617624000       -8.43305083618288975000        0.25010335483526375000        4.58293513678892417000        0.80919034564228665000        6.59301821301840718000       -1.95890844038860856000        2.98480640557003118000        0.82745586869321230000        0.91992008272118642000        0.40957245280977822000       -0.33669356308417914000       -0.63013377986870378000       -2.35499078203398104000       -0.85613812612110274000       -0.43794754995345136000       -1.92937087895717152000       -1.04342325167425765000        1.02507423859643310000       -8.16042318308368841000       -0.65414301615129455000        0.72702616425773203000       -0.00756960263667189000       -0.07066559797630660000       -3.24904468315117612000       -4.05411389645142428000        3.91113122080950770000        0.62917418028678129000       -4.32496312557185902000       -7.45999173839844598000       -7.12686142180748039000       -1.95833964178635211000       -6.62019238033507484000        0.70890116466767217000        4.18038151482983089000        1.76365086644519287000        5.22849712666620725000       -2.30708140018242203000       -1.62458775266048772000        0.89234286296379650000        0.95904134657988160000        0.14283091693250527000       -3.35803236204663280000       -1.66042991004539053000       -1.71289843347999837000       -0.25680515529190490000       -0.62134465079604995000       -3.15161311116206333000       -1.29637954461425431000        0.96159954590158869000       -5.71461862143161969000       -0.37385163521484921000        0.83933601474142694000       -0.61189507427564260000        0.59370430574918442000       -3.22669799571351090000       -4.28215802682106172000        3.41245832003699068000        0.74774710449767623000       -5.26159710578385820000       -6.42832400099242385000       -7.55746567405079350000       -3.14478166564312467000       -4.11778072141565854000        1.10543456466376044000        2.20111691505821394000        3.36893808822545004000        3.45148482406637624000       -2.42949042101348045000       -6.13008697462841479000       -0.17316237468051149000        0.78470504119954421000        0.12129001122086482000       -6.53764484196045448000       -2.50121948132567384000       -0.80340803034388064000       -0.43184260296271493000       -0.17699801676898702000       -4.55422397043436877000       -1.60245772841657730000        1.98818250716421696000       -3.64637378750454122000       -0.17779589663603410000        0.85885890107735818000       -0.96463247965610199000        0.74976082528320820000       -2.82764082738898059000       -3.54764609447987489000        2.57958411335403293000        0.93356544250111861000       -5.63358961672838099000       -4.64143881527856994000       -7.10790483749834401000       -3.96904941568171221000       -1.46851978610156397000        1.43553873374690566000        0.38782277193239600000        3.22785884832942038000        1.63740050288280892000       -2.09244789743441428000       -8.90299886281496811000       -0.79999530220348591000        0.34845752195534874000        0.19729234585082797000       -8.96318548394087777000       -2.76469840720639937000        0.25406783496209845000       -0.46821520029081931000        0.20620313905450294000       -5.10322786500981884000       -1.66444046851303917000        2.98133619447314668000       -0.54741526234573334000        0.65754224314027188000        0.60971312892468421000       -0.73584122589076406000        0.80858770004946978000       -2.09589965672180867000       -3.25569746211512534000        2.80649239496751024000        0.97783492912343284000       -5.92677221770190066000       -2.82418193992044575000       -5.58053857487590843000       -3.91154422779171096000        2.08266468786796244000        1.86404731333767648000       -1.54314229819819126000        2.86095218687856123000       -0.69037357772987429000       -1.61629355485666726000      -14.17408001281168950000       -1.31353491804722711000        0.05531237904947271000        0.46076063996858724000      -11.47113221321336418000       -3.00537676322192038000        1.21179969467341597000       -0.28665360217299651000        0.66696505909465620000       -5.22604670763860657000       -1.55140503858635270000        3.61902890954390877000        1.96159493475788160000        1.33425617971121224000        0.27175511827167748000       -0.24634861968303465000        0.65500066486674469000       -1.12136597063916144000       -2.35466203796454776000        0.71906174993128513000        0.96882088318500281000       -5.13997176768374509000        0.11905172695391081000       -3.73662696674907524000       -3.59487467961868701000        5.16483702082138052000        2.02131809963653897000       -2.66595720160738425000        2.04693856700645460000       -3.55801463826204145000       -0.98972908711236618000      -17.09797078461544830000       -0.82350947641349392000       -0.46638000665505308000        0.53057314935031918000      -12.24239833289630752000       -3.03744183082785035000        2.11163094254059214000        0.25827177645009480000        0.93305759563961166000       -5.56061168222371904000       -1.36962996910924928000        4.08979207750049767000        3.84063359149227557000        2.05094164775988030000        0.02122629763961301000        0.28220155292278204000        0.32263189391554759000       -0.52581786691069554000       -1.56047700424612068000       -1.03332134069625536000        0.61346879551547895000       -4.57368815543755058000        1.96188793499012926000       -1.61398061212245603000       -3.01376345164321169000        7.81907680150683504000        2.56108036809408146000       -4.05362708243471292000        1.33149212862703625000       -5.87788937997975669000       -0.70345119700174807000      -17.98198344052147490000       -0.23477648705766058000       -0.56965399378986403000        0.55042419344420612000      -11.81424351117994576000       -3.49659105353094635000        2.38490596453056014000        1.19937893779184135000        0.93510986769474891000       -6.06668970161329302000       -1.12138279750709757000        3.60988318937187191000        5.26859725332838114000        2.06266342939110769000       -0.06013611618304997000        0.25440657007823519000        0.29419093781657246000        0.17036284866842805000       -0.42090577293437792000       -2.64700354361488310000        0.10050504676030193000       -3.11115501668774375000        3.51649363453172059000        0.94819613298943961000       -2.47907527093036517000        9.84137376425613652000        2.72743372524211702000       -5.67947553130626659000        0.41313000648299386000       -7.62469801332866037000       -0.39418559945703746000      -16.73036138059191910000       -0.68540512684696830000       -0.64303885345532219000        0.42376186564395862000      -11.09179541561448268000       -3.53635543496465354000        2.71806669413381652000        1.82511584762017853000        0.67495845745074379000       -5.76279412509964750000       -1.29946939813721829000        3.54819601795542372000        6.65840845654621649000        2.24922923198158786000       -0.23941429787698953000        0.62575677368412053000        0.27561786550497769000        0.74976376088074870000        0.26750829412213079000       -3.43385809689032762000       -0.01451653693409308000       -1.91172693823268203000        4.37334806231946249000        3.11911296296873886000       -2.01724477044673600000       11.61222394448603623000        2.50782414340492155000       -7.99049637285609648000       -0.48918026269238718000       -7.82699694290346582000       -0.05500815213532020000      -15.40096448345080127000       -1.96720877817630146000       -1.07229089460648530000        0.29292337842975263000      -10.01357386117349257000       -2.66343518552642911000        2.93279191826817875000        1.62700470353907800000        0.66010118434028020000       -4.68163439368019940000       -1.33991381850390745000        3.97172429431722085000        7.49822531326290598000        1.69043938030415042000       -0.26447177013820733000        0.61878774510379853000        0.12333163707476641000        1.92768094822461600000        1.49088468858592105000       -3.90815168494906118000        0.10742806175754020000       -0.24447006783706740000        5.89568098874150959000        4.94624054299008975000       -1.54484901176712319000       11.78037110382492436000        2.03220719410266026000       -8.16151713525517408000       -1.67155033595761515000       -7.62355283117280091000        0.48035847700325202000      -13.67574350275005912000       -2.82973865484969922000       -1.51555818661088249000        0.20412441011317034000       -8.00391760456023604000       -0.95695880457827387000        2.70497595761323728000        1.55134717673527311000        0.60766840138211708000       -3.09215461507129419000       -0.78597480425583954000        4.70911655389136818000        8.09764046843294594000        0.72532410958182070000       -0.23882695366174175000        0.21106532412996851000       -0.10929492414333060000        3.17757763564249007000        3.33847680292401661000       -4.49064933759083296000       -0.10752419213942421000        1.62818352179162251000        7.95600744855869735000        6.70264438750590674000       -0.56099290913939248000       10.65398348308531951000        1.47922954344533153000       -6.31364012516663653000       -3.09553445949025008000       -7.17985056570955482000        1.09508123439614558000      -11.70758473676577438000       -1.19047569004237586000       -2.08724829526248090000       -0.12041862833071112000       -5.67354919575112859000        0.86662128967329422000        2.32489697662325145000        1.96659185915279355000        0.15243154970261738000       -0.84918550158308115000       -0.55801045514176772000        3.68997022109202977000        8.28071559716708450000        0.86508242428280668000       -0.30665785196766471000        0.46812306885059402000       -0.71318244033251121000        4.20102662833175966000        3.98418320272861237000       -5.32200175539128839000       -0.95344255673744982000        3.03889917633215845000        8.06883373241816138000        7.60238171034881027000        0.32161535837478505000       10.64379966726451166000        0.82326020639011377000       -5.20386125022567647000       -3.16092381609137085000       -6.82289637383518688000        1.27636135882812773000       -6.93369478290373564000        0.44103879313531114000       -2.08578772444756666000       -0.60985468030545131000       -1.93270550124451113000        1.75745741284901591000        1.99817164062827279000        3.09785028248874239000       -0.75289356941098140000        1.24573995673736770000       -0.35334394738966912000        2.29738778569538526000        7.35948761811930030000        0.92912723491152394000       -0.43522828579707090000        1.13877549590159743000       -1.24608386334305088000        4.66143280548210548000        3.80368159963730346000       -5.42692630160241762000       -1.17709559312724932000        3.41860375353031953000        6.22166231494324506000        7.57596801513432805000        0.91882132929350890000        9.24264897670319208000       -0.00890316686526718000       -4.83437518429822077000       -2.42735463814172858000       -4.59747425848751146000        1.19808022639113476000       -4.63814928544582905000        2.48354883703428353000       -2.92265739441355876000       -1.33432063328835548000        0.19021610438039957000        3.75036665271435821000        1.52322866040779403000        3.52551034694441423000       -1.44714606781134036000        2.53093861647645113000       -0.41997493479533349000        1.23371047121904232000        5.89575059380073974000       -0.34294585222740476000       -0.39185544136069783000        1.40388141854579440000       -1.42257153663100411000        4.91060319202661777000        3.34086219113597460000       -6.35053537211529573000       -1.49056008504261195000        4.38513596129629235000        4.94944110158728279000        7.18118869208596333000        0.96455852393230102000        7.62124401143426589000       -0.25632173496232397000       -2.51215879725366253000       -1.06645501642252460000       -2.98899070916985954000        1.40839212077637654000       -3.94541339386939205000        4.04196534865491852000       -3.86912155981415395000       -2.08420405115097873000        0.49514184706655517000        6.51001035266378736000        0.54656213256870279000        3.09091488667638892000       -1.83801926291251050000        5.07147178365429863000       -0.80506105493308167000        0.01060497714933509000        3.72547862582272371000       -0.18245511943347345000       -0.47373978359251295000        1.82202594020166075000       -2.74808963917570681000        4.01235498160471149000        2.46304097150107282000       -8.60725470235669476000       -2.29822864301979690000        4.42579263949386359000        2.69070444484258209000        5.19202885338732845000        0.91950392152717764000        5.89595876444177236000       -1.26671563836062862000       -1.61867226410996934000        0.93072421467827238000       -0.06112123999244147000        0.99127601095924911000        0.30047728193621287000        3.91938670930227673000       -3.52444466552770308000       -2.01271162357265876000        3.28050153492375562000        8.25825344826224317000       -0.36442017072388466000        3.62573217314024454000       -2.21026699755323675000        6.06932333518608580000       -0.94069221567802686000       -0.77538659838835289000        1.47310076667235990000       -0.61922006664766205000       -0.64244907547912888000        2.73312537583268655000       -2.71448055673028366000        3.82586432620488770000        1.20204086385626985000       -8.44346193012920843000       -1.71627024000928530000        5.76954923207034565000        0.23479116809085696000        3.97796827666293895000        0.69528029540437375000        3.91371596114007536000       -1.59725683060894519000       -0.79847796336921961000        2.16605894237384078000        2.92212162930499542000        0.63999409127770457000        4.95566971843391713000        4.99161003397111092000       -3.61501280879668263000       -1.86555121161039295000        5.98858484282067050000        9.36429088854958103000       -0.68499674768306928000        3.27388812597137280000       -2.07110441023416403000        6.48732344491870982000       -1.07442431688318063000       -1.78202513941177432000       -0.41432587556044870000       -1.73920058236196762000       -0.61823089250334184000        3.44559083431603197000       -2.56951258722143150000        2.96359664634056808000       -0.36718105762059028000       -6.80063174423145522000       -1.73724464482022656000        5.98878291185867884000       -1.43433589313955867000        3.05560427006594226000        0.42275708606818607000        1.59842821365298127000       -1.57139645733638922000        1.32305680951912241000        3.21001632641450652000        4.18510745469357737000        0.78741418745020575000        8.29546832899550601000        5.87572943478393661000       -3.95336250008860279000       -1.60716185537941603000        7.38615958394533134000       10.12682188167340414000       -0.63717525766277638000        2.27753287799669391000       -1.53400832380464602000        6.69600917494144721000       -1.33932931541473499000       -2.13344691028862954000       -2.86272052934095500000       -1.57290478427495350000       -0.71178202658050149000        4.77501875441136825000       -3.17137289610947937000        1.91305982036497224000       -2.02833246878885864000       -4.91454594583067461000       -2.05161235820671672000        5.17829579125320105000       -4.44717026999110843000        1.88340668973518199000        0.73809131835558084000        0.42332688770287047000       -1.07028299533048865000        2.23611796064910084000        3.57150107431399899000        5.49688271054714495000        0.76948205135845427000       13.58103107789799502000        6.26932916442191157000       -3.51309913475815261000       -1.15985436613522963000        8.85708518381478704000       10.82927160515299825000       -1.11282490813923474000        1.91913609804382035000       -1.35052977563838672000        7.25433792328372906000       -1.66589610980546365000       -2.79765280937132710000       -4.10976721502446996000       -0.33913836813036513000       -0.84052109211636272000        6.08615391573212161000       -3.38706608038702584000        1.35790940976133512000       -4.60386731929352155000       -1.35465025802468797000       -2.38506534694155814000        4.83190816153877023000       -8.30829943364493140000        1.00372018680711683000        0.94478210432514542000        0.43603514453165904000       -0.66218544019859416000        1.51999905584691142000        4.48384414079475491000        7.07318428647164055000        0.35975216710603652000       17.22345713118262720000        5.40046249471834283000       -2.12746090138592780000       -0.18973790759966788000       11.08600868473781453000        8.96943598408993381000       -1.14296585684179930000        1.28974541515050212000       -0.52913444838937151000        6.20646978795821536000       -1.80627176697696257000       -3.03286157132361378000       -7.20992465110863368000       -0.27901536635933516000       -0.77694753516758486000        6.91261890789104960000       -3.73259433774030525000        1.13377363083175386000       -5.23450022863748821000        1.61509709552509984000       -2.24476461633713376000        4.70487122315979800000      -11.34964621505310234000        0.15250039643168153000        0.70985258315205169000       -1.53819856504544750000        0.04073943887291613000        1.50678251462787705000        3.50946350727281997000        8.24805530430465339000        0.00318057909153118000       18.19009948936330190000        6.05327599713023279000       -1.38132976875218150000        0.76112224044315524000       11.73174271032836202000        6.95026153274181535000       -1.16299787946420752000        0.92390154428229276000        0.52401278256073847000        3.93498620748546735000       -1.96167148830118654000       -3.89084349494600401000       -9.87055775080699505000       -0.38051421761775045000       -0.46159253456227139000        6.98195013552493293000       -3.72170258315289759000        0.44804895515641613000       -5.75638570283227846000        3.70022301757641925000       -2.55045626407591675000        4.15473790117153019000      -13.79481224748269597000       -0.38217654270344326000        0.61434115123522193000       -2.22681788714314655000        1.21744390613624676000        1.22586005995916913000        3.18163934219295053000        7.82590567003123905000       -0.32246922562837044000       19.00020320745647240000        5.73735698101606939000       -0.65138343078177874000        1.66048116832451309000       11.35166713679565298000        5.91731826332217281000       -1.29840865309296571000        0.59488003656638389000        1.44165775777258398000        1.80167351134073761000       -2.15971703107472868000       -3.93942189042017077000      -10.76009056945340880000       -0.25646557674376808000       -0.06954778823669097000        6.42202512420535232000       -3.26508859345361158000       -0.76832918141268658000       -5.86620780143706000000        5.49816838320169143000       -2.72461569833433970000        3.17781252638889766000      -14.61867271909439481000       -1.02450039426890749000        0.52280164370653059000       -2.42737372321542422000        1.79440017146849939000        0.50570281263432304000        2.64168769528368852000        7.57634938739939212000       -0.46299581608536722000       19.96134195908367910000        4.30845870720054425000        0.40731816642102830000        2.38107804692382086000       10.83732784126965676000        4.45269724817071477000       -1.03060056756871177000       -0.15852075262587065000        2.08926312448427254000        0.39168679789460370000       -2.39181659161411453000       -3.26980339157867883000      -10.93523637195952425000       -0.19860592252177298000        0.25526086706914031000        5.96203520873665038000       -2.63342587282825980000       -1.94933702090098970000       -6.29096729999380067000        8.02920219997006335000       -2.49104697487678894000        1.82610976982408446000      -14.59248004772527629000       -1.68641283118682406000        0.41601031000833738000       -3.07298968924623539000        2.31790707621327652000        0.10697432808692514000        1.99044024941069675000        7.36340037884336862000       -0.40933332880999856000       16.71574330759240110000        2.35067106280143179000        1.01991406047366473000        2.69651889973128567000        7.54213856928221116000        3.46963558899183289000       -0.66285358915997250000       -1.09033582359957171000        2.41162992217531214000        0.00885782456804230000       -2.58770888305590407000       -1.67150273090205892000      -10.12006352389717456000        0.53419979209559298000        0.36186525382271945000        5.65007151050510803000       -2.50135503733788944000       -2.61687838424619823000       -6.79624767812443320000        9.05310675010722044000       -2.21797161002245291000        0.05634501061738290000      -13.93612010591427541000       -2.62162685755792291000        0.28929286746325972000       -2.81209911669448953000        2.78775054090885721000       -0.08925505502090463000        1.82768358349767346000        6.84364427279895171000       -0.48827369170691465000        9.98745627632809807000        1.49389440301866938000        1.28246041158937807000        2.31951856080675745000        2.30736887869507257000        2.25761956512093720000       -0.75146450720420377000       -1.99235577897070981000        2.47865851274359805000       -0.36519279061514515000       -2.64433273979564376000       -1.35628811156109874000       -8.38122775706715828000        0.70866359874291318000        0.75042920910092814000        4.01182217753660986000       -2.38341006023979629000       -2.81103643799699165000       -6.40997235041461710000        8.26213601687500976000       -2.70668179140657195000       -1.00692895705162200000      -11.67731792293823823000       -3.31471807138924612000       -0.23278744616137165000       -1.74584809921613804000        2.79711839845366894000        0.03856667661492277000        2.19163021909392519000        4.76083768646597782000       -0.58575745027922066000        0.99935772068786988000        0.81311620392245187000        1.60075555925642932000        1.73280819428997490000       -3.56630178328353464000        0.94591989996576598000       -0.95850071932331404000       -2.69413700251622634000        2.64559867649242308000       -1.32591232309713902000       -2.76766213939241013000       -1.34878934845756349000       -7.52170273649641707000        0.48996823034403636000        1.39107499690782155000        1.81346802594529310000       -2.34387920925620019000       -3.26897951602498305000       -5.28367116354334954000        5.20482451528514201000       -3.28020876797782623000       -1.70237023604886994000       -8.72702254976388581000       -4.60498424170059462000       -1.08585910776900008000       -1.18260094954716766000        2.48527623735134817000        0.24783872941239157000        2.78314966705544942000        2.88872644402361978000       -0.36375381473587592000       -2.41698504388628388000        1.50880585872193396000        1.48644086521709973000        1.01671875536638945000       -6.28886033471148220000       -0.19898219304384143000       -0.56255242672224526000       -2.88321413578785268000        2.63513019257235825000       -2.30886522878258482000       -2.59643590618478504000       -1.16108809992342499000       -4.78715428098313733000        0.49082371666657315000        1.84673622162068685000       -0.03938230058957606000       -1.93369365046255548000       -4.15916810690056948000       -4.33455896973878918000        4.26567613917449595000       -4.00732695464350375000       -3.74875691126476029000       -5.76861118552166285000       -4.89465019606609353000       -1.59897478047259511000       -0.31173033979748088000        2.00618426010251438000       -0.19928066994011479000        3.27799252015746800000        0.87797889566296450000       -0.41667644119126457000       -6.73662686563049196000        1.92167242891174062000        1.44734236809193373000        0.10955367619833878000       -9.44189359241972070000       -2.17646376868937708000       -0.15170518167577068000       -2.96821102435506523000        2.39996500372784416000       -3.61477954123586676000       -2.07617499777921344000       -0.93997553470366280000       -2.67496058125721570000        0.05600559964810956000        2.24353145531571130000       -2.15356737824552047000       -1.52060255223524132000       -4.29482032128058311000       -2.53299806059243160000        3.33561659420171264000       -4.25644639370144873000       -5.57805666396452970000       -3.46093345146277187000       -4.91707935774562444000       -1.68656774610238536000        0.61207663870666551000        1.76544249883504500000       -0.40883928906931127000        3.17007954309260409000       -0.80700717810721789000       -0.19063565737524582000      -13.08958036108004563000        2.23173136142666406000        0.88722523966013644000       -0.72084628898960090000      -12.91511547201808341000       -2.52064745415882507000        0.48061821880435990000       -2.20476337793792077000        1.39649563582186054000       -3.49588872726356215000       -1.66422673460928050000       -0.49792447837499698000        0.38356310209266398000        0.90828189615037191000        1.89829755234783248000       -3.05669955145373873000       -0.77861550722670725000       -3.32384984782887472000       -1.61701934509273926000        1.32517437083049328000       -3.39013093016818123000       -6.08953396739358688000       -1.41361987574871906000       -4.67005024156910853000       -1.51598282357904912000        3.21321749429231485000        2.07501657633282433000       -1.01834047646261361000        4.00574976901629576000       -2.87882910598073671000        0.06532639924127114000      -15.05384459194819691000        2.90350522014740164000        0.52229634662007440000       -1.12217915152607906000      -13.74691290280601663000       -2.63131591058756120000        1.34685550020177569000       -2.03805788639043595000        0.67379155584635730000       -2.64395184708973963000       -1.59758256146160749000       -0.11188944178117884000        3.82021919567018031000        1.99124533069269494000        1.26699015300140050000       -3.18411874717493282000       -0.24258140560402941000       -2.05430829424826289000       -1.11496492766934563000        0.94662563460342442000       -2.56935821540335141000       -6.17318094551257879000        1.19595575255032416000       -3.62836345808523442000       -1.69871186369630811000        5.62116095392735904000        1.81464453768664535000       -1.27651927732392201000        4.02967077733528445000       -5.38893573309942564000        0.15487721247920519000      -16.86953879732465470000        3.32908992166714368000        0.47415584701571928000       -1.22028018142328509000      -13.68042872076041583000       -3.39244464246776056000        1.82634307166590060000       -2.39148457031971562000        0.50628523850663110000       -1.63363174224518626000       -1.39048846016009264000        0.08694399283882835000        5.38165603987997088000        2.57615225416203097000        0.63915983721329916000       -3.72097372261216375000       -0.67072283678015632000       -0.50942075453584579000        0.67927639703759590000       -0.17538701922091576000       -1.99554060568761327000       -5.45079055342757712000        4.07328261294990046000       -2.46344086666098505000       -2.05943075076038928000        6.39080154783134979000        1.17865490581730192000       -1.03670820919078399000        3.19187661353936347000       -7.53299398469777071000        0.42054791512218936000      -17.82204837917334930000        3.10458995745253086000        0.89793329082428852000       -0.42527647402445690000      -12.43295211245418841000       -4.43934944250050290000        2.36693631396918347000       -2.36696257253084363000        0.92096278168142975000       -1.41548390905581778000       -1.30689173715780460000        0.31421025013074066000        5.81306529348899037000        3.54325564293807949000       -0.11533372164244383000       -3.46257595900284842000       -1.06913840663178084000        1.00474484029663613000        3.32640218611416305000       -1.98986087373753739000       -1.25781073501932306000       -3.63634055734594686000        6.80652035668073019000       -0.58811996871167316000       -1.77472270750651728000        7.65010390562627052000        0.51367238180955954000       -2.05188790556819134000        0.55985571873403916000       -9.38507791710200934000        1.08265132867714531000      -15.35402086320855730000        4.81717936002098579000        0.15537704285041323000        0.18285554684418345000      -10.59831374139388593000       -4.20532745074922687000        3.37139417694939469000       -2.64933546947515097000        1.33347880613114889000       -1.62944458691414718000       -1.73947974455415966000        0.21085486932035069000        7.38618248949201561000        4.46317403026672466000       -0.56040045860080212000       -2.93970899134190855000       -0.86711356091269298000        1.30647864629514410000        4.61531485704178834000       -1.99252778693582244000       -1.43037479664417400000       -2.52958568987122634000        9.44973723933566312000        2.03612369403715965000       -1.07875781396658432000       10.52303619748382424000        0.29447376113321533000       -3.41889301443203841000       -1.73161117712020807000      -12.20935083925420272000