 5         8        26        48        56
        0.00    0
       1.040550       1.040550      32.267550      32.753700      32.621400      32.681250      32.681250      32.681250      32.681250      32.681250      32.681250      32.681250      32.681250      32.681250      32.681250      32.681250      32.681250      32.681250      32.681250      32.681250      32.681250      32.681250      32.681250      32.681250      32.681250      32.681250      32.681250      32.681250      32.681250      32.681250      32.681250      32.587800      32.631900      32.378850      32.378850      32.378850      32.328450      32.328450      32.328450      32.328450      32.328450      32.328450      32.328450      32.328450      32.328450      32.328450      32.328450      32.328450      31.391850      32.620350      32.746350      31.391850      31.622850      32.645550      32.645550      32.645550
      -0.489600      -0.396800       0.151200       0.151200       0.151200       0.151200       0.151200       0.151200       0.151200       0.160800       0.160800       0.160800       0.160800       0.160800       0.160800       0.160800       0.160800       0.160800       0.160800       0.160800       0.160800       0.160800       0.160800       0.160800       0.160800       0.160800       0.160800       0.160800       0.160800       0.160800       0.160800       0.160800       0.160800       0.160800       0.160800       0.160800       0.160800       0.160800       0.160800       0.160800       0.160800       0.160800       0.160800       0.160800       0.160800       0.160800       0.160800       0.160800       0.216800       0.216800       0.216800       0.216800       0.216800       0.216800       0.116000       0.116000
        0.09800000000000000000
       -0.05800000000000000000
        0.08000000000000000000
       -0.18800000000000000000
       -0.10800000000000000000
       -0.33800000000000002000
        0.14199999999999999000
        0.36799999999999999000
        0.03600000000000000000
       -0.11600000000000001000
       -0.45400000000000001000
       -0.08000000000000000000
        0.13800000000000001000
        0.13400000000000001000
       -0.22400000000000000000
       -0.33600000000000002000
        0.06400000000000000000
        0.01800000000000000000
       -0.25200000000000000000
        0.34799999999999998000
        0.17799999999999999000
        0.03200000000000000000
        0.29799999999999999000
       -0.33400000000000002000
        0.13400000000000001000
        0.06000000000000000000
       -0.11000000000000000000
        0.26600000000000001000
       -0.05800000000000000000
        0.26600000000000001000
       -0.26000000000000001000
        0.01600000000000000000
       -0.37800000000000000000
       -0.27600000000000002000
        0.13200000000000001000
        0.10800000000000000000
       -0.28000000000000003000
       -0.06200000000000000000
       -0.34399999999999997000
       -0.37000000000000000000
       -0.12600000000000000000
       -0.10000000000000001000
        0.01200000000000000000
        0.33000000000000002000
       -0.36199999999999999000
       -0.30399999999999999000
       -0.28000000000000003000
       -0.30800000000000000000
        0.21199999999999999000
       -0.31200000000000000000
       -0.17799999999999999000
       -0.05000000000000000000
        0.12600000000000000000
        0.27400000000000002000
       -0.21800000000000000000
       -0.11400000000000000000
        0.38600000000000001000
        0.10199999999999999000
       -0.23999999999999999000
        0.24600000000000000000
        0.27000000000000002000
       -0.03400000000000000000
       -0.39400000000000002000
       -0.25200000000000000000
       -0.01800000000000000000
        0.12000000000000000000
        0.19800000000000001000
       -0.20799999999999999000
        0.33000000000000002000
        0.07199999999999999000
       -0.27600000000000002000
       -0.06400000000000000000
        0.31400000000000000000
        0.22000000000000000000
        0.31400000000000000000
        0.31400000000000000000
       -0.08799999999999999000
       -0.35399999999999998000
        0.20399999999999999000
        0.20000000000000001000
       -0.36799999999999999000
       -0.00400000000000000000
        0.23200000000000001000
       -0.14399999999999999000
        0.32000000000000001000
        0.16000000000000000000
        0.24399999999999999000
        0.37800000000000000000
       -0.39400000000000002000
       -0.13800000000000001000
        0.29399999999999998000
       -0.07400000000000000000
        0.15600000000000000000
        0.26600000000000001000
       -0.26600000000000001000
        0.33200000000000002000
       -0.05800000000000000000
        0.36199999999999999000
       -0.01400000000000000000
       -0.28399999999999997000
       -0.18200000000000000000
        0.05400000000000000000
        0.01000000000000000000
       -0.28000000000000003000
       -0.26000000000000001000
        0.32000000000000001000
        0.20599999999999999000
        0.24199999999999999000
        0.32000000000000001000
       -0.11600000000000001000
        0.28399999999999997000
        0.02400000000000000000
       -0.22000000000000000000
       -0.20999999999999999000
        0.38800000000000001000
        0.39600000000000002000
       -0.38800000000000001000
       -0.27000000000000002000
        0.09400000000000000000
        0.26400000000000001000
        0.13400000000000001000
       -0.09600000000000000000
       -0.21600000000000000000
       -0.30199999999999999000
       -0.32400000000000001000
        0.13600000000000001000
        0.28000000000000003000
       -0.14199999999999999000
        0.39200000000000002000
        0.01800000000000000000
        0.02200000000000000000
       -0.00400000000000000000
       -0.06200000000000000000
       -0.28999999999999998000
       -0.34200000000000003000
       -0.00800000000000000000
       -0.05200000000000000000
       -0.14000000000000001000
       -0.23999999999999999000
        0.39000000000000001000
        0.16800000000000001000
       -0.03200000000000000000
       -0.19600000000000001000
        0.14999999999999999000
       -0.21600000000000000000
       -0.24800000000000000000
       -0.14599999999999999000
       -0.23799999999999999000
       -0.39800000000000002000
       -0.31400000000000000000
       -0.06600000000000000000
        0.03200000000000000000
        0.31600000000000000000
        0.19800000000000001000
       -0.30800000000000000000
        0.11600000000000001000
        0.20599999999999999000
        0.12600000000000000000
       -0.03200000000000000000
       -0.17599999999999999000
        0.42399999999999999000
       -0.09800000000000000000
        0.02800000000000000000
       -0.03000000000000000000
        0.13800000000000001000
        0.22400000000000000000
        0.24800000000000000000
        0.08400000000000001000
       -0.37800000000000000000
        0.15800000000000000000
        0.33200000000000002000
       -0.02600000000000000000
        0.14000000000000001000
        0.23999999999999999000
       -0.03800000000000000000
       -0.20599999999999999000
        0.37800000000000000000
       -0.12600000000000000000
       -0.23000000000000001000
        0.35199999999999998000
       -0.24600000000000000000
       -0.02800000000000000000
        0.23200000000000001000
       -0.38200000000000001000
        0.37600000000000000000
       -0.19200000000000000000
        0.04800000000000000000
       -0.26600000000000001000
       -0.11400000000000000000
       -0.35999999999999999000
        0.16200000000000001000
        0.09800000000000000000
        0.10000000000000001000
       -0.16800000000000001000
       -0.23599999999999999000
       -0.09400000000000000000
        0.32200000000000001000
        0.20799999999999999000
       -0.08599999999999999000
        0.17399999999999999000
       -0.05600000000000000000
       -0.02600000000000000000
        0.22400000000000000000
       -0.04000000000000000000
        0.23599999999999999000
        0.37000000000000000000
        0.33800000000000002000
        0.32200000000000001000
        0.33800000000000002000
        0.33200000000000002000
       -0.38800000000000001000
       -0.04200000000000000000
        0.04000000000000000000
        0.17999999999999999000
        0.39200000000000002000
       -0.15600000000000000000
       -0.26200000000000001000
       -0.39200000000000002000
       -0.24199999999999999000
        0.18400000000000000000
       -0.03400000000000000000
        0.01200000000000000000
       -0.09000000000000000000
        0.39400000000000002000
       -0.29399999999999998000
       -0.06600000000000000000
       -0.21600000000000000000
        0.09200000000000000000
       -0.12600000000000000000
       -0.32800000000000001000
       -0.24199999999999999000
        0.07600000000000000000
       -0.14000000000000001000
       -0.08599999999999999000
        0.14399999999999999000
       -0.15600000000000000000
        0.23000000000000001000
        0.01600000000000000000
       -0.01400000000000000000
        0.09200000000000000000
       -0.31400000000000000000
       -0.03600000000000000000
       -0.02200000000000000000
       -0.06400000000000000000
       -0.34599999999999997000
        0.34000000000000002000
       -0.31800000000000000000
        0.18200000000000000000
        0.36399999999999999000
       -0.28000000000000003000
       -0.31800000000000000000
        0.08799999999999999000
        0.03000000000000000000
       -0.11799999999999999000
        0.26600000000000001000
       -0.28599999999999998000
       -0.30199999999999999000
        0.12800000000000000000
       -0.14199999999999999000
        0.08400000000000001000
       -3.00160752779625595000        0.72766273332309039000        2.82983111267049070000       -0.31438071244259852000       -0.54935187906415583000        1.83097432833640572000       -0.08642472911570079000       -1.09924714617683850000        0.02786277575489352000        0.80176115140259796000       -0.47598713841221812000        0.58308710602266400000        1.85218419485881936000       -1.14215229590889566000       -0.74550184495801808000       -2.88460266328306458000       -0.93883256033206708000        1.31003352291455655000       -0.42047130745257405000        2.75326643867364496000       -0.70174864879586285000        1.42122050618824747000        1.21215676561283225000       -0.10787563946684814000        0.40672551309367239000        0.35510620150704059000       -0.57920524128238660000       -5.20732163728010899000       -0.34058659579455619000        3.63155102428480836000       -0.15825844321546065000       -0.70042367893431501000        1.14748746433992221000       -0.17051654437579808000       -2.54604331156075325000       -0.14967902289513185000        2.57443024110034324000       -0.27324725760589141000        0.40950158031705769000        2.81129055804833294000       -2.41099077745467749000       -1.11049713199412681000       -4.23152101315176221000       -2.82184108091389962000        1.34247055809658611000       -0.18997676409839587000        6.04790173800122233000       -0.86830593625102992000        2.38100602087094915000        2.02808664330525978000       -2.02047833350160611000       -1.92672667104169149000        0.39593799016857228000       -2.54988570832648032000       -6.15829686031573420000       -1.95443930658908371000        3.95101280727201765000        0.11129826052788520000       -0.55092145101991952000        0.14329198687770273000       -0.33035377936213961000       -3.51945709776318116000       -0.25281161333835478000        4.04430422866334105000       -0.63637957544532953000        0.05532727718568257000        3.46332547836157545000       -2.90881289647112151000       -1.31228595121002178000       -5.25231625275156322000       -3.81649883097668186000        3.19727881547068105000        0.08472257719221093000        7.52103312837238569000       -0.84859105937293511000        2.86590483196416379000        1.97905958769376866000       -2.55694828272715124000       -2.05599438920282873000        0.81658867294109583000       -4.27271060125542501000       -6.25241633479085923000       -3.47280726344826407000        3.96125423921546593000        0.39962321139044715000       -0.12856966409803769000       -1.14835902958932801000       -0.49931924358289109000       -4.04338003667867962000       -0.24117459933243102000        5.66159287971020397000       -1.22665927839800215000       -0.00531723858060850000        3.90616866719149369000       -2.30640194919484598000       -1.04822404679284120000       -5.30270881005099337000       -4.20983535087888328000        5.76975172498785227000        0.20684701107888223000        7.10839642113749814000       -0.48859105210819320000        2.67639816370190697000        1.24253010208035719000       -1.65461005710353870000       -1.36379015555479333000        1.70645661238066726000       -5.71234393348533498000       -4.99697038141969152000       -4.03351938114901287000        3.30662340042716618000        0.82114367238046559000        0.42010014414256397000       -2.33976878215615747000       -0.80011805975210959000       -4.21685052743579547000        0.06139965639499124000        6.57113144766861623000       -2.37850494923594136000        0.22091825179414473000        4.23840798187658585000       -1.26066760086024487000       -0.63170823218387739000       -4.50526604003064701000       -3.44507198848912122000        9.04720164756911593000        0.35323371342885329000        4.69118019185107293000        0.00418327607730499000        2.00156257539136151000       -0.33902844453781578000        0.52273521660695554000        1.20828176685265598000        2.52982960877471852000       -6.13787214725843722000       -4.89902082782211234000       -4.82996962173839961000        2.34350879549518076000        0.95861278573433073000        0.68296847976265940000       -4.02947125484080182000       -1.29368839097093358000       -4.42249732465861189000        0.49924933728772886000        7.01558800371507907000       -3.68172092182219002000        0.56756600756113007000        4.44439402545885720000       -0.46636815847734026000       -0.61127816289958425000       -2.93408084714432960000       -3.16683504996812681000       11.42311039091454106000        0.30315498575296113000        4.18515010784816788000        0.12664430031629351000        1.23040260158591930000       -1.25977457675596738000        3.12017547248635330000        3.23785781267515205000        4.00301734590310687000       -6.17698297845578104000       -4.95556324886129129000       -4.87449575799583368000        1.39105490117182384000        0.48317322710073668000        0.06536195085723291000       -6.19619016131823486000       -2.63111739060649930000       -4.40331714554449327000        0.92394077464801516000        7.40756980382485697000       -5.09530937934382511000        0.97212540533383229000        6.04057376574673821000       -0.46448284231606851000       -1.34883571202043417000       -1.93974636349455998000       -3.54269819361639771000       10.70919993067011866000       -0.03532557326768487000        5.67935101248875895000       -0.43485422051497713000        1.42317644357843576000       -0.81693523414524116000        3.75504882353009117000        2.51880314922882542000        3.88152640946792493000       -6.61392471335357257000       -3.16724135013325370000       -4.76128366242769729000        0.46768767910323905000        0.10483436292508018000       -0.69079771395286627000       -7.30865017674117556000       -4.54694925074289635000       -3.75684219680534870000        1.41676646147737872000        7.32076348446858827000       -6.01510749507345999000        1.35202944951056026000        8.14001048880031952000       -0.07152127186771104000       -1.69790954184315335000       -1.72978899638680161000       -3.40454929055124422000       10.03048322259811442000       -0.47156685107951890000        5.15301071193665283000       -0.81064997962767793000        1.91455743710108539000       -0.43088290737328155000        3.79739536916350584000        1.91530868416299715000        2.97326870234799134000       -6.74910034638887790000       -0.78478482630041080000       -4.30453703776000740000       -0.07850081306422198000       -0.18405565527440756000       -1.33562065814996211000       -7.95008465256096564000       -6.22913058389196905000       -2.73685682967189337000        1.79271015958473767000        7.32595722008723271000       -5.88237646064969599000        1.97267939393621083000       10.49884678907014823000        0.77154890625255335000       -1.33022851163314026000       -0.63238893535306873000       -2.96183164743989824000        9.15722233766423876000       -1.13933773674545336000        2.84550691189152349000       -0.81391130841223003000        2.46006745046754594000        0.11553089391867238000        4.41087253415469327000        0.76692975137791186000        2.84817154259854011000       -6.31984697553243446000        1.37072911386084817000       -3.84873142856766926000       -1.15115966541059356000       -0.55358563185877840000       -1.94067650581372853000       -7.52227205264007104000       -8.24569391313777800000       -1.83725806928462165000        2.25025651454606601000        6.70794220335748914000       -5.97685419427049069000        2.44854821325482019000       12.68275927053504582000        1.11779615604968452000       -1.28143419672117265000        0.03007991398302672000       -2.68448469407525936000        6.82168548841599520000       -1.82072552047465264000        1.63883973127945537000       -1.07603831873632738000        3.38719737910840912000        0.07263514849349742000        4.19918279586139498000       -0.43026313799661170000        2.12253227194843364000       -5.26079473935328146000        3.73148128275586455000       -2.99198042360208305000       -1.47325649327566777000       -0.64926729922055881000       -2.79723031006682588000       -6.71049504993680213000      -10.16261410634521312000       -0.77772578549603111000        2.57480434221860310000        4.68622432078474294000       -5.88904048294309224000        2.52137927814693574000       14.28252917812230116000        0.87019388191431268000       -1.65327012141477869000       -0.40849576752380168000       -1.69781459707495275000        4.76179003882566754000       -2.42871413044796292000        0.16855262041841346000       -1.57103962568003253000        3.84002049742476625000        0.98297996204524651000        2.66293314202316678000       -1.02460810927266821000        0.38834922476102579000       -4.39559297060265308000        5.69692436523626444000       -1.38366237165709260000       -1.39605847234000868000       -0.51489665663566397000       -3.18209901164314690000       -6.25829676695248427000      -10.96740011410428650000        0.58734524401547084000        2.57802005410564261000        2.36833511133694108000       -5.32158568956922373000        2.30399192215892734000       14.56667247271752252000        0.60608618523245572000       -1.64342372769721190000       -0.47768307716712166000       -0.20282433177158266000        3.16361971897673877000       -2.80178594587004381000       -1.89879531134807022000       -1.77214183741844167000        3.51790571075657832000        1.70880437155006781000        1.99256023968001572000       -0.98738138842882739000       -1.30001028133951468000       -3.19045928601637785000        5.95397361996180408000       -0.49532793431570898000       -1.36359106092409643000       -0.59868422995064730000       -3.42116650062716721000       -5.39097207253474231000      -11.26440353033751762000        1.57084925088653171000        2.47433844534877601000        0.58207239051071158000       -4.41403253698656250000        2.12620722262377804000       13.97764389376838246000        0.25845911090256879000       -1.45139309119327242000       -0.31576394637317590000       -0.05979179680812294000       -0.05383499115769671000       -3.23420373717134524000       -1.28806101195766165000       -1.87688896587597531000        3.60222936605251576000        2.39234544047463471000        1.22175492223117788000       -2.56523271069047487000       -2.54589694857631166000       -1.95913371109663847000        5.91119374564127842000        0.35311550669936653000       -0.87792834477220572000       -0.54573844995240017000       -3.49195575047005491000       -4.14432415654963204000      -10.63387374977105892000        2.10951236214189963000        2.17422415640023292000       -1.16381222150445462000       -3.98081334397791053000        2.09080192532184572000       12.10232962591447148000       -0.08979818688996478000       -1.35253073345473784000        0.19979511870242297000       -0.13524136253317842000       -3.52911643746208492000       -3.48690913273365277000       -0.18483581405568358000       -1.89496781570132988000        3.65905742838949610000        2.85922224730556440000        0.79587698605229351000       -3.55077109172757810000       -4.40867874155283435000       -0.81742167675652933000        5.90181012867589772000        1.84208939117218296000       -0.23460015635286130000       -0.35396056670011639000       -3.28646400824563756000       -3.36998349744118020000       -9.00201606652240294000        2.46487901686392608000        1.53076156250163931000       -3.14548268856252555000       -3.46514775664009900000        2.17345726629020097000        9.10239418513276810000       -0.66126704305087525000       -1.32624149021843807000        1.23373488851090474000        0.05949677343007843000       -6.47807922756378840000       -3.42282081976658192000        0.69772415118194442000       -1.83299517241141574000        3.22018336946626249000        3.17385575925869601000        0.63303571411553827000       -4.20432749596643429000       -6.71653649920897688000        0.06723180991197208000        5.87534090648174789000        3.21456045233599985000        0.86415363683460322000       -0.16153130259646156000       -2.99737702534222183000       -2.09528477719857387000       -7.28645908628086492000        2.63944144447067552000        0.87324352523259363000       -4.95736044864183167000       -2.04467010612732647000        2.49332408826236707000        6.29155414412553515000       -0.95008454922970709000       -1.10375671327194214000        2.28433299888877528000        0.33562618650804898000       -8.72019898147386030000       -3.27280618922597588000        0.24277308691560961000       -1.63587429717443622000        2.37748502974899356000        3.96959020369207094000        0.30657134587759199000       -5.22656378733216265000       -8.11558259241606450000        0.83186362678331449000        4.91784140639128875000        3.68201367213894182000        1.98019607431732902000       -0.09540525463366338000       -2.50004985259274370000       -1.14274794647322486000       -4.86504503527904220000        2.56311125386857563000       -0.00214941796925689000       -6.05563181065577805000       -0.63299278741953224000        2.39724162555362330000        3.31247279336475708000       -1.29587432476885933000       -0.75758992482954324000        3.73498092154731332000        0.30099307105984130000      -10.69526214007351861000       -3.07416591165180808000        1.09962973804607977000       -1.38787035895238597000        2.29969612459278405000        4.48850059377878630000        0.58425670523763085000       -6.10124135007514212000       -8.49292141555792490000        1.49393806137688667000        3.48344882737596473000        3.75293651537160011000        3.18223222728230493000       -0.09645163357849595000       -2.19551387803309339000       -0.54700017947491353000       -1.92159993790185091000        2.40613184328041863000       -0.97286669313938279000       -6.77162808775947855000        0.69395351114646497000        1.95083795088537371000        0.47535215589530672000       -1.74616106306278196000       -0.35366755074191891000        5.15549950443920402000        0.43351257041159569000      -11.76405873174585537000       -2.69092096518023194000        2.63088110069153203000       -1.10682298744268337000        2.90632868804528455000        5.28630527412877882000        1.19488011250449411000       -6.07156425228149832000       -7.93373508817532258000        2.17543492405346717000        2.25134839065643622000        3.65804653209381492000        4.33468904274700950000       -0.24466442207275532000       -2.05634068705205664000        0.41156673426140977000        0.78305683611803256000        1.82913147889143590000       -1.77505484668224311000       -6.84079724812830392000        1.75972519465108213000        1.89995084268451375000       -2.21863744667297214000       -2.04823163838457489000       -0.04468208368436418000        5.86343028604561933000       -0.34651672398225519000      -12.67268198591069606000       -2.03961456326569479000        3.95770080393735268000       -0.86517204264718894000        3.44267685178939775000        5.82349873430387888000        1.09081889995805081000       -6.57856122336737226000       -8.07454391299032181000        2.24850037432123884000        0.67422817502495846000        3.74558655390680029000        4.96265345974493144000       -0.29032950163280491000       -1.53531474833368331000        1.05320301342447165000        3.85662916265613109000        1.12920972882777071000       -2.31789812015192753000       -6.78887911067907357000        2.56990372343421392000        1.64599805814409184000       -5.48270267260386390000       -2.06194940189729081000        0.49083878470260234000        6.52273450421003620000       -0.45023839997226317000      -11.83391819722134386000       -1.12880703876425703000        4.47806169427844747000       -0.41040871901589887000        3.09339693188595710000        5.40355181534109086000        1.63285727098706301000       -5.22831958308368172000       -7.15822166834865925000        2.57179026668752231000       -1.57724971242673417000        3.84291460513743432000        5.55112225549190352000       -0.60324446100023088000       -1.23241578152115561000        1.03493625674515832000        6.61574854373360033000        0.45232157004730933000       -2.47696999939569773000       -6.28487952773195158000        3.12824125981780865000        0.55473347940403084000       -7.93137910950428715000       -2.24932143579488297000        0.78473187518386200000        5.89955262253684687000       -0.74216095827088324000      -10.95439953847287917000       -0.24105149562906489000        5.56795122632796513000       -0.19027622777593453000        2.74419069770419144000        5.15329375404704049000        1.23938587507509079000       -4.40170438993765867000       -6.30734512166212902000        2.46808550313744757000       -4.01471943470017045000        3.67952246685544804000        5.99753729662208990000       -0.84441173738248365000       -0.73311074761311756000        1.10461800527310050000        8.52768173396798979000       -0.42911309073757775000       -2.25836686989102464000       -5.54022608871677935000        3.78037368846385879000       -0.26440869656763488000       -9.77587100779792095000       -2.33436357953577023000        1.03071773120238008000        4.60780037789385766000       -1.25245706840552318000       -9.08138555721903984000        0.66011322635586189000        6.01964046355846616000       -0.00538588588945889000        1.55199268761978160000        4.72054553923489806000        0.36365641695359063000       -3.56837816377295480000       -5.06909741603876007000        1.97344527615210286000       -5.61873580147740714000        2.91111443600364961000        6.41722730738795644000       -1.00814441284500278000       -0.11978958383152585000        1.04749654781297763000        9.74553340358441567000       -1.31504744156741227000       -1.85338905480811222000       -4.10792089272632310000        4.55574177709090034000       -1.03438451103062468000       -9.86246609732453550000       -2.46420248413740017000        1.47218889565973576000        3.24231868880770513000       -1.76989531581179182000       -6.55528594975483347000        1.22604918184356904000        5.78995253327624493000        0.27259789679628066000        1.17072537940189925000        4.11837161763015480000       -0.88090269208420280000       -3.33931597180258732000       -3.22085259980934602000        1.00649077318319335000       -6.30785226786373077000        1.90164304736936063000        6.91063814116407471000       -1.09999934808112387000        0.21953310292364356000        1.08471071132065289000       10.01739956310132840000       -2.12930572318076816000       -1.25420647072010616000       -2.19519608310340164000        4.85791037973663897000       -1.61075186450533780000       -8.34038716901659072000       -2.67312575446166312000        1.75485823758079196000        1.37767054171248859000       -2.21731204366124901000       -4.17471565464243621000        1.47514625280526146000        5.55327367239441383000        0.47883919356763910000        1.80176289758800623000        3.79522984111854589000       -2.75576441670880357000       -3.28222454425149479000       -1.70220956038197135000       -0.28516290138941985000       -5.74831135147555905000        0.95834843850839602000        7.63173663013570280000       -0.97879596321967810000        0.46062719166910399000        0.38163229161099244000        9.99747472138987803000       -2.91541227538585046000       -0.84647077629178480000        0.04031371758987806000        4.06855330384664970000       -1.69306693589767221000       -6.46912923008588248000       -2.73268613946280947000        1.60870519435354598000       -0.04161036755581401000       -3.01601707817971842000       -1.75253333057895788000        1.62885911071521683000        4.95757163196988238000        0.59898663256240170000        2.48852149471282225000        3.47084743789078676000       -4.25646885478848436000       -3.81873307652568883000       -1.80125644834413046000       -2.54616908042950252000       -5.75551615769383407000       -0.33022855907337489000        8.03464013766832252000       -0.91953723950924826000        0.37732434297853074000       -0.93467124480147989000        9.69928401780687643000       -3.69476074561937162000       -0.29200134113754994000        2.20594729937625145000        2.48389796465229429000       -1.88979949603089370000       -4.44748250351644803000       -2.57058263776193785000        1.00719486035071548000       -0.95827621599923485000       -3.84605248292594748000        0.83735497641142731000        1.66185012699213663000        5.22761289739482660000        0.48275401923305533000        3.12112540525074644000        3.39913967460049493000       -5.00046456763276126000       -3.77400121640315289000       -1.33766116053397810000       -4.58200532707946717000       -5.42357294457089800000       -1.72081485419455138000        7.66743331298733910000       -0.94123464722937800000        0.35205774584150906000       -2.07394425428279439000        8.72493764063021615000       -4.42871055185337958000        0.45227348271262624000        4.15725048933409092000        0.64507707156255423000       -1.75707737012231124000       -1.74647454235691746000       -2.14593240737504587000        0.33730285244812114000       -0.85302355124477547000       -4.36737646259143464000        3.43307830287746629000        1.53269934505657979000        4.67860598971905883000        0.28265841628585597000        3.75974579838453371000        2.75238377300092996000       -4.76613695316076047000       -3.10967147561653023000       -0.03423797206524555000       -5.80018649103286688000       -4.66225211746301582000       -2.24271629111879989000        6.78238150305659282000       -1.01930077147915665000       -0.04935587052346654000       -3.83653774333380015000        7.64607895122000514000       -4.81125614560370707000        0.96183569879886577000        6.21477309470490535000       -1.53510421674144326000       -1.43952201260477985000        1.09812337427581586000       -1.67725902308616059000       -0.53048139589458165000       -0.06526553915564637000       -4.36030338236384374000        5.14684650296511492000        1.27553700817765647000        4.38081191752614973000       -0.07615446407287003000        4.66194280149126516000        2.15634632215268773000       -4.07853648489684772000       -2.56776514229945096000        1.11751699525354731000       -6.71040094519054087000       -3.72649203915052585000       -2.71249331138111360000        5.40464668916247160000       -1.15132989391982066000       -0.72655145927619780000       -5.41864434146502827000        5.59079382884248055000       -4.65918409356466778000        1.29020847349559320000        8.24337930709537226000       -2.73637463692971483000       -1.15080408721822258000        4.09153111830745786000       -1.05633854875371980000       -1.33577500330831622000       -0.39892403168093754000       -4.69219986089796848000        6.09102140214275956000        0.97246845043242924000        4.15665802053967948000       -0.50978829920546620000        5.05821461624799973000        1.84113075291654704000       -4.73670928052062035000       -3.62364854261110736000        1.72698399342455078000       -7.94364745355057433000       -2.53774335868158474000       -3.06421638982366851000        3.51044485451681521000       -1.05650762372863083000       -1.31237409148557194000       -6.75527606382578494000        3.17064617758580836000       -4.14361861406598919000        1.63769175405521206000        9.75628639798702224000       -3.75613784335139256000       -0.71707115431328394000        6.56159617530630168000       -0.36314667282241619000       -1.84172030503098294000       -0.60885811030878823000       -4.90335988462975081000        7.32798791784061887000        0.66075932351082545000        3.83380666496342215000       -0.80454701237723725000        5.04259158715563505000        1.14722694520370916000       -4.56652341386787253000       -3.81950294182908268000        2.47773470340443147000       -8.41889598958496244000       -1.80572672770878140000       -2.71048100462385566000        1.37319089545173312000       -1.00502794037942000000       -2.08851004384651651000       -8.64938498155445501000        0.79803262118506169000       -3.57278163504073509000        1.74215472261948912000       10.95503859241130584000       -4.57702018519604348000        0.40372466650077166000        8.45942792309916669000       -0.18286188792505234000       -2.38272214847491304000        0.20551269166635078000       -5.66076034994815558000        7.44512563624803558000        0.28504228026308864000        4.90835773176110113000       -1.17943288481395792000        4.87024149925276628000        0.92122194405240565000       -3.72928881033307125000       -4.84094641148610805000        3.21250326355189264000       -8.46197218481255575000        0.15037921594922288000       -1.88953482748012735000       -1.29903771756055786000       -0.64644491639405899000       -2.22288476943735480000       -9.25146372884426249000       -1.70864043388955489000       -2.88955028728459729000        1.78378095260799530000       11.29554350129236795000       -5.61895217299221006000        2.27029617241398940000       10.04826875411306730000        0.33165897336320471000       -2.50659089586991479000        2.40213253212224931000       -4.95159486178270480000        8.04604488140562779000       -0.03839538303088545000        3.50438597544410424000       -1.19858921932740281000        4.21775074165943487000       -0.63005710542958382000       -1.27435324641568171000       -3.40264384499074080000        4.68501892223045058000       -7.07642019086162755000        2.22120312039760393000       -1.50719391966006255000       -2.84266795408675854000       -0.47180053648281917000       -2.31333897150084766000       -8.87440902321093006000       -3.93561084104171721000       -1.92736739625009190000        1.88451157983306739000       11.08214072551834661000       -6.64131726390538457000        3.20994653268972829000       11.82256854502192844000        1.34156048140850337000       -2.31661422750965329000        4.36840930177176823000       -3.91942535304461837000        8.22132115419845100000       -0.36466322771094950000        0.45477024784242043000       -1.13859121790228301000        3.85927856173601969000       -1.87712924031442663000        2.02259884912673549000       -1.69586718962909244000        5.52743408086658405000       -5.14205789818838621000        4.05926378680819955000       -0.50336053378278234000       -4.39633957340749859000       -0.38587960582884101000       -2.48099798847150899000       -7.67980468854280751000       -6.35939131405172553000       -0.77240294387663433000        2.13030201718798384000        9.97221529740533619000       -6.91567450949548235000        3.89113197564871305000       13.04060586753787376000        2.22591986769525230000       -2.16452954751086102000        5.23970567623593464000       -2.37805900180059249000        7.78568935736336876000       -0.57793503826931591000       -2.92396347144030155000       -1.19759530963316396000        2.85528852088279450000       -2.72148927504538740000        4.36807768510829053000        0.02030698465097157000        6.01444333715702140000       -2.71486585227835597000        5.84846418501569509000        0.10814097152899489000       -4.79398873239771106000       -0.35345065557797989000       -2.65863923095448440000       -5.82717264681186098000       -8.62595911555125738000        0.69681480759911463000        2.47061895797030884000        8.73194087768465721000       -5.93046077368443836000        3.79316060214086015000       14.29613512234466555000        3.03865310232172670000       -1.47412718683649713000        4.62000244486564782000       -1.50506593037992431000        7.16642308871858891000       -0.79837288428584974000       -6.97959688829647629000       -1.12482948971049956000        2.10981870786156689000       -2.78774583724426250000        5.94004911004197389000        0.67752105723532219000        5.66629642311197834000       -0.39400352464138400000        7.53833252403699650000        1.37644364080327075000       -5.15540675659073244000       -0.25190545885181070000       -2.66436813266456385000       -3.71700195718048354000      -10.18389373314557389000        2.12813221646706641000        2.87614656606020569000        7.29363134095807020000       -5.17120802575419880000        3.88426098110742757000       14.48630573256177101000        3.65471785366466095000       -0.62267806531812220000        4.22991883300488425000       -0.60020517936086082000        6.26010084059350103000       -0.84856848881496083000      -10.60382881789635157000       -0.95348124811375401000        1.39412013525027390000       -3.14190174339090555000        8.39003772695036076000        2.33936325156869795000        5.01758834051277347000        2.67363870108596346000        8.20128462759603849000        2.46313098509937811000       -5.33367083919276030000       -0.16951736101827872000       -2.74363844560162429000       -1.57327142222004523000      -11.04574351426781931000        3.31679736415188264000        3.14266841931221164000        5.52757011541239063000       -4.34150425001001405000        3.73439536105408942000       13.89030034618154552000        3.89246790220818495000        0.08556487127423303000        3.92565190946532816000       -0.14491782804757572000        4.71485153803758461000       -0.85066525755787670000      -12.60385060874921415000       -0.81114676845766820000        1.03506306188793151000       -3.21721947810365361000       10.40421100874036320000        3.89067200796280810000        4.23395616373803119000        5.82884217398266458000        8.22861574159407105000        2.98229614349299865000       -5.06476951426148858000       -0.02060004700894129000       -3.09105334137058829000        0.76126945034310445000      -11.50968407195745691000        4.15582168703222266000        3.25810043341211175000        2.90238713085033950000       -3.22362830027929626000        3.15319832343410011000       12.32422200237875920000        3.49332160612140630000        0.33384557858515557000        2.25339106114643428000       -0.32143904722114131000        2.76890869384413163000       -0.81179304847422040000      -12.63986145996642563000       -0.83622243772783689000        0.84199620452145385000       -2.48618267032035067000        9.87197458482423862000        4.51880450935395128000        2.07390560443955962000        7.89129336634290901000        8.26408511155861625000        3.91904276795204121000       -3.84711346452454528000        0.38951582236961801000       -2.94646912691113450000        2.53706970083343375000      -10.64322606062692955000        4.82151663785602214000        3.13766537140326429000       -0.20247264872427559000       -1.24961447320859187000        2.82998353566584626000        9.72538862680237770000        3.08929051746318351000        0.81923863031660271000        1.48846753349718863000        0.15390819839267558000        2.40356557122438330000       -0.59971518745455499000      -14.15411327344085635000       -0.58587774960822192000       -0.33538477797267285000       -1.10754386331835408000        9.88135090778719771000        5.36268408089357518000        0.50560086589097963000        9.47924372284868255000        6.95626255466109100000        4.33744806944374073000       -2.84018994085679655000        0.66044217579633446000       -2.52752575661502954000        3.90899310991181581000       -8.79619243903407977000        4.92295142188362345000        3.03195067737928259000       -2.33416777649470575000       -0.10319184374116198000        2.14309402247002456000        6.94978736050372170000        2.39201408176272246000        1.18041616874185307000        1.49872573302136791000        0.19785296306932662000        1.05014379547505343000       -0.58325464439946351000      -13.19309219942180000000       -0.36528096679511107000       -0.44575418425859242000       -0.51190857454761796000       10.10738599344812450000        6.09810122688705469000       -0.24695923650172699000       11.02059333712214340000        5.55223784561624889000        4.54012800232006697000       -1.86120431257036834000        1.04947891351943823000       -2.21105824816059071000        5.44757098525957240000       -6.82357337923122920000        4.46151460641283748000        2.74222435132810238000       -4.73821277400536456000        0.42197631921112005000        2.17510810906675811000        3.47317404230599802000        1.34837339427586311000        0.85420910537360795000        1.72180456522644842000       -0.31835294998556146000       -0.44812158939690616000       -0.37383309051924607000      -11.08471744414723581000       -0.42296745880475972000       -0.82432419821751002000        0.20794160393295469000        9.59924081802754969000        6.62095295205088963000       -1.87507664939829466000       11.86082251043076674000        4.47450492660347088000        3.93251146313752287000       -1.19567370576452259000        1.21689271100512464000       -1.44718872706085566000        6.36019076802327810000       -4.29472642880311195000        3.51631609344220886000        1.89009476346480509000       -5.79043643237908778000        1.15174622905144930000        1.99670763885808733000        0.30061885229277185000        0.73520456067467266000        0.44270604086005577000        1.70010789107437854000        0.03141239583575320000       -1.42081510792230858000       -0.16464413095366590000       -9.12037227340790757000       -0.34509406718824764000       -1.17954164508027004000        0.32860312691788995000        7.33955592548110669000        5.87871094481791445000       -2.50616174532473934000       10.41694710812541480000        3.93717000717778953000        3.08364111923043982000       -0.58444007951203225000        1.43126819209776612000       -0.91523941877490844000        7.41213731579513357000       -2.12884827295795631000        3.03080586310490663000        1.15107404654315482000       -6.49014745012060690000        1.87099297876763093000        0.99814216412638568000       -2.40357099496310811000        0.38402051930706393000       -0.16450306674634829000        0.11484805400562671000        0.59227667835706033000       -1.93657339793093541000        0.05536472997282645000       -7.65935317037240004000       -0.45034076112812077000       -1.42383801930779796000        0.41647007168929662000        4.16567454725505382000        5.28511236593304101000       -3.49850820207308599000        8.75259565593964872000        3.27156623785044420000        2.68022374393863672000        0.31605553512916701000        1.95931267607945236000        0.13445368878492470000        8.33004051892501707000        0.41990762364484668000        2.92572356946876333000        0.42698980112238449000       -6.91495017288915648000        3.54425544496788936000        0.07900436767463219000       -5.67560541144707997000        0.65355577790637431000       -0.35034199840006847000       -1.11200436067563668000        1.35681907400002011000       -0.51725362895940119000        0.54185480369840000000       -8.64233382148502649000       -0.34014350580938063000       -3.26178508635074138000        0.29853509989806426000        2.64396620738808030000        5.37978050346493042000       -3.22962679692712884000        7.69017791052900357000        0.15518176932852656000        2.04032381346379310000        0.91921602387545631000        1.75662786056857811000        0.64468242139547904000        7.37734386070147075000        2.89276313536198559000        2.22132302860242126000       -0.15961056171551993000       -5.97531249468078762000        4.09198753413234328000       -0.97340161250169943000       -7.42429327803056349000        0.08942687526986774000       -0.69045291837820144000       -1.32117005902909823000        0.94804866520506414000       -0.52390522804717721000        0.87432641267196953000       -5.12266609539832984000       -0.53584030666202109000       -3.25634533217975841000        0.68905724354649289000        2.13380122834674602000        4.61129258156950517000       -1.81616874607232592000        6.60727107697811356000       -2.67352961509248876000        0.45884669947093520000        1.57405273420593317000        1.20190169789694323000        0.78749099295317349000        6.91022114168068136000        4.06724724553436623000        0.93835702065929527000       -0.35115567684500681000       -4.76261830506627959000        4.11435778902763971000       -1.77536788441934612000       -7.33611118791087602000       -0.73396910663812598000       -1.01463059414250045000       -2.24783709741977811000       -0.27179584903045523000       -0.99376323942791411000        0.97697450687041409000       -1.20610761256616517000       -0.74860220880517592000       -2.25701298726446131000        1.18009838749786966000        0.25643003467626163000        2.86240366793273004000       -0.70344315733280682000        4.81639352200685433000       -3.90473143812070678000       -0.10605148976602610000        1.34927081127505710000        1.03106276500991889000        1.00277910033428208000        6.63603369442022739000        4.36449110152853770000       -0.21575777790430958000       -0.45829719976974898000       -4.41824380781695680000        2.97728119601033825000       -1.89769081721654032000       -6.61875607330336635000       -2.06523244995947852000       -1.88400152384003738000       -3.57090823698198800000        0.48177682820393652000       -0.16910603535842836000        1.35178216335401591000        1.76118245581864774000       -1.09733382403557123000       -1.53303617732291175000        1.10657917497937675000       -1.98947695694980520000        3.89594973332126449000       -0.00243143015105730000        3.28391644021201801000       -3.98989748372190389000       -0.39438583284005746000        1.46464110093725020000        1.00497868437779503000        1.32625782060780528000        5.90957420944720457000        4.70131922395565383000       -1.00067729141921902000       -0.63675717488968819000       -3.65674642644810399000        1.80392236303545594000       -2.12785047547490525000       -5.69182276323476355000       -2.75355460672820485000       -2.27822335990473901000       -4.97571279277605782000        1.64711163049647258000        1.56371653895809692000        1.77384708014614456000        2.79761385550807162000       -1.07500274966758647000       -1.09824153906806976000        0.85372879884806996000       -3.60833655321974156000        4.95897329195015324000        0.09599501391320002000        1.27343079066784926000