 4        20        29        36        56
        0.00    0
       1.000000       1.000000      58.933000      58.933000      58.933000      58.933000      58.933000      58.933000      58.933000      58.933000      58.933000      58.471000      58.447000      58.493000      58.493000      58.493000      58.493000      58.493000      58.493000      58.493000      58.493000      58.493000      58.493000      58.493000      58.493000      58.493000      58.493000      58.493000      58.493000      58.493000      58.493000      58.493000      58.493000      58.493000      58.493000      58.493000      58.493000      58.493000      58.493000      58.493000      58.493000      58.493000      58.493000      58.493000      58.493000      58.493000      58.493000      58.493000      59.065000      59.065000      59.065000      59.065000      59.065000      59.065000      59.324000      59.324000
      -1.000000      -1.000000       0.137000       0.137000       0.137000       0.137000       0.137000       0.137000       0.137000       0.137000       0.137000       0.159000       0.159000       0.159000       0.159000       0.159000       0.159000       0.159000       0.159000       0.159000       0.159000       0.159000       0.159000       0.159000       0.159000       0.159000       0.159000       0.159000       0.159000       0.159000       0.159000       0.159000       0.159000       0.159000       0.159000       0.159000       0.159000       0.159000       0.159000       0.159000       0.159000       0.159000       0.159000       0.159000       0.159000       0.159000       0.159000       0.159000       0.159000       0.159000       0.159000       0.159000       0.159000       0.151000       0.151000       0.151000
       -0.46999999999999997000
       -0.08000000000000000000
        0.20599999999999999000
        0.00200000000000000000
        0.19200000000000000000
       -0.34000000000000002000
        0.26600000000000001000
        0.15600000000000000000
       -0.29799999999999999000
        0.11600000000000001000
       -0.25000000000000000000
        0.38600000000000001000
       -0.37000000000000000000
       -0.23000000000000001000
        0.04000000000000000000
        0.00200000000000000000
        0.00400000000000000000
        0.04400000000000000000
       -0.02800000000000000000
        0.38600000000000001000
        0.33000000000000002000
        0.37600000000000000000
       -0.34599999999999997000
        0.08799999999999999000
        0.13200000000000001000
       -0.28000000000000003000
       -0.34399999999999997000
       -0.07800000000000000000
       -0.16400000000000001000
       -0.33200000000000002000
        0.09400000000000000000
       -0.07199999999999999000
       -0.34799999999999998000
        0.04200000000000000000
        0.24199999999999999000
       -0.19800000000000001000
       -0.03600000000000000000
        0.39800000000000002000
        0.21600000000000000000
       -0.32200000000000001000
       -0.28999999999999998000
        0.25800000000000001000
       -0.00800000000000000000
       -0.15400000000000000000
       -0.20799999999999999000
       -0.01800000000000000000
       -0.35999999999999999000
        0.29799999999999999000
       -0.09600000000000000000
       -0.06000000000000000000
       -0.15800000000000000000
        0.06400000000000000000
        0.17799999999999999000
       -0.27600000000000002000
        0.28000000000000003000
        0.30399999999999999000
        0.01200000000000000000
       -0.39600000000000002000
        0.08200000000000000000
        0.08599999999999999000
       -0.31000000000000000000
       -0.10800000000000000000
       -0.08799999999999999000
        0.38800000000000001000
        0.16600000000000001000
       -0.02800000000000000000
       -0.13400000000000001000
        0.01200000000000000000
        0.21600000000000000000
        0.37200000000000000000
       -0.26000000000000001000
       -0.36599999999999999000
        0.27000000000000002000
       -0.11000000000000000000
       -0.27400000000000002000
       -0.28199999999999997000
        0.01400000000000000000
       -0.01200000000000000000
       -0.39400000000000002000
        0.35799999999999998000
        0.27600000000000002000
        0.10199999999999999000
        0.15400000000000000000
       -0.13400000000000001000
       -0.16000000000000000000
       -0.27400000000000002000
        0.05000000000000000000
        0.02600000000000000000
       -0.36199999999999999000
        0.01400000000000000000
        0.34000000000000002000
        0.31000000000000000000
        0.30399999999999999000
       -0.11000000000000000000
        0.02400000000000000000
       -0.20000000000000001000
       -0.35599999999999998000
       -0.22200000000000000000
        0.18600000000000000000
        0.18800000000000000000
        0.07000000000000001000
       -0.11600000000000001000
       -0.15400000000000000000
        0.14999999999999999000
       -0.08400000000000001000
        0.38800000000000001000
       -0.28799999999999998000
       -0.31600000000000000000
       -0.30399999999999999000
       -0.13600000000000001000
       -0.22200000000000000000
        0.07400000000000000000
       -0.39000000000000001000
        0.07000000000000001000
       -0.30800000000000000000
        0.01400000000000000000
       -0.05800000000000000000
        0.21600000000000000000
        0.09800000000000000000
       -0.06800000000000000000
       -0.03200000000000000000
       -0.11799999999999999000
        0.34399999999999997000
        0.05600000000000000000
        0.11000000000000000000
       -0.28799999999999998000
        0.16800000000000001000
       -0.03800000000000000000
        0.18200000000000000000
        0.23200000000000001000
       -0.33400000000000002000
        0.02200000000000000000
       -0.43200000000000000000
        0.07400000000000000000
       -0.34799999999999998000
       -0.08400000000000001000
        0.39800000000000002000
       -0.01400000000000000000
        0.21600000000000000000
        0.19200000000000000000
       -0.18600000000000000000
        0.13400000000000001000
        0.28399999999999997000
       -0.00400000000000000000
        0.00400000000000000000
       -0.15800000000000000000
        0.35199999999999998000
        0.29999999999999999000
       -0.27800000000000002000
       -0.31400000000000000000
        0.39200000000000002000
       -0.20399999999999999000
       -0.06000000000000000000
        0.34799999999999998000
        0.40000000000000002000
        0.08799999999999999000
       -0.24800000000000000000
        0.06800000000000000000
        0.20000000000000001000
        0.03600000000000000000
        0.28599999999999998000
        0.16200000000000001000
       -0.01400000000000000000
       -0.27800000000000002000
        0.11799999999999999000
        0.04000000000000000000
        0.38600000000000001000
        0.18200000000000000000
        0.27400000000000002000
        0.17599999999999999000
        0.22200000000000000000
        0.05400000000000000000
        0.31600000000000000000
       -0.35599999999999998000
        0.29999999999999999000
       -0.10199999999999999000
       -0.03800000000000000000
       -0.03000000000000000000
       -0.05400000000000000000
        0.07400000000000000000
        0.23200000000000001000
        0.09600000000000000000
       -0.17399999999999999000
        0.34599999999999997000
        0.38800000000000001000
        0.38000000000000000000
        0.00600000000000000000
       -0.20200000000000001000
       -0.31800000000000000000
       -0.06800000000000000000
        0.08000000000000000000
       -0.25800000000000001000
       -0.32800000000000001000
       -0.33800000000000002000
        0.31000000000000000000
       -0.17999999999999999000
       -0.38400000000000001000
        0.19800000000000001000
       -0.26200000000000001000
       -0.01000000000000000000
       -0.28399999999999997000
        0.12000000000000000000
       -0.17599999999999999000
       -0.35999999999999999000
        0.16400000000000001000
        0.29399999999999998000
        0.09200000000000000000
        0.20799999999999999000
        0.03600000000000000000
        0.30800000000000000000
        0.19800000000000001000
       -0.15400000000000000000
        0.33600000000000002000
       -0.33600000000000002000
        0.19200000000000000000
        0.08200000000000000000
       -0.30599999999999999000
       -0.23400000000000001000
        0.25200000000000000000
        0.13600000000000001000
        0.20999999999999999000
       -0.06600000000000000000
       -0.11000000000000000000
        0.17199999999999999000
        0.07400000000000000000
        0.09000000000000000000
       -0.28000000000000003000
       -0.39200000000000002000
       -0.28000000000000003000
       -0.27800000000000002000
        0.12400000000000000000
        0.04200000000000000000
       -0.29199999999999998000
       -0.16000000000000000000
        0.23000000000000001000
        0.08599999999999999000
       -0.26800000000000002000
       -0.14599999999999999000
       -0.00800000000000000000
        0.09200000000000000000
        0.33600000000000002000
        0.11400000000000000000
        0.42399999999999999000
       -0.07800000000000000000
       -0.09000000000000000000
        0.07400000000000000000
       -0.19200000000000000000
        0.05800000000000000000
        0.24399999999999999000
       -0.03600000000000000000
       -0.17799999999999999000
       -0.11200000000000000000
       -0.31200000000000000000
       -0.21800000000000000000
       -0.18400000000000000000
       -0.23000000000000001000
       -0.36399999999999999000
        0.06200000000000000000
       -0.39400000000000002000
        0.34599999999999997000
       -0.18600000000000000000
        0.22800000000000001000
        0.15200000000000000000
       -0.24800000000000000000
       -0.44400000000000001000
        0.05400000000000000000
       -0.24199999999999999000
        0.08799999999999999000
        0.00400000000000000000
       -0.05000000000000000000
       -0.35399999999999998000
        0.08200000000000000000
       -0.17999999999999999000
        0.34599999999999997000
        0.31800000000000000000
        0.05000000000000000000
       -0.15400000000000000000
        0.06800000000000000000
       -0.10600000000000000000
       -0.10000000000000001000
       -0.35399999999999998000
        0.08400000000000001000
        0.19000000000000000000
       -0.07000000000000001000
       -0.26400000000000001000
        0.22800000000000001000
        0.20399999999999999000
       -0.01400000000000000000
        0.11200000000000000000
        0.25800000000000001000
       -0.33000000000000002000
       -0.34799999999999998000
        0.28999999999999998000
        0.39000000000000001000
       -0.04600000000000000000
        0.19400000000000001000
       -0.26200000000000001000
       -0.20000000000000001000
        0.23999999999999999000
       -0.09400000000000000000
        0.17999999999999999000
       -0.32400000000000001000
       -0.38800000000000001000
       -0.33000000000000002000
        0.25400000000000000000
        0.11600000000000001000
       -0.00400000000000000000
        0.12200000000000000000
       -0.44800000000000001000
        0.06400000000000000000
       -0.21199999999999999000
        0.18600000000000000000
        0.31200000000000000000
        0.10600000000000000000
       -0.05400000000000000000
        0.30399999999999999000
        0.01600000000000000000
        0.29799999999999999000
       -0.25600000000000001000
        0.28199999999999997000
       -0.33000000000000002000
        0.22200000000000000000
        0.33000000000000002000
        0.30599999999999999000
        0.15800000000000000000
       -0.05200000000000000000
        0.12600000000000000000
        0.23599999999999999000
        0.20999999999999999000
        0.39600000000000002000
       -0.22400000000000000000
       -0.06000000000000000000
        0.07000000000000001000
        0.38600000000000001000
       -0.23599999999999999000
       -0.28999999999999998000
       -0.19000000000000000000
       -0.19800000000000001000
       -0.05400000000000000000
        0.26800000000000002000
       -0.18800000000000000000
       -0.09000000000000000000
        0.13800000000000001000
        0.06400000000000000000
       -0.12800000000000000000
        0.07000000000000001000
        0.39000000000000001000
        0.21400000000000000000
        0.04600000000000000000
       -0.12400000000000000000
       -0.11400000000000000000
        0.10800000000000000000
        0.11799999999999999000
       -0.01000000000000000000
        0.31600000000000000000
       -0.14799999999999999000
        0.23799999999999999000
       -0.29799999999999999000
        0.17000000000000001000
       -0.29799999999999999000
       -0.30800000000000000000
       -0.12200000000000000000
        0.15600000000000000000
       -0.16000000000000000000
        0.09600000000000000000
        0.09600000000000000000
        0.08200000000000000000
        0.01800000000000000000
        0.27600000000000002000
        0.23599999999999999000
       -0.14799999999999999000
       -0.38400000000000001000
        0.28399999999999997000
        0.15600000000000000000
       -0.36599999999999999000
       -0.09000000000000000000
       -0.03400000000000000000
        0.07800000000000000000
       -0.06400000000000000000
       -0.37600000000000000000
       -0.04600000000000000000
        0.31200000000000000000
       -0.37000000000000000000
        0.12200000000000000000
        0.37600000000000000000
       -0.05800000000000000000
       -0.13400000000000001000
        0.19800000000000001000
       -0.03800000000000000000
       -0.08400000000000001000
        0.10800000000000000000
        0.18400000000000000000
        0.03400000000000000000
        0.17999999999999999000
        0.01800000000000000000
        0.28999999999999998000
       -0.38000000000000000000
       -0.03000000000000000000
       -0.13400000000000001000
        0.17799999999999999000
       -0.14999999999999999000
        0.32200000000000001000
        0.11200000000000000000
        0.05200000000000000000
        0.39600000000000002000
       -0.00600000000000000000
        0.16800000000000001000
       -0.01000000000000000000
       -0.15400000000000000000
        0.29599999999999999000
       -0.29199999999999998000
        0.06400000000000000000
       -0.31600000000000000000
       -0.38400000000000001000
       -0.27200000000000002000
       -0.01200000000000000000
       -0.07600000000000000000
        0.29799999999999999000
       -0.07800000000000000000
       -0.09800000000000000000
       -0.22600000000000001000
        0.31600000000000000000
       -0.33400000000000002000
        0.23200000000000001000
       -0.10600000000000000000
        0.09600000000000000000
        0.08599999999999999000
       -0.38200000000000001000
       -0.28199999999999997000
       -0.10400000000000000000
        0.12000000000000000000
        0.33000000000000002000
        0.34799999999999998000
        0.22000000000000000000
        0.23599999999999999000
       -0.17199999999999999000
       -0.29999999999999999000
        0.28000000000000003000
       -0.28999999999999998000
       -0.05800000000000000000
        0.47199999999999998000
        0.03800000000000000000
        0.34599999999999997000
       -0.17599999999999999000
       -0.21199999999999999000
       -0.34000000000000002000
        0.24600000000000000000
       -0.07400000000000000000
        0.15400000000000000000
        0.01800000000000000000
       -0.20599999999999999000
       -0.07400000000000000000
        0.33600000000000002000
        0.09200000000000000000
       -0.11000000000000000000
        0.16000000000000000000
        0.34399999999999997000
        0.08799999999999999000
       -0.24399999999999999000
        0.29999999999999999000
        0.02200000000000000000
        0.13200000000000001000
        0.46000000000000002000
        0.09400000000000000000
       -0.00600000000000000000
       -0.24800000000000000000
       -0.35399999999999998000
       -0.04600000000000000000
        0.35999999999999999000
       -0.26800000000000002000
        0.22800000000000001000
        0.09200000000000000000
        0.04000000000000000000
       -0.06400000000000000000
       -0.40000000000000002000
        0.35999999999999999000
       -0.16400000000000001000
       -0.22000000000000000000
       -0.24199999999999999000
       -0.07199999999999999000
       -0.30199999999999999000
        0.16200000000000001000
        0.21600000000000000000
        0.13400000000000001000
        0.14199999999999999000
        0.07199999999999999000
       -0.06800000000000000000
       -0.35199999999999998000
        0.06800000000000000000
       -0.12400000000000000000
        0.33400000000000002000
       -0.03200000000000000000
        0.28199999999999997000
       -0.34000000000000002000
        0.24199999999999999000
       -0.00600000000000000000
       -0.17799999999999999000
        0.01000000000000000000
        0.07800000000000000000
        0.20799999999999999000
       -0.04800000000000000000
       -0.26600000000000001000
        0.13800000000000001000
       -0.40000000000000002000
       -0.27600000000000002000
       -0.00200000000000000000
        0.41599999999999998000
       -0.03000000000000000000
        0.00400000000000000000
       -0.02800000000000000000
        0.15600000000000000000
       -0.26200000000000001000
        0.00000000000000000000
       -0.15600000000000000000
        0.29399999999999998000
        0.39200000000000002000
        0.19200000000000000000
       -0.16800000000000001000
        0.26400000000000001000
        0.13000000000000000000
        0.16200000000000001000
        0.04400000000000000000
        0.23999999999999999000
        0.21800000000000000000
       -0.01600000000000000000
       -0.19200000000000000000
        0.28799999999999998000
        0.20399999999999999000
       -0.39200000000000002000
        0.03400000000000000000
       -0.02200000000000000000
       -0.07400000000000000000
        0.26600000000000001000
        0.33000000000000002000
       -0.03800000000000000000
        0.18400000000000000000
        0.33200000000000002000
       -0.04400000000000000000
        0.12000000000000000000
       -0.22200000000000000000
        0.28799999999999998000
        0.10000000000000001000
        0.23999999999999999000
       -0.33200000000000002000
       -0.28399999999999997000
        0.25000000000000000000
       -0.16800000000000001000
       -0.38000000000000000000
        0.26600000000000001000
        0.28799999999999998000
        0.33000000000000002000
        0.00200000000000000000
        0.13600000000000001000
       -0.36399999999999999000
       -0.19400000000000001000
        0.21400000000000000000
        0.02600000000000000000
        0.17199999999999999000
        0.36599999999999999000
        0.20000000000000001000
       -0.15200000000000000000
       -0.24399999999999999000
        0.10800000000000000000
       -0.39000000000000001000
        0.10199999999999999000
        0.23000000000000001000
       -0.06400000000000000000
       -0.26800000000000002000
        0.37800000000000000000
        0.28599999999999998000
        0.05200000000000000000
       -0.22000000000000000000
       -0.38600000000000001000
       -0.03000000000000000000
       -0.27200000000000002000
       -0.20599999999999999000
        0.31400000000000000000
       -0.18200000000000000000
        0.14599999999999999000
        0.29999999999999999000
        0.24399999999999999000
        0.29799999999999999000
       -0.17399999999999999000
        0.26000000000000001000
        0.31200000000000000000
        0.16400000000000001000
       -0.32200000000000001000
       -0.12600000000000000000
        0.31800000000000000000
        0.20000000000000001000
       -0.35399999999999998000
       -0.26200000000000001000
        0.17999999999999999000
       -0.27000000000000002000
        0.42399999999999999000
        0.03000000000000000000
        0.07400000000000000000
        0.00000000000000000000
        0.01000000000000000000
        0.28399999999999997000
       -0.00600000000000000000
       -0.07000000000000001000
       -0.07400000000000000000
        0.39400000000000002000
        0.22800000000000001000
       -0.28599999999999998000
        0.04600000000000000000
       -0.05000000000000000000
       -0.32200000000000001000
       -0.14199999999999999000
        0.06600000000000000000
       -0.32600000000000001000
        0.24399999999999999000
        0.36199999999999999000
        0.15400000000000000000
        0.39600000000000002000
        0.28199999999999997000
        0.00000000000000000000
        0.00800000000000000000
       -0.11600000000000001000
       -0.21600000000000000000
        0.01400000000000000000
       -0.18800000000000000000
       -0.06400000000000000000
        0.17199999999999999000
       -0.19800000000000001000
       -0.34399999999999997000
        0.28399999999999997000
        0.20999999999999999000
       -0.32600000000000001000
       -0.15400000000000000000
        0.05200000000000000000
        0.11600000000000001000
        0.28999999999999998000
       -0.14399999999999999000
       -0.31200000000000000000
       -0.26800000000000002000
       -0.16800000000000001000
        1.54069045992154496000       -0.11196923925239823000       -0.00459459304493783000       -0.48612040059937844000       -0.66180872890407272000        0.44849329212205452000        0.98518919274992300000        0.12198178403686974000        0.84184673500883644000        0.38516301663014701000       -0.02378527648196446000        0.08263031017836786000        0.92218815407834542000       -0.59068756941572498000       -0.15136280787416626000        0.38001382715480059000        1.29935950063935679000        0.26665679594442598000        0.58377224989363041000        0.96167960941830943000        1.63705167977981381000       -0.16624604671918594000        0.43392452077694726000       -0.72220141662117854000        0.96691564175419353000       -0.91340734871068008000       -1.21745052404791543000        1.52173104114357716000        1.47259107189189020000        0.40118899471337377000        1.23370760560795611000       -0.02732377153644273000        0.11167784813678053000       -0.33486566267968021000       -0.56917688525646559000        0.53060596116003911000        1.04667722134207963000        0.16136192061675805000        0.90837860005808135000        0.40397549406867933000        0.06171851388695404000        0.18780001279482458000        0.62587676449693075000       -0.65935426393441976000       -0.19061720922541023000        0.32533100136562443000        1.33254466084043388000        0.50002032142333885000        0.58236993844921991000        0.79838922557995962000        1.43997931648138899000       -0.14025399366056759000        0.19123038370710993000       -0.70242162847103617000        0.89726661364739968000       -0.63500313143577758000       -1.06368618836643281000        1.37048188200202081000        1.30519902450996561000        0.41486089421368993000        1.11214338031371485000        0.10835871278256996000        0.05814028154472604000       -0.43108959910896349000       -0.40961561334982199000        0.57087917733680316000        1.10933282939090638000        0.17546951836825300000        0.88412702554019584000        0.46598722258510167000        0.12803578475261693000        0.28680495842407344000        0.35704283060357550000       -0.68093230243265512000       -0.19622652494405290000        0.36532341879674940000        1.13376430103828785000        0.70715479306452589000        0.63165136396891897000        0.73713834350119423000        1.34901222859133774000       -0.15342624080516334000        0.18594555648257957000       -0.68423265949698187000        0.81089041340547208000       -0.61410947084183876000       -1.01608863041295616000        1.40276802515795507000        1.24203422904104688000        0.44407079876100969000        0.92217559028183105000        0.21194199759237933000        0.08041718957373616000       -0.52247454357484302000       -0.19852584356148475000        0.54984638867549818000        1.09122704604080312000        0.19704410194403413000        0.86230258279109118000        0.58847009936717243000        0.18036782863889381000        0.35931437972101382000        0.07386774025506564000       -0.73834064239212882000       -0.16302872319724632000        0.32061451399078900000        0.89253436250791618000        0.95266109275796107000        0.55053164673783694000        0.76058591905193107000        1.30279188431918258000        0.01570617221165847000        0.11332941912382591000       -0.68109574667177497000        0.90635242789781778000       -0.59359986432034240000       -1.02484375311384612000        1.45399978257529794000        1.30250172519138174000        0.34852078850063245000        0.79601862003695623000        0.24171862138210176000        0.11754484790994453000       -0.54234706071258842000       -0.10147608896970638000        0.52955947678274717000        1.23982273056410275000        0.19732276993274139000        0.91118921266893604000        0.58585630779424114000        0.18596588724399354000        0.41612314995564725000        0.06544463258644038000       -0.67115285975833139000       -0.14588437213129554000        0.21043932284593511000        0.98841251774400862000        1.12654151536670089000        0.56638126011930268000        0.84127353983272990000        1.25360620707205817000        0.13822993924621285000       -0.07490265760987341000       -0.65141445587729052000        0.82841388589739207000       -0.48576675099175820000       -0.93339549477695061000        1.40283665503587396000        1.43261405616245407000        0.33134080616880479000        0.66973527521062337000        0.15861946406170233000        0.33658591825951906000       -0.53959542132391736000       -0.04050315642236986000        0.66498040704557237000        1.32290253484466547000        0.18789580055073526000        0.98406013667177383000        0.46108276039070678000        0.16484499933443669000        0.46406910195739765000        0.16706546799495633000       -0.61256387983840566000       -0.12802462466030110000        0.09851298393960711000        1.44125120731195167000        1.20447419855120175000        0.73121698066421603000        0.93038484417010392000        1.26090676663597701000        0.18242612749263720000       -0.24727603476737517000       -0.69813981086194343000        0.66638203652754002000       -0.21114057334025133000       -0.77777743620524853000        1.27839100951156714000        1.50665567141230117000        0.34032306130738710000        0.53247846858945036000        0.10932029222164362000        0.61244801949808259000       -0.49621726538600130000        0.01048013798855701000        0.86864444951370412000        1.39884750160372384000        0.16472129076339265000        1.08975312186805828000        0.44591371356837428000        0.12200778099276247000        0.50316570495398927000        0.15163913556769518000       -0.64610626224853696000       -0.08313174460788667000        0.06069420492194155000        1.99397068417315304000        1.10222417648028315000        0.90875362969780060000        0.95412216759923496000        1.15989754527627009000        0.28717576120080912000       -0.46089920074255974000       -0.71275234431090539000        0.48991361906700154000        0.12172819641317870000       -0.67266462499660518000        1.16580552983222430000        1.54814161122753058000        0.31837242502058127000        0.38922361060162169000        0.07513785443668125000        0.82068878174515980000       -0.52947461070280366000        0.08308742669521138000        0.89541140969148314000        1.43795932057084763000        0.11331318372582967000        1.15961815716487093000        0.43411272615194024000        0.15025152465358441000        0.54012571684392863000        0.13623530823759308000       -0.61983570792111264000       -0.04265579000495748000        0.09915932556282982000        2.40727456411320029000        1.13227652027656078000        0.93224442413719866000        1.07739338860012657000        1.01320479488942983000        0.39671360470864786000       -0.51183442977875782000       -0.70101959134168412000        0.40013905666045185000        0.36210079138790452000       -0.47743780790038415000        1.18698730675040509000        1.61574384234320445000        0.26279828167107816000        0.32710344618415904000       -0.01123697723610961000        0.95733616030012614000       -0.55222399452515103000        0.19648017712049090000        0.91385231150417179000        1.39833479422721774000        0.11897284104387881000        1.18315725430418461000        0.40949578343178900000        0.25149279840669975000        0.61645120986343049000        0.22944189882473848000       -0.66778437816476477000       -0.02884044795333278000        0.15641855012697453000        2.50636926828900197000        1.24526150842628747000        0.91390179740567368000        1.18676579800039383000        1.13461943526048969000        0.44018382475896878000       -0.36355323946467333000       -0.79138000361044680000        0.52204704175345873000        0.49640617847112717000       -0.36209434300218180000        1.22447045028813917000        1.67322782627956657000        0.24575231874525574000        0.32664201634146117000       -0.07201051161672264000        1.00337396861350814000       -0.60302720228387019000        0.36473416619959137000        0.92216936925502546000        1.38125727880150762000        0.14463785150820627000        1.22184864355821787000        0.30881475099151329000        0.41643849614857009000        0.59973452413966843000        0.32427649704940864000       -0.53244709910071697000       -0.03403952939129899000        0.06406843734975888000        2.55415589105473195000        1.41434090391199807000        0.75167965683636384000        1.39445425909773979000        1.13515021677978067000        0.50152223456229883000       -0.30869512984454045000       -0.79846454287535074000        0.52183280041034008000        0.65372918649520761000       -0.12398559518105405000        1.26429085830291377000        1.78062726431874596000        0.17979920338436328000        0.22277646349435831000       -0.15079818866684447000        1.17410723324559552000       -0.72238902732612631000        0.48476904045394370000        0.90350260182024622000        1.44751305470663727000        0.11605269521938222000        1.25853387650052850000        0.17591916444676689000        0.43603772145514913000        0.57730667068349595000        0.31668148784746897000       -0.41769684681589569000       -0.00623923234758444000       -0.00815229942849553000        2.72467561369625333000        1.49173998390092266000        0.65419223810246008000        1.55686884071767362000        1.10210482378323582000        0.64522119307386838000       -0.36461108255036068000       -0.76023762395539884000        0.41966517224142846000        0.76741499377721978000        0.00355405058519060000        1.23805204119153300000        1.88441091408961725000        0.03098560604463161000        0.10538770135951277000       -0.33316791197160528000        1.31066924574716381000       -0.70706137033511240000        0.47718481971480353000        0.96926534215362592000        1.54792395853589237000       -0.04704097459852649000        1.25899944142614006000       -0.01355801583367990000        0.52580566247765359000        0.50561243144945767000        0.04822834109230987000       -0.32894995964842505000       -0.00344621323948132000       -0.04229172817223650000        2.77264708194575960000        1.54775936865551489000        0.58778912031673547000        1.54445604618491905000        1.04467260751792379000        0.76353813709772289000       -0.38554084161901381000       -0.59037012522186760000        0.27796394417847048000        0.79361672675238237000        0.18106382735083509000        1.12075529829616261000        1.94229182319429361000       -0.17191691331983139000        0.10275930361474060000       -0.42274204284657674000        1.44937478592301194000       -0.68085027255992758000        0.61334048371241079000        1.21997393966867529000        1.59284344760957208000       -0.17635904062132096000        1.26910029890240250000       -0.10697305886197674000        0.53976167384594997000        0.47428168952790983000       -0.05276278323033733000       -0.32860766877882508000        0.00341060031446559000       -0.10892963844985054000        2.93634249673408432000        1.47356492262734240000        0.53982100347512385000        1.60511556933144606000        0.95370528171763291000        0.90352514692300490000       -0.39866550250077915000       -0.43946591599089718000        0.24675494870976436000        0.92201426791167962000        0.25223298042219711000        1.13658484464376008000        2.02569179231513941000       -0.26281851608895668000        0.11993429215830533000       -0.43521682579009996000        1.53145980191275055000       -0.61599684074970096000        0.72038013307012061000        1.45574870123861144000        1.61997541250071975000       -0.17275418014833646000        1.27993896934937434000       -0.13489866019975619000        0.51673012541747043000        0.54556648952224440000       -0.03064743510137173000       -0.35988717010467175000       -0.00197857314442276000       -0.13685191191653187000        3.08481336498895731000        1.41883338801010561000        0.55202121143337868000        1.57203117824187455000        0.94835581442268835000        0.94631516621325396000       -0.36865052173344021000       -0.42157221403165396000        0.24337516810853041000        1.01155877613376655000        0.29506505617400891000        1.13922998132170972000        2.01227316140523316000       -0.23682912566425263000        0.12025911130190521000       -0.43140331344594612000        1.63659942051571128000       -0.57830333938694856000        0.86653823477460568000        1.66182324236221302000        1.64070830267985768000       -0.15794572299510004000        1.32946132532435546000       -0.16226991189763809000        0.45169242839900370000        0.57468078858398064000        0.03627241059072872000       -0.40450258664461802000        0.03616515545244305000       -0.22592229124094357000        3.27267231077481124000        1.42853457996220512000        0.54369580216940283000        1.63625085899403633000        0.91699463871425213000        1.06034085417395518000       -0.43670914833869290000       -0.41867619237633119000        0.27890812977486951000        1.17222207970251469000        0.28937308025894592000        1.18309150088459769000        2.17591926554752169000       -0.23332385483111198000        0.14936336489129926000       -0.53536100023717526000        1.85650063336555315000       -0.51084873864435387000        0.90731141266811455000        1.94910471025278409000        1.72197947149568176000       -0.20962117394226701000        1.42467844609301819000       -0.35097518306125636000        0.28071860466213600000        0.58468400661120268000        0.16982847345221824000       -0.45580477665086233000        0.08979699534752499000       -0.30051394292895939000        3.76645828480134304000        1.27543526422996689000        0.66730118652896764000        1.65820248568619166000        0.85171782005962771000        1.27855899393022776000       -0.66368100946421327000       -0.34606669658696221000        0.13695075290786191000        1.37191120679945966000        0.35739850311891080000        1.01967075013999153000        2.28430248895191657000       -0.20358478904560448000        0.06536073678586621000       -0.54711093616997630000        2.07890820221452399000       -0.42297965815843352000        0.95594681608458754000        2.11895466565561419000        1.79768054273722799000       -0.25064247430312431000        1.47480630945138103000       -0.57930247492464770000        0.24590969457401701000        0.57731648358764598000        0.13174450345316219000       -0.42402471662481434000        0.11123290886751681000       -0.34978909577732864000        3.96932698641931703000        1.33493198040818495000        0.64804584118171960000        1.63091406117326176000        0.75627911547562654000        1.35553448407641608000       -0.67195079931923540000       -0.22951812095726276000        0.15050257668349362000        1.48040933374006745000        0.44037288852783840000        1.01171467914550450000        2.39621783642603114000       -0.23613913136559145000        0.04820818933304732000       -0.57325595951443553000        2.12754128900372530000       -0.41880243989314320000        1.07574655508297368000        2.12573045836678309000        1.77670012058951188000       -0.29669692333079289000        1.43728070635444549000       -0.62256624196099308000        0.36569704440152856000        0.50187258009375801000        0.12427794841538374000       -0.47616939730462571000        0.11512130572520674000       -0.41538441978776125000        3.81169182039575594000        1.38430116162520456000        0.58629120587643424000        1.69918147503132233000        0.72530823418119184000        1.46670769485287855000       -0.65249890735075800000       -0.10659766439734619000        0.27875322563502608000        1.60394156922043818000        0.40818160717761520000        1.02706319461805928000        2.54877708471083553000       -0.31508105354384330000        0.05058305127205061000       -0.57853883044306753000        2.31644287025413576000       -0.37834196910926166000        1.14073674813891790000        2.35408112156823313000        1.79215410861150426000       -0.29485732687149496000        1.47123111714180843000       -0.67011669211979796000        0.35306529689043015000        0.47487289265018001000        0.00825043393880622000       -0.46501008801717825000        0.10968998119767345000       -0.47498404764142443000        4.09871131399144506000        1.26359942805251557000        0.60891437422585803000        1.62258108070612006000        0.55718225974035285000        1.58846838476786711000       -0.76219120342010960000       -0.02040344639043968000        0.21297144093509079000        1.75616960371722541000        0.47058503933955720000        0.94639808851603102000        2.57089994065466021000       -0.35083861535314553000        0.11082630843646060000       -0.67060857033690324000        2.38405954572997247000       -0.32426893794187195000        1.22848120924572424000        2.55804710509322186000        1.79692854611339281000       -0.20544854831470147000        1.49263625914556020000       -0.75116992905065272000        0.35714284517191386000        0.44631805942347835000        0.17238816117472971000       -0.49609010984517732000        0.11341977612330399000       -0.58220267395108893000        4.31970406246089400000        1.21291823475635585000        0.67128921762474725000        1.61618814284985390000        0.59264064095968316000        1.72977349788365697000       -0.88372062144992292000       -0.10257581707663499000        0.16131931756533238000        1.92818772254160109000        0.53785811885774648000        0.85287749704077009000        2.64977587360273770000       -0.32645671255582287000        0.19256605790807405000       -0.76807765892951874000        2.35935071421076481000       -0.16176752920442919000        1.20816316270640778000        2.75510158264926908000        1.78573841415224477000       -0.16159554617035990000        1.50020815065709900000       -0.74784629928018642000        0.36704813199554376000        0.38971613587428067000        0.38558892187050420000       -0.59618046683777659000        0.11968831486035210000       -0.64067990242413131000        4.42759230056373632000        0.87501614235993419000        0.70755264501784498000        1.56103428715393977000        0.65774409038577619000        1.82949267881247879000       -1.01686393777856465000       -0.14370944641376179000        0.07904781332884858000        2.05112600328966410000        0.58912498784457257000        0.83184731069451467000        2.65908303106098787000       -0.36414537006649289000        0.25900931264777755000       -0.77839687389385026000        2.39447156356392643000       -0.09544041565696240000        1.21804379289341180000        2.91666029376282721000        1.81630965309574610000       -0.11167143676114838000        1.58473211780805379000       -0.71967818035440667000        0.33995301806390782000        0.32951349001631530000        0.44331824817697213000       -0.64433135137959230000        0.11799907373524583000       -0.62255311842982008000        4.59317097773617800000        0.56045707841039361000        0.61273691835774158000        1.54893505199795389000        0.60184943601366259000        1.94131744865922773000       -1.03941812597699590000       -0.15699226092242990000       -0.00055653692909990000        2.10665734982543240000        0.59458097240920871000        0.88888277347993183000        2.63548276671056314000       -0.44934688572116294000        0.24851252805843399000       -0.85882824297842153000        2.45475784085909243000       -0.15798049070209350000        1.22214903521894658000        2.96201549752074156000        1.83348219384423272000       -0.12443522230771223000        1.61139956366460368000       -0.84290174486930547000        0.36939668805868586000        0.26515839856465012000        0.48513171756908285000       -0.59627726726664121000        0.12949914170615417000       -0.63742885606071653000        4.77772815727934752000        0.47193322141769678000        0.61600783787410607000        1.63349368045497756000        0.55301205059513459000        2.05144832514778352000       -1.05869009499488032000       -0.13658327342247145000       -0.11862038998435127000        2.18868753383825254000        0.67839861392346601000        0.83800818478408046000        2.63096264165750648000       -0.54440261282880631000        0.39158356810311118000       -0.95117515901245553000        2.28782248751425588000       -0.21609711535925485000        1.31809699766750765000        2.96434542330267758000        1.81691015309237880000       -0.14073319974197346000        1.54016696806877218000       -0.76157752427924896000        0.39760907312334609000        0.24323262307215074000        0.70323932515551257000       -0.60877339916537998000        0.18446648183108821000       -0.67750051016738466000        4.72547555429946708000        0.26618762898444698000        0.52453345400146889000        1.81298523441545112000        0.52137490413463994000        2.19584945662945152000       -1.04238091898147989000       -0.11777725435870444000       -0.13142644409798293000        2.25505822308845172000        0.66204125348787601000        0.92538086680822296000        2.74827796793798695000       -0.62831721525308071000        0.46939258479039248000       -1.00534834757721803000        2.09889054539849251000       -0.28899757676770083000        1.33441623501184892000        2.79803131473547095000        1.85229118205178267000       -0.14286006954996894000        1.39622074724018730000       -0.73284429826504549000        0.34412724335918993000        0.31615997092550030000        0.96982201322153339000       -0.51754788458284229000        0.22272545582433567000       -0.72252067459767144000        4.64237169249358317000        0.20134395003182806000        0.43738025427537314000        1.98995280057674839000        0.47389379676487919000        2.22682876379691708000       -0.93957112940366561000       -0.11396006226804632000       -0.19834841952073251000        2.22382391611783259000        0.69397685030833822000        1.01732073531767520000        2.78018393732128244000       -0.67436376584575031000        0.49167584618187232000       -1.06883665900846214000        1.97679633879718120000       -0.29928875257183740000        1.26743865686726753000        2.59378925675258110000        1.82163567265900705000       -0.18132809139894579000        1.31728068898929007000       -0.78271344881799909000        0.40369649382023604000        0.32637139149860578000        0.95878717271917568000       -0.45559984664790698000        0.22139446014283137000       -0.71898793716792830000        4.28324975942822039000        0.26878120091486701000        0.23248489009079337000        2.01156471419824001000        0.50562302566751172000        2.19165755564195486000       -0.68768807987388514000       -0.04060148960591381000       -0.18506423180709450000        2.02707612087286604000        0.74638576936351342000        1.06533047198002850000        2.73499584914339122000       -0.80251186384903028000        0.60635788332463192000       -1.12942650077238205000        1.83492585528893182000       -0.37181809860717702000        1.32029258531428328000        2.58880976615448155000        1.71832219177593992000       -0.20452849739325193000        1.19581032703269052000       -0.74627697935758774000        0.51758637499245908000        0.28385831334009781000        1.09806541686039782000       -0.41856863360856877000        0.23342226933329871000       -0.70086985714681171000        4.01077809458351808000        0.04666297596475574000        0.09039101430447055000        2.07862252483415899000        0.57599279297827799000        2.20311922718065434000       -0.54129912711844164000       -0.00650999296468487000       -0.08987206266949083000        2.00949025502485368000        0.74397632341600861000        1.13838245845281727000        2.73178432755406231000       -0.91017303313335773000        0.66211364838523290000       -1.15015711673887555000        1.71293665596777500000       -0.55587267845011956000        1.33579799483668493000        2.45708634975628959000        1.59212003930603330000       -0.16387374552948306000        1.11307255731905208000       -0.72443906924855472000        0.69812483395192959000        0.23920272937198928000        1.15706166091638485000       -0.34148624296956626000        0.19642799685644899000       -0.54346900945826582000        3.71751770122520941000       -0.04477574621318511000       -0.04298859558129930000        2.10433821165488544000        0.67814710534164568000        2.17677492906748249000       -0.24733379044056356000       -0.03879961633644459000       -0.01037747421591346000        1.91343050147118920000        0.76639315222373028000        1.15290537229794832000        2.55005542354782566000       -1.00206938173898896000        0.68145100141158821000       -1.21510888304939613000        1.56177940200883736000       -0.50773078054576648000        1.21513898203149306000        2.31307321999337434000        1.61204310068908030000       -0.15301819410205536000        1.09451270964443692000       -0.79621546992437020000        0.79161321175250443000        0.15937652876324870000        1.22820597575824575000       -0.38885233203077191000        0.19524250707089374000       -0.64729788715832670000        3.37175135159379824000       -0.03660795717067421000       -0.08287040818912088000        1.98998990606655468000        0.83850173182636778000        2.18263527280956771000       -0.31083273685233875000        0.01099578262448983000        0.03898154225520088000        1.72177299546565288000        0.71282612286735125000        0.98135443919999499000        2.63149943686943022000       -1.06589066193091142000        0.72890701036667338000       -1.27880498571224388000        1.41243503762063982000       -0.52713100789387368000        1.21450433120912771000        2.25866073542127088000        1.59635748545528644000       -0.17351066378274674000        0.95095721040487757000       -0.78627500361182245000        0.98454075856833445000        0.13438716375387716000        1.25378314961183435000       -0.32852234036062311000        0.17818104001667825000       -0.64867667929856743000        3.15242890539764753000       -0.13724640493429749000       -0.08020214670086660000        1.91377101971011321000        0.84655829264644300000        2.20898120623547722000       -0.28758573958962252000        0.14162648720391227000        0.11358556467112048000        1.72277327669882863000        0.75685280475812744000        0.81995488212916468000        2.61718987077497856000       -1.11023855653360193000        0.73680828451408009000       -1.18500917201857714000        1.27839698583659200000       -0.62397272842638996000        1.23764108406688389000        2.24511118596014114000        1.57706835736656514000       -0.08338644466605220000        0.93948983420044030000       -0.81610852405048318000        1.07878620651912582000        0.10789913386068037000        1.25965651189085071000       -0.23703389951045975000        0.12767477595680551000       -0.54858418412427712000        3.05001687424944601000       -0.14723538941427522000       -0.11267834646552026000        1.90267231462714848000        0.82164712872130041000        2.20975085955430695000       -0.15127294601293673000        0.13384476588517907000        0.08504191516077725000        1.66990865283693601000        0.83552503932464872000        0.84668747274565315000        2.45769139172883166000       -1.11842470381893211000        0.70542169953133804000       -1.12091638424980244000        1.22173742557619236000       -0.64928585015953888000        1.22081672896890381000        2.24383473381951415000        1.60256368955545292000       -0.02491983479369703000        0.94685179212256332000       -0.86513407748915727000        0.99333315172825543000        0.13814828665458381000        1.30124830450541351000       -0.23677691425347613000        0.11768265574865336000       -0.58714712218520204000        3.10403603914318271000       -0.15787888160290106000       -0.09371735877634778000        1.88949398772618249000        0.74646006922408459000        2.29563900728361281000       -0.24971086309507437000        0.14939087461363071000        0.01243833440981354000        1.64338494595080764000        0.84423679939280849000        0.75490201793638922000        2.35358025861060005000       -1.09450793775630273000        0.71169779212745965000       -1.11301004381580437000        1.12309839236509035000       -0.55380697820511360000        1.18630393915751053000        2.23092891321983222000        1.57170497377264695000        0.03386648769711095000        0.91153894102112698000       -0.80215071854434961000        0.92703393645167043000        0.20347984018697859000        1.56090331822699202000       -0.28034255897469418000        0.11634164088243910000       -0.68148833384497332000        3.20106232297281812000       -0.27449741104994169000       -0.08379339654950924000        1.89196785407650792000        0.67191789137953406000        2.30961279956155519000       -0.37975181139430525000        0.13556389705182750000        0.01385231276320279000        1.77043975574372703000        0.83770879318151825000        0.64599488960978635000        2.26499143045484930000       -1.02133061504090161000        0.76393649029071398000       -1.00707891352535950000        0.95983102228794670000       -0.48948571913822247000        1.13504767271082851000        2.10684184566334309000        1.57282008663374873000        0.14044398261303065000        0.95995381019294301000       -0.77021713698823668000        0.91653204144321498000        0.22610411011006476000        1.72671288824892644000       -0.37961976127628799000        0.10393157859582040000       -0.70846774241638555000        2.96407282744424538000       -0.26555091402079561000       -0.13036038580173678000        1.91204417718423625000        0.78483607289463286000        2.29492618975986984000       -0.37312654576073728000        0.06916156092337314000        0.06138109266984467000        1.69608568975044149000        0.80161480120138473000        0.67570894015995653000        2.26153828218944497000       -0.97445904482669743000        0.71227177417886400000       -0.92450045670223724000        0.79625612601958617000       -0.52944276861018191000        1.05031746862870357000        1.90820702418545429000        1.53913952293991185000        0.21048872873728264000        0.93969463484671745000       -0.68547253127889207000        0.93488457867360042000        0.18692957858505671000        1.57855551635994007000       -0.42941078203097388000        0.08755182687823160000       -0.66171800425889604000        2.56408615816584229000       -0.21158795593763524000       -0.23057017687180303000        1.81583134966203841000        0.84201800035018348000        2.30630761536917861000       -0.33525588537370143000        0.03515507486514893000        0.08237118857645526000        1.48262708864996484000        0.73431427898284440000        0.66745048245117800000        2.21895051995629045000       -1.07085125571837647000        0.63872065427789226000       -0.85061324611222289000        0.58249306231850650000       -0.50761720047015602000        0.94769326387178687000        1.69451063702140958000        1.57462334702601137000        0.28022820735484205000        0.89589821468703013000       -0.59136894888744984000        0.89977620078217591000        0.22552959392032643000        1.61347681215370664000       -0.42178119843259132000        0.08081205948185161000       -0.68599453993267345000        2.30779756355962196000       -0.17320443981932224000       -0.36612759611055762000        1.77288332220333800000        0.79158720867715249000        2.31006648639987322000       -0.44498924732131889000        0.02018672058946332000        0.14794784816233866000        1.39518477186828638000        0.69179915250639157000        0.65517209321497683000        2.25637062634173668000       -1.12217201466593108000