      0.0000      1.0000     -0.7290      0.6845     33.8200     11.4900
      0.1305      0.9914     -0.6845      0.7290     33.9040     11.4300
      0.2588      0.9659     -0.6374      0.7705     33.9880     11.3700
      0.3827      0.9239     -0.5878      0.8090     33.2464     11.1850
      0.5000      0.8660     -0.5358      0.8443     32.5049     11.0000
      0.6088      0.7934     -0.4540      0.8910     30.6361     10.7450
      0.7071      0.7071     -0.3681      0.9298     28.7673     10.4900
      0.7934      0.6088     -0.2487      0.9686     26.9887     10.2650
      0.8660      0.5000     -0.1253      0.9921     25.2101     10.0400
      0.9239      0.3827     -0.2578     -0.9662     23.4093      9.8300
      0.9659      0.2588      0.6029      0.7978     21.6084      9.6200
      0.9914      0.1305      0.6104      0.7921     19.2837      9.6350
      1.0000      0.0000      0.6179      0.7863     16.9590      9.6500
      0.9914     -0.1305      0.6228      0.7824     15.2332      9.5800
      0.9659     -0.2588      0.6277      0.7785     13.5074      9.5100
      0.9239     -0.3827      0.6350      0.7725     13.9709      9.4800
      0.8660     -0.5000      0.6423      0.7665     14.4343      9.4500
      0.7934     -0.6088      0.6471      0.7624     16.1692      9.4350
      0.7071     -0.7071      0.6518      0.7584     17.9040      9.4200
      0.6088     -0.7934      0.6566      0.7543     18.7981      9.2700
      0.5000     -0.8660      0.6613      0.7501     19.6923      9.1200
      0.3827     -0.9239      0.6660      0.7459     19.8674      9.0250
      0.2588     -0.9659      0.6707      0.7417     20.0425      8.9300
      0.1305     -0.9914      0.6730      0.7396     18.7698      8.9600
      0.0000     -1.0000      0.6753      0.7375     17.4971      8.9900
     -0.1305     -0.9914      0.6707      0.7417     16.5123      9.0500
     -0.2588     -0.9659      0.6660      0.7459     15.5275      9.1100
     -0.3827     -0.9239      0.6542      0.7563     15.4156      9.2550
     -0.5000     -0.8660      0.6423      0.7665     15.3038      9.4000
     -0.6088     -0.7934      0.6301      0.7765     16.8345      9.5050
     -0.7071     -0.7071      0.6179      0.7863     18.3652      9.6100
     -0.7934     -0.6088      0.6079      0.7940     18.2273      9.8550
     -0.8660     -0.5000      0.5979      0.8016     18.0894     10.1000
     -0.9239     -0.3827     -0.2850     -0.9585     19.8060     10.5350
     -0.9659     -0.2588     -0.0628      0.9980     21.5227     10.9700
     -0.9914     -0.1305     -0.1874      0.9823     22.3072     11.3900
     -1.0000      0.0000     -0.3090      0.9511     23.0918     11.8100
     -0.9914      0.1305     -0.3681      0.9298     25.0267     12.1100
     -0.9659      0.2588     -0.4258      0.9048     26.9617     12.4100
     -0.9239      0.3827     -0.4258      0.9048     27.8134     12.6150
     -0.8660      0.5000     -0.4258      0.9048     28.6651     12.8200
     -0.7934      0.6088     -0.3681      0.9298     29.1552     13.0200
     -0.7071      0.7071     -0.3090      0.9511     29.6454     13.2200
     -0.6088      0.7934     -0.2790      0.9603     30.8369     13.3400
     -0.5000      0.8660     -0.2487      0.9686     32.0284     13.4600
     -0.3827      0.9239     -0.1564      0.9877     33.0655     13.4150
     -0.2588      0.9659     -0.0628      0.9980     34.1026     13.3700
     -0.1305      0.9914     -0.2790     -0.9603     33.9613     13.2550
