      0.0000      1.0000     -0.9823     -0.1874     33.8200      8.4400
      0.1305      0.9914     -0.9956     -0.0941     33.9040      8.4450
      0.2588      0.9659     -1.0000      0.0000     33.9880      8.4500
      0.3827      0.9239     -0.9980      0.0628     33.2464      8.1950
      0.5000      0.8660     -0.9921      0.1253     32.5049      7.9400
      0.6088      0.7934     -0.9686      0.2487     30.6361      7.6150
      0.7071      0.7071     -0.9298      0.3681     28.7673      7.2900
      0.7934      0.6088     -0.8607      0.5090     26.9887      7.4200
      0.8660      0.5000     -0.7705      0.6374     25.2101      7.5500
      0.9239      0.3827     -0.6129      0.7902     23.4093      7.3600
      0.9659      0.2588     -0.4258      0.9048     21.6084      7.1700
      0.9914      0.1305     -0.0972     -0.9953     19.2837      7.3400
      1.0000      0.0000      0.5929      0.8053     16.9590      7.5100
      0.9914     -0.1305      0.5979      0.8016     15.2332      7.5050
      0.9659     -0.2588      0.6029      0.7978     13.5074      7.5000
      0.9239     -0.3827      0.6054      0.7959     13.9709      7.4400
      0.8660     -0.5000      0.6079      0.7940     14.4343      7.3800
      0.7934     -0.6088      0.6154      0.7882     16.1692      7.3650
      0.7071     -0.7071      0.6228      0.7824     17.9040      7.3500
      0.6088     -0.7934      0.6252      0.7804     18.7981      7.3300
      0.5000     -0.8660      0.6277      0.7785     19.6923      7.3100
      0.3827     -0.9239      0.6374      0.7705     19.8674      7.4750
      0.2588     -0.9659      0.6471      0.7624     20.0425      7.6400
      0.1305     -0.9914      0.6518      0.7584     18.7698      7.7650
      0.0000     -1.0000      0.6566      0.7543     17.4971      7.8900
     -0.1305     -0.9914      0.6518      0.7584     16.5123      8.1600
     -0.2588     -0.9659      0.6471      0.7624     15.5275      8.4300
     -0.3827     -0.9239      0.6374      0.7705     15.4156      8.7600
     -0.5000     -0.8660      0.6277      0.7785     15.3038      9.0900
     -0.6088     -0.7934      0.6252      0.7804     16.8345      9.4100
     -0.7071     -0.7071      0.6228      0.7824     18.3652      9.7300
     -0.7934     -0.6088      0.6129      0.7902     18.2273      9.9700
     -0.8660     -0.5000      0.6029      0.7978     18.0894     10.2100
     -0.9239     -0.3827     -0.2880     -0.9576     19.8060     10.2150
     -0.9659     -0.2588     -0.0628      0.9980     21.5227     10.2200
     -0.9914     -0.1305     -0.2181      0.9759     22.3072     10.1600
     -1.0000      0.0000     -0.3681      0.9298     23.0918     10.1000
     -0.9914      0.1305     -0.5090      0.8607     25.0267     10.1500
     -0.9659      0.2588     -0.6374      0.7705     26.9617     10.2000
     -0.9239      0.3827     -0.7071      0.7071     27.8134     10.2350
     -0.8660      0.5000     -0.7705      0.6374     28.6651     10.2700
     -0.7934      0.6088     -0.7705      0.6374     29.1552     10.3650
     -0.7071      0.7071     -0.7705      0.6374     29.6454     10.4600
     -0.6088      0.7934     -0.7501      0.6613     30.8369     10.7450
     -0.5000      0.8660     -0.7290      0.6845     32.0284     11.0300
     -0.3827      0.9239     -0.7071      0.7071     33.0655     11.2300
     -0.2588      0.9659     -0.6845      0.7290     34.1026     11.4300
     -0.1305      0.9914     -0.6845      0.7290     33.9613     11.7650
