      0.0000      1.0000     -0.7290      0.6845     33.8200      7.5700
      0.1305      0.9914     -0.8271      0.5621     33.9040      7.8700
      0.2588      0.9659     -0.9048      0.4258     33.9880      8.1700
      0.3827      0.9239     -0.9298      0.3681     33.2464      7.8150
      0.5000      0.8660     -0.9511      0.3090     32.5049      7.4600
      0.6088      0.7934     -0.8607      0.5090     30.6361      7.2450
      0.7071      0.7071     -0.7290      0.6845     28.7673      7.0300
      0.7934      0.6088     -0.6129      0.7902     26.9887      7.1050
      0.8660      0.5000     -0.4818      0.8763     25.2101      7.1800
      0.9239      0.3827     -0.3971      0.9178     23.4093      7.2250
      0.9659      0.2588     -0.3090      0.9511     21.6084      7.2700
      0.9914      0.1305     -0.3090      0.9511     19.2837      7.1550
      1.0000      0.0000     -0.3090      0.9511     16.9590      7.0400
      0.9914     -0.1305     -0.1874      0.9823     15.2332      7.1500
      0.9659     -0.2588     -0.0628      0.9980     13.5074      7.2600
      0.9239     -0.3827     -0.3030     -0.9530     13.9709      7.3450
      0.8660     -0.5000      0.6277      0.7785     14.4343      7.4300
      0.7934     -0.6088      0.6350      0.7725     16.1692      7.4850
      0.7071     -0.7071      0.6423      0.7665     17.9040      7.5400
      0.6088     -0.7934      0.6374      0.7705     18.7981      7.3800
      0.5000     -0.8660      0.6326      0.7745     19.6923      7.2200
      0.3827     -0.9239      0.6326      0.7745     19.8674      7.1400
      0.2588     -0.9659      0.6326      0.7745     20.0425      7.0600
      0.1305     -0.9914      0.6228      0.7824     18.7698      7.2550
      0.0000     -1.0000      0.6129      0.7902     17.4971      7.4500
     -0.1305     -0.9914      0.6252      0.7804     16.5123      7.2050
     -0.2588     -0.9659      0.6374      0.7705     15.5275      6.9600
     -0.3827     -0.9239      0.6471      0.7624     15.4156      6.8600
     -0.5000     -0.8660      0.6566      0.7543     15.3038      6.7600
     -0.6088     -0.7934      0.6566      0.7543     16.8345      6.3200
     -0.7071     -0.7071      0.6566      0.7543     18.3652      5.8800
     -0.7934     -0.6088      0.6471      0.7624     18.2273      5.6400
     -0.8660     -0.5000      0.6374      0.7705     18.0894      5.4000
     -0.9239     -0.3827     -0.1564     -0.9877     19.8060      5.4300
     -0.9659     -0.2588     -0.3681      0.9298     21.5227      5.4600
     -0.9914     -0.1305     -0.7705      0.6374     22.3072      5.7250
     -1.0000      0.0000     -0.9823      0.1874     23.0918      5.9900
     -0.9914      0.1305     -0.9921     -0.1253     25.0267      6.5350
     -0.9659      0.2588     -0.9048     -0.4258     26.9617      7.0800
     -0.9239      0.3827     -0.8910     -0.4540     27.8134      7.2550
     -0.8660      0.5000     -0.8763     -0.4818     28.6651      7.4300
     -0.7934      0.6088     -0.9048     -0.4258     29.1552      7.4950
     -0.7071      0.7071     -0.9298     -0.3681     29.6454      7.5600
     -0.6088      0.7934     -0.9603     -0.2790     30.8369      7.7050
     -0.5000      0.8660     -0.9823     -0.1874     32.0284      7.8500
     -0.3827      0.9239     -0.9823     -0.1874     33.0655      8.0950
     -0.2588      0.9659     -0.9823     -0.1874     34.1026      8.3400
     -0.1305      0.9914     -0.9823     -0.1874     33.9613      8.3900
