      0.0000      1.0000     -0.6845      0.7290     33.8200     12.1000
      0.1305      0.9914     -0.6613      0.7501     33.9040     12.2600
      0.2588      0.9659     -0.6374      0.7705     33.9880     12.4200
      0.3827      0.9239     -0.6374      0.7705     33.2464     11.9950
      0.5000      0.8660     -0.6374      0.7705     32.5049     11.5700
      0.6088      0.7934     -0.6129      0.7902     30.6361     11.1950
      0.7071      0.7071     -0.5878      0.8090     28.7673     10.8200
      0.7934      0.6088     -0.5621      0.8271     26.9887     10.4450
      0.8660      0.5000     -0.5358      0.8443     25.2101     10.0700
      0.9239      0.3827     -0.5358      0.8443     23.4093      9.8100
      0.9659      0.2588     -0.5358      0.8443     21.6084      9.5500
      0.9914      0.1305     -0.4818      0.8763     19.2837      9.2700
      1.0000      0.0000     -0.4258      0.9048     16.9590      8.9900
      0.9914     -0.1305     -0.3681      0.9298     15.2332      8.7900
      0.9659     -0.2588     -0.3090      0.9511     13.5074      8.5900
      0.9239     -0.3827     -0.2790      0.9603     13.9709      8.4600
      0.8660     -0.5000     -0.2487      0.9686     14.4343      8.3300
      0.7934     -0.6088     -0.2790      0.9603     16.1692      8.1850
      0.7071     -0.7071     -0.3090      0.9511     17.9040      8.0400
      0.6088     -0.7934     -0.3387      0.9409     18.7981      8.0300
      0.5000     -0.8660     -0.3681      0.9298     19.6923      8.0200
      0.3827     -0.9239     -0.3387      0.9409     19.8674      7.9550
      0.2588     -0.9659     -0.3090      0.9511     20.0425      7.8900
      0.1305     -0.9914     -0.2487      0.9686     18.7698      7.7250
      0.0000     -1.0000     -0.1874      0.9823     17.4971      7.5600
     -0.1305     -0.9914     -0.1253      0.9921     16.5123      7.5500
     -0.2588     -0.9659     -0.0628      0.9980     15.5275      7.5400
     -0.3827     -0.9239     -0.2820     -0.9594     15.4156      7.5300
     -0.5000     -0.8660      0.5929      0.8053     15.3038      7.5200
     -0.6088     -0.7934      0.6029      0.7978     16.8345      7.4850
     -0.7071     -0.7071      0.6129      0.7902     18.3652      7.4500
     -0.7934     -0.6088      0.6154      0.7882     18.2273      7.5850
     -0.8660     -0.5000      0.6179      0.7863     18.0894      7.7200
     -0.9239     -0.3827      0.6079      0.7940     19.8060      7.8900
     -0.9659     -0.2588      0.5979      0.8016     21.5227      8.0600
     -0.9914     -0.1305     -0.1935     -0.9811     22.3072      8.2250
     -1.0000      0.0000     -0.2487      0.9686     23.0918      8.3900
     -0.9914      0.1305     -0.4540      0.8910     25.0267      8.7700
     -0.9659      0.2588     -0.6374      0.7705     26.9617      9.1500
     -0.9239      0.3827     -0.7290      0.6845     27.8134      9.6350
     -0.8660      0.5000     -0.8090      0.5878     28.6651     10.1200
     -0.7934      0.6088     -0.8443      0.5358     29.1552     10.5500
     -0.7071      0.7071     -0.8763      0.4818     29.6454     10.9800
     -0.6088      0.7934     -0.8763      0.4818     30.8369     11.2700
     -0.5000      0.8660     -0.8763      0.4818     32.0284     11.5600
     -0.3827      0.9239     -0.8607      0.5090     33.0655     11.6300
     -0.2588      0.9659     -0.8443      0.5358     34.1026     11.7000
     -0.1305      0.9914     -0.7902      0.6129     33.9613     11.5950
