      0.0000      1.0000      0.5878      0.8090     33.8200     13.1400
      0.1305      0.9914      0.5954      0.8034     33.9040     13.0550
      0.2588      0.9659      0.6029      0.7978     33.9880     12.9700
      0.3827      0.9239      0.6104      0.7921     33.2464     12.8200
      0.5000      0.8660      0.6179      0.7863     32.5049     12.6700
      0.6088      0.7934      0.6277      0.7785     30.6361     12.3600
      0.7071      0.7071      0.6374      0.7705     28.7673     12.0500
      0.7934      0.6088      0.6447      0.7645     26.9887     11.7600
      0.8660      0.5000      0.6518      0.7584     25.2101     11.4700
      0.9239      0.3827      0.6613      0.7501     23.4093     11.3050
      0.9659      0.2588      0.6707      0.7417     21.6084     11.1400
      0.9914      0.1305      0.6776      0.7354     19.2837     11.0250
      1.0000      0.0000      0.6845      0.7290     16.9590     10.9100
      0.9914     -0.1305      0.6891      0.7247     15.2332     10.8800
      0.9659     -0.2588      0.6937      0.7203     13.5074     10.8500
      0.9239     -0.3827      0.7004      0.7137     13.9709     10.8100
      0.8660     -0.5000      0.7071      0.7071     14.4343     10.7700
      0.7934     -0.6088      0.7115      0.7026     16.1692     10.7650
      0.7071     -0.7071      0.7159      0.6982     17.9040     10.7600
      0.6088     -0.7934      0.7181      0.6959     18.7981     10.7500
      0.5000     -0.8660      0.7203      0.6937     19.6923     10.7400
      0.3827     -0.9239      0.7247      0.6891     19.8674     10.6250
      0.2588     -0.9659      0.7290      0.6845     20.0425     10.5100
      0.1305     -0.9914      0.7268      0.6868     18.7698     10.4150
      0.0000     -1.0000      0.7247      0.6891     17.4971     10.3200
     -0.1305     -0.9914      0.7181      0.6959     16.5123     10.1400
     -0.2588     -0.9659      0.7115      0.7026     15.5275      9.9600
     -0.3827     -0.9239      0.7026      0.7115     15.4156      9.7950
     -0.5000     -0.8660      0.6937      0.7203     15.3038      9.6300
     -0.6088     -0.7934      0.6823      0.7311     16.8345      9.5550
     -0.7071     -0.7071      0.6707      0.7417     18.3652      9.4800
     -0.7934     -0.6088      0.6566      0.7543     18.2273      9.4500
     -0.8660     -0.5000      0.6423      0.7665     18.0894      9.4200
     -0.9239     -0.3827      0.6252      0.7804     19.8060      9.4550
     -0.9659     -0.2588      0.6079      0.7940     21.5227      9.4900
     -0.9914     -0.1305     -0.2304     -0.9731     22.3072      9.7000
     -1.0000      0.0000     -0.1874      0.9823     23.0918      9.9100
     -0.9914      0.1305     -0.3387      0.9409     25.0267     10.2200
     -0.9659      0.2588     -0.4818      0.8763     26.9617     10.5300
     -0.9239      0.3827     -0.5358      0.8443     27.8134     10.8700
     -0.8660      0.5000     -0.5878      0.8090     28.6651     11.2100
     -0.7934      0.6088     -0.5878      0.8090     29.1552     11.5650
     -0.7071      0.7071     -0.5878      0.8090     29.6454     11.9200
     -0.6088      0.7934     -0.5358      0.8443     30.8369     12.2100
     -0.5000      0.8660     -0.4818      0.8763     32.0284     12.5000
     -0.3827      0.9239     -0.3971      0.9178     33.0655     12.7600
     -0.2588      0.9659     -0.3090      0.9511     34.1026     13.0200
     -0.1305      0.9914     -0.1874      0.9823     17.0513     13.1200
