0 1 0.616 -0.788 31.5165 7.19
0 1 0.574 -0.819 31.6605 6.81
0.259 0.966 0.53 -0.848 31.8045 6.43
0.259 0.966 0.53 -0.848 30.7154 6.055
0.5 0.866 0.53 -0.848 29.6263 5.68
0.5 0.866 0.53 -0.848 28.71 5.395
0.707 0.707 0.53 -0.848 27.7937 5.11
0.707 0.707 0.47 -0.883 26.09025 4.695
0.866 0.5 0.407 -0.914 24.3868 4.28
0.866 0.5 0.358 -0.934 23.69965 4.005
0.966 0.259 0.309 -0.951 23.0125 3.73
0.966 0.259 0.242 -0.97 20.3593 3.555
1 0 0.174 -0.985 17.7061 3.38
1 0 0.122 -0.993 15.39295 3.11
0.966 -0.259 0.07 -0.998 13.0798 2.84
0.966 -0.259 -0.017 -1 12.6875 2.575
0.866 -0.5 -0.104 -0.995 12.2952 2.31
0.866 -0.5 -0.156 -0.988 15.13435 2.34
0.707 -0.707 -0.208 -0.978 17.9735 2.37
0.707 -0.707 -0.225 -0.974 18.33325 2.82
0.5 -0.866 -0.242 -0.97 18.693 3.27
0.5 -0.866 -0.276 -0.961 18.31305 3.78
0.259 -0.966 -0.309 -0.951 17.9331 4.29
0.259 -0.966 -0.309 -0.951 17.06355 4.425
0 -1 -0.309 -0.951 16.194 4.56
0 -1 -0.358 -0.934 14.916 4.62
-0.259 -0.966 -0.407 -0.914 13.638 4.68
-0.259 -0.966 -0.515 -0.857 13.3045 4.65
-0.5 -0.866 -0.616 -0.788 12.971 4.62
-0.5 -0.866 -0.602 -0.799 14.28995 4.59
-0.707 -0.707 -0.588 -0.809 15.6089 4.56
-0.707 -0.707 -0.602 -0.799 15.9074 4.77
-0.866 -0.5 -0.616 -0.788 16.2059 4.98
-0.866 -0.5 -0.485 -0.875 17.7103 5.135
-0.966 -0.259 -0.342 -0.94 19.2147 5.29
-0.966 -0.259 -0.259 -0.966 19.85585 5.575
-1 0 -0.174 -0.985 20.497 5.86
-1 0 -0.122 -0.993 22.54915 6.02
-0.966 0.259 -0.07 -0.998 24.6013 6.18
-0.966 0.259 0.035 -0.999 25.58665 6.335
-0.866 0.5 0.139 -0.99 26.572 6.49
-0.866 0.5 0.242 -0.97 26.93255 6.6
-0.707 0.707 0.342 -0.94 27.2931 6.71
-0.707 0.707 0.326 -0.945 28.00875 6.76
-0.5 0.866 0.309 -0.951 28.7244 6.81
-0.5 0.866 0.208 -0.978 30.05055 6.82
-0.259 0.966 0.105 -0.995 31.3767 6.83
