0 1 0.616 -0.788 31.5165 10.90
0 1 0.574 -0.819 31.6605 10.865
0.259 0.966 0.53 -0.848 31.8045 10.83
0.259 0.966 0.53 -0.848 30.7154 10.785
0.5 0.866 0.53 -0.848 29.6263 10.74
0.5 0.866 0.53 -0.848 28.71 10.555
0.707 0.707 0.53 -0.848 27.7937 10.37
0.707 0.707 0.47 -0.883 26.09025 10.12
0.866 0.5 0.407 -0.914 24.3868 9.87
0.866 0.5 0.358 -0.934 23.69965 9.54
0.966 0.259 0.309 -0.951 23.0125 9.21
0.966 0.259 0.242 -0.97 20.3593 9.075
1 0 0.174 -0.985 17.7061 8.94
1 0 0.122 -0.993 15.39295 9.015
0.966 -0.259 0.07 -0.998 13.0798 9.09
0.966 -0.259 -0.017 -1 12.6875 8.855
0.866 -0.5 -0.104 -0.995 12.2952 8.62
0.866 -0.5 -0.156 -0.988 15.13435 8.32
0.707 -0.707 -0.208 -0.978 17.9735 8.02
0.707 -0.707 -0.225 -0.974 18.33325 7.81
0.5 -0.866 -0.242 -0.97 18.693 7.60
0.5 -0.866 -0.276 -0.961 18.31305 7.355
0.259 -0.966 -0.309 -0.951 17.9331 7.11
0.259 -0.966 -0.309 -0.951 17.06355 6.87
0 -1 -0.309 -0.951 16.194 6.63
0 -1 -0.358 -0.934 14.916 6.415
-0.259 -0.966 -0.407 -0.914 13.638 6.20
-0.259 -0.966 -0.515 -0.857 13.3045 5.96
-0.5 -0.866 -0.616 -0.788 12.971 5.72
-0.5 -0.866 -0.602 -0.799 14.28995 5.43
-0.707 -0.707 -0.588 -0.809 15.6089 5.14
-0.707 -0.707 -0.602 -0.799 15.9074 4.855
-0.866 -0.5 -0.616 -0.788 16.2059 4.57
-0.866 -0.5 -0.485 -0.875 17.7103 4.455
-0.966 -0.259 -0.342 -0.94 19.2147 4.34
-0.966 -0.259 -0.259 -0.966 19.85585 4.34
-1 0 -0.174 -0.985 20.497 4.34
-1 0 -0.122 -0.993 22.54915 4.645
-0.966 0.259 -0.07 -0.998 24.6013 4.95
-0.966 0.259 0.035 -0.999 25.58665 5.3
-0.866 0.5 0.139 -0.99 26.572 5.65
-0.866 0.5 0.242 -0.97 26.93255 5.87
-0.707 0.707 0.342 -0.94 27.2931 6.09
-0.707 0.707 0.326 -0.945 28.00875 6.29
-0.5 0.866 0.309 -0.951 28.7244 6.49
-0.5 0.866 0.208 -0.978 30.05055 6.59
-0.259 0.966 0.105 -0.995 31.3767 6.69
