0 1 0.616 -0.788 31.5165 6.65
0 1 0.574 -0.819 31.6605 6.7
0.259 0.966 0.53 -0.848 31.8045 6.75
0.259 0.966 0.53 -0.848 30.7154 6.825
0.5 0.866 0.53 -0.848 29.6263 6.90
0.5 0.866 0.53 -0.848 28.71 6.705
0.707 0.707 0.53 -0.848 27.7937 6.51
0.707 0.707 0.47 -0.883 26.09025 6.275
0.866 0.5 0.407 -0.914 24.3868 6.04
0.866 0.5 0.358 -0.934 23.69965 5.85
0.966 0.259 0.309 -0.951 23.0125 5.66
0.966 0.259 0.242 -0.97 20.3593 5.47
1 0 0.174 -0.985 17.7061 5.28
1 0 0.122 -0.993 15.39295 5.25
0.966 -0.259 0.07 -0.998 13.0798 5.22
0.966 -0.259 -0.017 -1 12.6875 5.33
0.866 -0.5 -0.104 -0.995 12.2952 5.44
0.866 -0.5 -0.156 -0.988 15.13435 5.51
0.707 -0.707 -0.208 -0.978 17.9735 5.58
0.707 -0.707 -0.225 -0.974 18.33325 5.45
0.5 -0.866 -0.242 -0.97 18.693 5.32
0.5 -0.866 -0.276 -0.961 18.31305 4.9
0.259 -0.966 -0.309 -0.951 17.9331 4.48
0.259 -0.966 -0.309 -0.951 17.06355 4.095
0 -1 -0.309 -0.951 16.194 3.71
0 -1 -0.358 -0.934 14.916 3.27
-0.259 -0.966 -0.407 -0.914 13.638 2.83
-0.259 -0.966 -0.515 -0.857 13.3045 2.195
-0.5 -0.866 -0.616 -0.788 12.971 1.56
-0.5 -0.866 -0.602 -0.799 14.28995 1.255
-0.707 -0.707 -0.588 -0.809 15.6089 0.95
-0.707 -0.707 -0.602 -0.799 15.9074 1.635
-0.866 -0.5 -0.616 -0.788 16.2059 2.32
-0.866 -0.5 -0.485 -0.875 17.7103 3.13
-0.966 -0.259 -0.342 -0.94 19.2147 3.94
-0.966 -0.259 -0.259 -0.966 19.85585 4.695
-1 0 -0.174 -0.985 20.497 5.45
-1 0 -0.122 -0.993 22.54915 5.975
-0.966 0.259 -0.07 -0.998 24.6013 6.50
-0.966 0.259 0.035 -0.999 25.58665 6.905
-0.866 0.5 0.139 -0.99 26.572 7.31
-0.866 0.5 0.242 -0.97 26.93255 7.6
-0.707 0.707 0.342 -0.94 27.2931 7.89
-0.707 0.707 0.326 -0.945 28.00875 7.99
-0.5 0.866 0.309 -0.951 28.7244 8.09
-0.5 0.866 0.208 -0.978 30.05055 7.93
-0.259 0.966 0.105 -0.995 31.3767 7.77
