0 1 0.616 -0.788 31.5165 7.44
0 1 0.574 -0.819 31.6605 7.385
0.259 0.966 0.53 -0.848 31.8045 7.33
0.259 0.966 0.53 -0.848 30.7154 7.995
0.5 0.866 0.53 -0.848 29.6263 8.66
0.5 0.866 0.53 -0.848 28.71 8.94
0.707 0.707 0.53 -0.848 27.7937 9.22
0.707 0.707 0.47 -0.883 26.09025 9.46
0.866 0.5 0.407 -0.914 24.3868 9.70
0.866 0.5 0.358 -0.934 23.69965 9.65
0.966 0.259 0.309 -0.951 23.0125 9.60
0.966 0.259 0.242 -0.97 20.3593 9.61
1 0 0.174 -0.985 17.7061 9.62
1 0 0.122 -0.993 15.39295 9.41
0.966 -0.259 0.07 -0.998 13.0798 9.20
0.966 -0.259 -0.017 -1 12.6875 8.955
0.866 -0.5 -0.104 -0.995 12.2952 8.71
0.866 -0.5 -0.156 -0.988 15.13435 8.68
0.707 -0.707 -0.208 -0.978 17.9735 8.65
0.707 -0.707 -0.225 -0.974 18.33325 8.56
0.5 -0.866 -0.242 -0.97 18.693 8.47
0.5 -0.866 -0.276 -0.961 18.31305 8.305
0.259 -0.966 -0.309 -0.951 17.9331 8.14
0.259 -0.966 -0.309 -0.951 17.06355 7.775
0 -1 -0.309 -0.951 16.194 7.41
0 -1 -0.358 -0.934 14.916 6.99
-0.259 -0.966 -0.407 -0.914 13.638 6.57
-0.259 -0.966 -0.515 -0.857 13.3045 5.825
-0.5 -0.866 -0.616 -0.788 12.971 5.08
-0.5 -0.866 -0.602 -0.799 14.28995 5.29
-0.707 -0.707 -0.588 -0.809 15.6089 5.50
-0.707 -0.707 -0.602 -0.799 15.9074 5.95
-0.866 -0.5 -0.616 -0.788 16.2059 6.40
-0.866 -0.5 -0.485 -0.875 17.7103 6.95
-0.966 -0.259 -0.342 -0.94 19.2147 7.50
-0.966 -0.259 -0.259 -0.966 19.85585 7.795
-1 0 -0.174 -0.985 20.497 8.09
-1 0 -0.122 -0.993 22.54915 7.99
-0.966 0.259 -0.07 -0.998 24.6013 7.89
-0.966 0.259 0.035 -0.999 25.58665 8.46
-0.866 0.5 0.139 -0.99 26.572 9.03
-0.866 0.5 0.242 -0.97 26.93255 9.62
-0.707 0.707 0.342 -0.94 27.2931 10.21
-0.707 0.707 0.326 -0.945 28.00875 9.675
-0.5 0.866 0.309 -0.951 28.7244 9.14
-0.5 0.866 0.208 -0.978 30.05055 8.825
-0.259 0.966 0.105 -0.995 31.3767 8.51
