0 1 0.616 -0.788 31.5165 8.54
0 1 0.574 -0.819 31.6605 8.645
0.259 0.966 0.53 -0.848 31.8045 8.75
0.259 0.966 0.53 -0.848 30.7154 9.015
0.5 0.866 0.53 -0.848 29.6263 9.28
0.5 0.866 0.53 -0.848 28.71 8.975
0.707 0.707 0.53 -0.848 27.7937 8.67
0.707 0.707 0.47 -0.883 26.09025 8.47
0.866 0.5 0.407 -0.914 24.3868 8.27
0.866 0.5 0.358 -0.934 23.69965 8.57
0.966 0.259 0.309 -0.951 23.0125 8.87
0.966 0.259 0.242 -0.97 20.3593 8.92
1 0 0.174 -0.985 17.7061 8.97
1 0 0.122 -0.993 15.39295 8.605
0.966 -0.259 0.07 -0.998 13.0798 8.24
0.966 -0.259 -0.017 -1 12.6875 8.035
0.866 -0.5 -0.104 -0.995 12.2952 7.83
0.866 -0.5 -0.156 -0.988 15.13435 7.845
0.707 -0.707 -0.208 -0.978 17.9735 7.86
0.707 -0.707 -0.225 -0.974 18.33325 8.055
0.5 -0.866 -0.242 -0.97 18.693 8.25
0.5 -0.866 -0.276 -0.961 18.31305 8.4
0.259 -0.966 -0.309 -0.951 17.9331 8.55
0.259 -0.966 -0.309 -0.951 17.06355 8.425
0 -1 -0.309 -0.951 16.194 8.30
0 -1 -0.358 -0.934 14.916 8.26
-0.259 -0.966 -0.407 -0.914 13.638 8.22
-0.259 -0.966 -0.515 -0.857 13.3045 8.165
-0.5 -0.866 -0.616 -0.788 12.971 8.11
-0.5 -0.866 -0.602 -0.799 14.28995 8.07
-0.707 -0.707 -0.588 -0.809 15.6089 8.03
-0.707 -0.707 -0.602 -0.799 15.9074 8.015
-0.866 -0.5 -0.616 -0.788 16.2059 8.00
-0.866 -0.5 -0.485 -0.875 17.7103 8.1
-0.966 -0.259 -0.342 -0.94 19.2147 8.20
-0.966 -0.259 -0.259 -0.966 19.85585 8.585
-1 0 -0.174 -0.985 20.497 8.97
-1 0 -0.122 -0.993 22.54915 9.605
-0.966 0.259 -0.07 -0.998 24.6013 10.24
-0.966 0.259 0.035 -0.999 25.58665 10.47
-0.866 0.5 0.139 -0.99 26.572 10.70
-0.866 0.5 0.242 -0.97 26.93255 10.74
-0.707 0.707 0.342 -0.94 27.2931 10.78
-0.707 0.707 0.326 -0.945 28.00875 10.89
-0.5 0.866 0.309 -0.951 28.7244 11.00
-0.5 0.866 0.208 -0.978 30.05055 11.02
-0.259 0.966 0.105 -0.995 31.3767 11.04
