 9         6         2        48        54
        0.00    0
      47.721000      44.980000      41.700000      41.700000      39.995000      37.754000      34.960000      42.292000      45.017000      46.508000      46.508000      46.508000      46.508000      46.508000      46.508000      46.508000      46.508000      46.508000      45.830000      45.830000      45.830000      45.283000      45.283000      43.398000      43.398000      42.457000      42.457000      37.466000      37.754000      44.498000      49.075000      49.075000      49.075000      49.075000      49.075000      49.075000      49.075000      49.075000      49.075000      49.075000      48.634000      48.634000      48.634000      48.479000      48.266000      45.319000      45.088000      45.088000      44.191000      44.191000      47.721000      47.721000      47.721000      47.721000
      -0.707000       0.000000      -0.612000       0.791000      -0.500000       0.866000      -0.387000       0.922000      -0.259000       0.966000      -0.135000       0.991000       0.000000       1.000000       0.126000       0.992000       0.259000       0.966000       0.379000       0.926000       0.500000       0.866000       0.605000       0.796000       0.707000       0.707000      -0.791000      -0.612000      -0.866000      -0.500000      -0.922000      -0.387000      -0.966000      -0.259000      -0.991000      -0.135000       0.379000       0.926000       0.500000       0.866000       0.605000       0.796000       0.707000       0.707000       0.791000       0.612000       0.866000       0.500000       0.922000       0.387000       0.966000       0.259000       0.991000       0.135000
       -0.14000000000000001000
        0.03800000000000000000
        0.27400000000000002000
       -0.00600000000000000000
        0.20999999999999999000
        0.02400000000000000000
       -0.25800000000000001000
        0.02400000000000000000
       -0.11600000000000001000
        0.07000000000000001000
       -0.25600000000000001000
       -0.34999999999999998000
       -0.12800000000000000000
        0.01800000000000000000
       -0.17999999999999999000
        0.01600000000000000000
       -3.25302709287355230000       -3.00766547216659541000       -0.51433229527676783000       -0.40731079406154880000       -0.62493666310152918000       -0.37642230957779760000       -1.17741833458667755000       -0.55853050137183380000       -0.27496118644092427000       -2.30787373011713237000       -0.86829720931131982000       -0.44167253034727477000       -5.28261522689652452000       -1.41585167462628658000       -0.44426200387617903000       -3.34103941844044572000       -0.00530170255254417000       -0.07625999198178299000        3.88915727121465427000        3.45890910771786064000        1.23395007736045148000        1.32949986854523061000        2.46524224623314092000        0.81504481383787708000        0.23995362364717318000        1.66523991237949232000        0.53790493935453210000        3.90084389204232052000        2.83549065763341357000        1.03463255095681239000        3.07370861605512102000        1.78463309389826508000        0.70167681112615132000        1.05443195767591669000        0.37971332891935949000        0.43159048632244079000        1.08651177666307808000       -0.40966104088501348000        0.45507256878391145000        2.53590480141699359000        0.63379219718531810000        0.63438567626887321000        5.01885188073865951000        1.48116904010908357000        0.95489660569697887000        3.98349190398590292000        1.01702430531844956000        0.79113654274631617000        0.98978821451569476000       -0.24715748279003796000        0.34138061195855057000       -4.72609176414089926000       -2.84554377992715990000       -0.71764194901089429000       -4.12361223216184758000       -1.40048508137759065000       -0.38972294216955355000       -3.78940538086832612000       -1.28197225730093556000       -0.44034244019002700000       -4.44421022997667592000       -1.40686344779323491000       -0.48813036819222760000       -5.06126677284272031000       -1.42718731042500790000       -0.40460789049556739000       -6.50527033670060817000       -1.86703664521603718000       -0.77541459792454437000       -5.28169303467647921000       -1.83795539144985609000       -1.06081696527864233000       -4.84030571725203895000       -1.34803040582176492000       -1.27349990762087195000       -4.15439829031844265000       -1.19363206703138469000       -1.12300941865728499000        0.11255529010947454000        0.39364229863206412000       -0.32169524204872602000        3.02013660367855330000        1.79620165759805750000        0.26766868050185449000        5.18530796718002396000        3.14271821239073201000        0.70070756431622572000        5.69372367938284629000        3.14252764488206804000        0.65693704623005689000        5.16530974208059224000        2.97163828011014619000        0.44950220857216888000        4.87939040587324691000        2.94501480575158014000        0.40913875183852710000        6.66219908291089524000        3.12015917576511370000        0.93276859363190445000        8.23207800212877316000        3.91412158257970511000        1.20866109755515994000        7.30338384931623974000        2.84466395883902834000        0.83393033438648656000        6.08838711006775757000        2.53116876461706131000        0.71217167076736121000        3.13826420053288135000        1.84956093481265849000        0.38877436775536722000        2.75272945751737330000        1.38709932511763623000        0.38937033451283670000        1.18066268258433515000       -0.18409667945071434000       -0.11883628817450580000       -0.18936815736775031000       -0.75524842240279055000       -0.20390075136829000000       -1.89333869885083184000       -1.31297231436105077000       -0.51474408252598136000       -1.45041875279162391000       -0.88254286156701356000       -0.41396261509384163000       -1.63697220956999856000       -1.02500900161681896000       -0.48855955006906066000       -0.60401448874764896000       -0.98826641458277464000       -0.42666447315582728000        0.70998136421121993000       -0.16379520834998790000       -0.31955086855248488000        2.35700565079398494000        0.29867573954574250000       -0.04524948722793045000        4.49195493524553413000       -0.06974863296783732000        0.31280209450102181000        4.51588719785797021000       -0.08760507100828473000        0.32321141903414929000