10         6         5        48        54
        0.00    0
      45.830000      45.830000      45.830000      49.075000      49.075000      49.075000      49.075000      49.075000      49.075000      49.075000      49.075000      49.075000      49.075000      49.075000      49.075000      49.075000      49.075000      49.075000      49.075000      48.634000      48.634000      48.634000      48.479000      48.266000      45.830000      46.508000      46.508000      46.508000      46.508000      46.508000      46.508000      46.508000      46.508000      46.508000      45.830000      45.830000      45.830000      45.830000      45.830000      45.830000      45.830000      46.775000      46.775000      46.775000      46.775000      46.775000      46.775000      45.830000      45.830000      45.830000      45.830000      45.830000      45.830000      45.830000
      -0.991000      -0.866000      -1.000000      -0.796000      -1.000000      -0.707000      -0.992000      -0.612000      -0.966000      -0.500000      -0.926000      -0.387000      -0.966000      -0.259000      -0.991000      -0.259000      -1.000000      -0.379000      -0.992000      -0.500000      -0.966000      -0.605000      -0.926000      -0.707000      -0.866000      -0.791000      -0.796000      -0.866000      -0.707000      -0.922000      -0.612000      -0.966000      -0.500000      -0.991000      -0.387000      -1.000000      -0.259000      -0.992000      -0.259000      -0.966000      -0.379000      -0.926000      -0.992000      -0.866000      -0.966000      -0.796000      -0.926000      -0.707000      -0.866000      -0.791000      -0.866000      -0.866000      -0.922000      -0.922000
        0.14199999999999999000
        0.02000000000000000000
       -0.16800000000000001000
        0.34599999999999997000
        0.33800000000000002000
        0.01400000000000000000
       -0.08200000000000000000
       -0.13800000000000001000
        0.14199999999999999000
       -0.07800000000000000000
        0.39800000000000002000
       -0.09200000000000000000
       -0.26600000000000001000
        0.02200000000000000000
        0.32000000000000001000
        0.17799999999999999000
       -0.40799999999999997000
        0.08799999999999999000
       -0.38800000000000001000
       -0.11000000000000000000
        0.13000000000000000000
       -0.39600000000000002000
       -0.28399999999999997000
       -0.09000000000000000000
       -0.02200000000000000000
       -0.02000000000000000000
       -0.28999999999999998000
       -0.04200000000000000000
       -0.01800000000000000000
       -0.34000000000000002000
        0.08599999999999999000
        0.39000000000000001000
        0.04000000000000000000
       -0.03200000000000000000
        0.08599999999999999000
       -0.14799999999999999000
       -0.23400000000000001000
        0.22600000000000001000
        0.34799999999999998000
        0.27200000000000002000
        0.99018569408942092000        1.32771777585338402000        0.44702428877069483000       -0.01576695706576983000        1.99933967905196219000       -0.37266751200866682000        0.97162456829553667000        2.36431303158486017000        1.34879399085470553000       -0.85626185559995616000        2.00241571253780970000       -0.21664543412981133000        2.23445172278554338000        3.81393644765994200000        2.32888317739989237000       -0.56008787256252079000        0.92503622192249890000       -0.14104284514093918000        1.19054793925410629000        3.56702396198673233000        1.95972812012620112000       -1.10838555690166007000        0.32439417757883532000       -0.10884706298323153000        1.69791911504971238000        3.57931716637788089000        2.11790588214739817000       -1.13421470579561290000        0.35212943489341991000       -0.10728607086095227000        0.40423891536731776000        1.97033881790515886000       -0.53452073653902021000        0.64396289565069509000       -1.41651966058819001000       -0.44964949016544575000       -1.63232393830489819000       -0.62388821740449141000       -2.98014140965847574000        1.08317713837443863000       -1.92375308539204104000       -0.51194146230435167000       -2.13589322256660363000       -1.90605171844442944000       -4.79048745925134156000        2.17935012310460285000       -2.93638721591531793000       -0.76402790539879750000       -2.52035618210951773000       -3.69736885812260585000       -5.41311259232839426000        1.85886244378964127000       -1.87081946251752806000       -0.72360329878383667000       -3.50898535718943627000       -5.28902743124604413000       -6.03491983899851636000        1.84355342582381598000       -1.26398243184947856000       -0.64315508561113677000       -4.70722469966126944000       -5.53611607679369655000       -7.62563915121320868000        3.64401225926988692000       -2.92144886619767208000       -0.93285251138425040000       -5.04039343759072622000       -5.04406512936086759000       -8.12230698967787212000        4.28509478376885777000       -3.96689873674665394000       -1.08105944988505631000       -2.02642876020491558000       -3.00578971792403094000       -5.52815641255112133000        4.29058825954079381000       -3.55066289662201662000       -0.91456294691443718000       -3.23560369461395458000       -4.44283223655275172000       -7.47050129221535997000        5.22386472181589667000       -4.85974272065341406000       -1.19947180835585465000       -3.66677967182633191000       -4.93242336885303079000       -7.31492009725826264000        4.07058871519603560000       -4.24783250111753130000       -1.10557806521953794000       -2.64984337503532252000       -4.32723525887861626000       -6.61784507109215703000        4.40592356974159749000       -4.23349417233682868000       -1.13058775344085638000       -3.06888223159629403000       -4.41151938586993175000       -6.39833520907580677000        4.18120423181776069000       -4.01555587205433717000       -1.03535576957580799000       -4.15836914657290713000       -5.09914812774578241000       -7.63162361284359569000        4.64447576754006519000       -5.00006458803423115000       -1.25361988524309842000       -4.16339559734831433000       -2.94444675947960155000       -5.76549440329718976000        3.05949142390008744000       -4.55047939186660333000       -0.80806366195241119000       -3.37314523668323574000       -2.85941408663372432000       -4.94761342455175424000        2.69033200483801771000       -3.70621211087817715000       -0.72328469128654493000       -3.62242916013324123000       -0.19157908019173714000       -2.33666695825641435000        0.21680068355696136000       -2.47789742064442509000       -0.27206301805862343000       -2.51539797495635042000        0.71275611697600239000       -0.96880289107343609000       -0.28914905897406767000       -1.56025752608920376000       -0.07953133078767054000        1.20164009023214757000        2.39867269374811443000        1.14823435888492908000        0.67068871098476346000       -1.45843288787530811000       -0.20608188846744413000        1.13576071649315624000        2.47968989201938506000        2.01919968187515853000       -0.13825543763142059000       -0.44911510321123776000        0.00201071474213278000        0.51840177770341156000        1.97854978034613804000        2.91506703437849213000       -2.06025626297100839000        1.08177065861272181000        0.34774970826145762000        0.29673340067001153000        1.54231211338358420000        1.95975769714423276000       -1.42922168723447118000        0.19352401197377891000        0.19564031819514513000       -0.77138735748833132000        0.42860703195455235000        0.64175656006038617000       -1.98052990613246660000        0.14258019227249438000        0.11162140577534582000       -0.60072044455834028000        0.16551700444220657000        0.33337686689397761000       -1.47049877620193659000        0.29486010412346247000        0.12770562583336106000       -0.16509146824322898000       -0.28177688751793040000       -1.06426786723366051000        0.52345080984499515000       -1.02842042371187592000       -0.21831539592259516000       -1.05472485718319398000       -1.59308357140491208000       -2.17386171860559374000        0.64927272589808405000       -1.38392782180262897000       -0.30347445927909616000       -0.71539411032935463000       -2.30542191569436694000       -3.80063504768185068000        2.89561043634686532000       -2.54405230248311431000       -0.76092088954391790000       -1.30369737665512275000       -2.96689549170038180000       -4.57896161463573304000        3.07444002521696813000       -2.38177262574886495000       -0.79700399112385989000       -2.06610494584850679000       -1.86732976215906388000       -3.80900456171461110000        1.61012335302692189000       -1.65694449646074382000       -0.67061873444163378000       -2.43567185634159422000       -1.56064047169878584000       -3.32112431188745250000        1.01855517462352907000       -1.38408034633835730000       -0.48093856463537282000       -0.83808588477155854000       -0.70788631871768737000       -2.20908668270627739000        1.57467253952101749000       -1.07327457766687973000       -0.46684175447060389000       -0.73486175149765354000        0.07317317353098522000       -1.19740401413135222000        0.95299726972719756000       -0.59484541227159438000       -0.32359338268604892000       -1.30847832290494126000        0.36997608249631558000       -1.51256300095058416000        0.92295087314618274000       -1.06397379961980598000       -0.48212464409249728000        0.19218115854676779000        1.32322944269164045000       -0.63501438704101076000        0.98476911755562690000       -1.23453898370237458000       -0.51185050136619425000        2.46641680318269074000        2.08527399618736409000        0.79702804663485860000        1.07365366724134725000       -0.95556468062767619000       -0.49317546816595725000        1.09288144714876156000        1.31802500948520995000        1.05647996772657837000       -0.85961009433474533000        0.52469323264289214000       -0.20269105965074477000       -0.51082701632934058000        1.17552431630097831000        2.47503964395134535000       -4.03643935145190991000        2.73229450291694498000        0.41614192092524782000       -0.10004699536606042000        1.45364677304588019000        2.58145875032490180000       -3.70310103238695287000        2.74800542160955263000        0.30586113971313400000        1.32370617948221714000        2.35725178130846436000        2.64169939294328682000       -2.75286574016825103000        1.88520978596994482000       -0.02755045345963836000       -0.38869603051074070000        1.19305800000349294000        0.18887910100880839000       -1.84127983964097597000        0.48709118043239713000       -0.39425457369625388000       -1.00045127349077689000        0.80287996797791150000       -1.10274439869724628000       -1.05455615060654617000       -0.23356438054175355000       -0.53673476519939012000       -0.37807008988992447000        1.84517527300828577000       -0.35148206851343039000       -1.78290883939689659000       -0.05157963969266563000       -0.45159700735536157000        0.11214558959402371000        2.29115153642272373000        0.24594966049009295000       -2.41462857752752846000        0.07677526075995403000       -0.39466889449570747000        1.20467076537193218000        3.71937428543796411000        1.39289078886171436000       -2.53835528980210734000        0.07755034914210601000       -0.31831546709763880000