 3         8        28        48        56
        0.00    0
       1.000000       1.000000      58.719000      58.719000      58.719000      58.719000      58.719000      58.719000      58.604000      58.604000      58.604000      58.604000      58.604000      58.604000      58.604000      58.604000      58.604000      58.604000      58.604000      58.604000      58.604000      58.604000      58.604000      58.604000      58.604000      58.604000      58.604000      58.604000      58.604000      58.604000      58.604000      58.719000      58.719000      58.719000      58.719000      58.719000      58.719000      58.719000      58.719000      58.719000      58.719000      58.719000      58.719000      58.719000      58.719000      58.719000      58.719000      58.719000      58.719000      58.719000      58.719000      58.719000      58.604000      58.604000      58.604000      58.604000
      -1.000000      -1.000000       0.152000       0.203000       0.275000       0.275000       0.275000       0.192000       0.152000       0.203000       0.256000       0.256000       0.256000       0.256000       0.256000       0.256000       0.256000       0.256000       0.256000       0.256000       0.256000       0.256000       0.256000       0.256000       0.256000       0.256000       0.256000       0.256000       0.256000       0.256000       0.256000       0.256000       0.256000       0.275000       0.275000       0.275000       0.275000       0.275000       0.275000       0.275000       0.275000       0.275000       0.275000       0.275000       0.275000       0.275000       0.275000       0.275000       0.275000       0.275000       0.275000       0.275000       0.275000       0.275000       0.275000       0.275000
        0.30399999999999999000
        0.07000000000000001000
        0.16800000000000001000
        0.17599999999999999000
       -0.08400000000000001000
        0.32200000000000001000
       -0.19200000000000000000
       -0.11600000000000001000
        0.06000000000000000000
        0.06400000000000000000
       -0.04400000000000000000
       -0.08400000000000001000
       -0.01600000000000000000
        0.34200000000000003000
       -0.32400000000000001000
        0.07600000000000000000
        0.22400000000000000000
       -0.20000000000000001000
       -0.25800000000000001000
       -0.31000000000000000000
        0.10400000000000000000
        0.08400000000000001000
        0.35199999999999998000
       -0.13200000000000001000
        0.11000000000000000000
       -0.37800000000000000000
        0.35999999999999999000
        0.00600000000000000000
        0.32600000000000001000
        0.02800000000000000000
        0.37600000000000000000
        0.09600000000000000000
       -0.33000000000000002000
        0.37800000000000000000
        0.30599999999999999000
        0.34599999999999997000
       -0.11600000000000001000
        0.31000000000000000000
        0.26400000000000001000
        0.36399999999999999000
       -0.41399999999999998000
        0.00800000000000000000
        0.14199999999999999000
        0.28000000000000003000
        0.36399999999999999000
        0.07199999999999999000
        0.22800000000000001000
        0.20799999999999999000
       -0.22000000000000000000
        0.15200000000000000000
       -0.48399999999999999000
       -0.01800000000000000000
       -0.17999999999999999000
       -0.11200000000000000000
        0.25800000000000001000
       -0.22400000000000000000
        0.12600000000000000000
       -0.01800000000000000000
        0.19600000000000001000
       -0.04400000000000000000
       -0.23400000000000001000
       -0.06200000000000000000
        0.37800000000000000000
        0.16000000000000000000
       -0.12800000000000000000
       -0.16400000000000001000
        0.31800000000000000000
       -0.02800000000000000000
       -0.05600000000000000000
       -0.31400000000000000000
        0.36799999999999999000
       -0.01600000000000000000
        0.06200000000000000000
        0.09600000000000000000
       -0.00600000000000000000
        0.22200000000000000000
       -0.19200000000000000000
       -0.08200000000000000000
       -0.21199999999999999000
        0.28000000000000003000
        0.40400000000000003000
       -0.03200000000000000000
       -0.25600000000000001000
        0.10600000000000000000
       -0.38200000000000001000
        0.03600000000000000000
       -0.27000000000000002000
       -0.31800000000000000000
       -0.20200000000000001000
        0.12400000000000000000
        0.17599999999999999000
       -0.01400000000000000000
        0.26800000000000002000
        0.07800000000000000000
       -0.22600000000000001000
       -0.02600000000000000000
       -0.06400000000000000000
        0.00000000000000000000
       -0.38200000000000001000
       -0.38000000000000000000
       -0.43200000000000000000
       -0.06600000000000000000
       -0.12800000000000000000
        0.37000000000000000000
        0.34399999999999997000
        0.06800000000000000000
        0.12600000000000000000
       -0.37800000000000000000
       -0.36199999999999999000
       -0.39400000000000002000
        0.08599999999999999000
        0.08799999999999999000
       -0.32800000000000001000
        0.36799999999999999000
       -0.16800000000000001000
       -0.20000000000000001000
       -0.33000000000000002000
       -0.37400000000000000000
        0.12200000000000000000
        0.25400000000000000000
       -0.05400000000000000000
       -0.06800000000000000000
        0.07800000000000000000
       -0.28399999999999997000
        0.24600000000000000000
       -0.33400000000000002000
       -0.21600000000000000000
        0.20399999999999999000
        0.01400000000000000000
        0.32600000000000001000
        0.23000000000000001000
       -0.03000000000000000000
        0.23599999999999999000
       -0.31600000000000000000
       -0.27000000000000002000
        0.02800000000000000000
        0.28000000000000003000
       -0.12000000000000000000
        0.10400000000000000000
       -0.18200000000000000000
        0.05400000000000000000
        0.09200000000000000000
       -0.05400000000000000000
       -0.08799999999999999000
       -0.09200000000000000000
        0.34399999999999997000
       -0.26600000000000001000
        0.19800000000000001000
        0.22600000000000001000
        0.22600000000000001000
        0.43400000000000000000
        0.09200000000000000000
       -0.29599999999999999000
        0.18800000000000000000
       -0.34399999999999997000
        0.20000000000000001000
        0.36399999999999999000
        0.31400000000000000000
       -0.33800000000000002000
       -0.16800000000000001000
       -0.34999999999999998000
       -0.00600000000000000000
        0.15200000000000000000
       -0.25600000000000001000
       -0.22800000000000001000
       -0.16600000000000001000
       -0.23200000000000001000
        0.29999999999999999000
        0.30199999999999999000
        0.38200000000000001000
        0.07600000000000000000
        0.03800000000000000000
        0.07199999999999999000
        0.15400000000000000000
        0.25800000000000001000
        0.23599999999999999000
        0.17799999999999999000
       -0.17599999999999999000
        0.27000000000000002000
        0.10600000000000000000
        0.00600000000000000000
       -0.07400000000000000000
        0.08599999999999999000
        0.32200000000000001000
        0.39800000000000002000
       -0.20000000000000001000
       -0.11400000000000000000
        0.35999999999999999000
        0.10600000000000000000
       -0.27200000000000002000
       -0.20999999999999999000
       -0.08799999999999999000
       -0.27000000000000002000
        0.24399999999999999000
        0.22800000000000001000
       -0.17599999999999999000
       -0.38800000000000001000
        0.02200000000000000000
       -0.15800000000000000000
       -0.01600000000000000000
       -0.12400000000000000000
        0.03200000000000000000
       -0.11400000000000000000
       -0.39600000000000002000
        0.03600000000000000000
        0.02200000000000000000
       -0.19600000000000001000
       -0.37000000000000000000
       -0.11200000000000000000
        0.14599999999999999000
        0.03200000000000000000
       -0.01600000000000000000
        0.18200000000000000000
        0.26400000000000001000
       -0.22200000000000000000
        0.21600000000000000000
        0.06200000000000000000
        0.17999999999999999000
       -0.05600000000000000000
        0.36199999999999999000
        0.26400000000000001000
        0.08000000000000000000
        0.27000000000000002000
       -0.12400000000000000000
        0.18200000000000000000
       -0.28799999999999998000
       -0.32600000000000001000
       -0.06000000000000000000
        0.36199999999999999000
        0.39400000000000002000
       -0.27800000000000002000
        0.02200000000000000000
        0.02800000000000000000
        0.20000000000000001000
        0.03400000000000000000
       -0.06600000000000000000
       -0.09000000000000000000
        0.14599999999999999000
        0.14799999999999999000
       -0.19000000000000000000
        0.38400000000000001000
       -0.01000000000000000000
        0.14399999999999999000
        0.12400000000000000000
        0.39800000000000002000
        0.39000000000000001000
       -0.17399999999999999000
       -0.03000000000000000000
       -0.21800000000000000000
       -0.14199999999999999000
        0.45600000000000002000
       -0.00400000000000000000
        0.28799999999999998000
       -0.37800000000000000000
       -0.27600000000000002000
        0.11799999999999999000
       -0.12400000000000000000
       -0.11200000000000000000
        0.31600000000000000000
       -0.07199999999999999000
        0.36599999999999999000
       -0.05000000000000000000
        0.15600000000000000000
       -0.15200000000000000000
       -0.09600000000000000000
        0.17199999999999999000
       -0.07400000000000000000
        0.13200000000000001000
        0.13200000000000001000
       -0.19000000000000000000
        0.01800000000000000000
        0.07400000000000000000
       -0.23200000000000001000
        0.02600000000000000000
        0.33200000000000002000
        0.30199999999999999000
        0.35399999999999998000
       -0.29599999999999999000
       -0.20200000000000001000
        0.11200000000000000000
        1.35152819217530995000        0.22444014854561098000        0.01415917724353201000       -0.15427677379595506000       -0.22027359309426686000       -3.09634748848104824000       -5.04865981654376572000       -1.52077406087608091000        0.01262315021015979000        0.18294101705883714000       -1.65546933142240738000       -1.43513929929953332000       -1.96695443694320460000       -5.06714569798798120000       -7.80639721413596011000        0.42562340684884681000        2.51097011442181328000        1.00620043820666916000       -0.88439905598599322000       -2.59469091352342929000        0.82059586995145806000        0.32119084674404846000        1.15580801004792311000        3.95904174763066363000        0.15264184131477376000       -0.76404335575448690000        1.90872594409829954000        0.86458812308884847000       -1.01922484004804947000        1.98096026633362432000        1.21474829547391083000       -0.18974497035701224000       -0.18774969754185689000       -1.73363880510662249000       -4.83056301457842618000       -5.02534330820947783000       -4.08195700999019273000       -1.12449330711818418000       -0.25125919923018736000       -1.51881865355731560000       -0.76382337080034368000       -0.98254854090560517000       -7.09057765686028585000       -7.57106627506334817000        0.29374918699296387000        1.18767841687371467000        1.46974884574061071000        0.48601855642527647000       -3.82551789887282911000        1.45078338288256203000        0.88758617838116316000        1.29356974190156992000       -0.86837483585509778000       -0.27663885989161424000       -1.75302675355944637000        3.58846285807042253000        0.06098993239513691000       -2.54783141495985532000        2.63137934115471772000        2.64165037168097516000        0.68239957671050600000       -0.34014896943584200000       -3.27852464517916653000       -6.37356993097455682000       -4.19754880552967080000       -5.92405431736846744000       -1.95987194997065028000       -0.58768179715087920000       -1.09645087960167720000        0.03654634760794446000        0.33665753562101813000       -8.23287397477818317000       -4.76294665940881679000        0.27993268645232344000       -0.45601465880279435000        1.41189216617277657000        3.43578914706377825000       -4.17801673153647268000        2.61303717793510692000        1.45332474666541955000        0.88801013691666419000       -7.40630104247124610000       -1.22476851413440424000       -2.65366957008161641000        4.57331328356235467000       -0.37413952259735783000       -4.29764119481972084000        4.31762721019718487000        4.24786376764969642000        1.50320089048234351000       -0.63886502718271787000       -4.05159668309673204000       -6.39570852142471669000       -3.02666765518332648000       -7.77417333539848698000       -2.20643152690176203000       -0.56557591384056216000       -0.95081750185294844000        0.44509796388866202000        1.90705750174647615000       -7.74549748830453844000       -1.12393321907953148000        0.54352857975494573000       -1.23461978526799698000        1.61697384196097671000        5.80624219800214458000       -3.11034932419171684000        3.25787182918654983000        1.37019019384482377000        0.22813612052290924000      -12.58340663205153831000       -1.80209554122279081000       -3.01272814612490780000        3.78016517981010747000       -0.37290862241215478000       -4.89780081118015609000        6.08246377014413842000        5.00268036116193215000        1.32262493611817700000       -0.77307327858573305000       -4.58809085765077906000       -4.90262202416743520000       -1.80675426559451680000       -8.55154842274643556000       -2.47693936534602921000       -0.48771692183155013000       -1.34506394149511155000        0.65908747064575257000        2.28218824481880356000       -7.50648595099609572000        0.50216942060232461000        0.56804622019542572000       -1.28531127449420346000        1.85535131372046047000        8.00115147323790943000       -2.46339412253078027000        3.67971202664670294000        1.28287682719121499000       -0.54405441327588799000      -17.63803272977613900000       -2.31069129693219066000       -3.23113139956666862000        3.14962555209770878000       -0.75057407712423130000       -5.05434866008453465000        5.86970644374359907000        6.14828450134055604000       -0.12309085464194988000       -0.92402037846714402000       -5.42729646408318001000       -3.60465272166151118000       -0.68618626618178058000       -8.31142883682269940000       -2.95517205436919106000       -0.50472880942737575000       -2.15427520122644989000        0.75747605815824826000        1.65386076830993356000       -6.08130957211475209000        1.64486997772579824000        0.21305046448880210000       -0.68370070000945182000        2.10714422220759756000       11.13942040747653017000       -2.04539928178045871000        4.57607044738759239000        1.76741654270167570000       -0.34792681317164387000      -21.57816002269558810000       -2.76993488335422144000       -3.75329534897190253000        2.56248270614059859000       -0.40405920051515998000       -4.93855593488069378000        4.50949810539025364000        6.06051130331479815000       -1.41156428105198617000       -0.92230362658411169000       -5.96796617074243141000       -2.89777132651778446000        0.56595242950187330000       -7.68260572052429414000       -3.68998766743458440000       -0.38503759970088913000       -2.44049322525727730000        1.31998042263009130000        1.14185304054559134000       -5.89494027737761339000        2.24660707746797650000       -0.53688313690481915000       -0.75966105497991032000        2.15847904385738820000       11.64959034258359694000       -2.06652795846698423000        4.00494092567584303000        1.88453156876310435000       -0.26622792234142956000      -23.27505352184849840000       -3.06644566716707789000       -3.55984047203555232000        2.86065774330528644000       -0.08693114322491760000       -4.62304666270436293000        3.92152332543123450000        6.10068850383449135000       -1.46444172252452431000       -0.85491437082696620000       -5.18397787699624235000       -1.42126544284035328000        2.05478270489077453000       -7.22929734718049932000       -3.35194334328953181000       -0.10668022359951862000       -2.44924252619542848000        1.47714531139099425000        0.57248604503717393000       -5.33192346193131250000        5.12425557396848674000       -1.25113664912746425000       -1.11780467428061070000        1.52130260676186357000       11.97956808826117658000       -1.39811412478702968000        2.71617830047835751000        0.90249888861856897000       -0.67403261725520858000      -26.13394758759606870000       -3.01683782018324420000       -2.44352454091565274000        0.69884338420598890000       -0.39435932555958236000       -3.98654072997854270000        0.46221280382644719000        4.37097223117706779000       -1.48588099425101117000       -0.71192243695163782000       -4.90381652756133768000       -0.16949018032708185000        3.61522535103540266000       -3.42865182963940773000       -3.25035091652505903000        0.00834743008592661000       -2.65488560962586329000        1.78120868753462469000       -3.31200675170809111000       -4.28977167370434831000        6.32249433754036261000       -1.83917645175099986000       -0.78097312293293242000        0.84737200126413936000       13.13412930190154704000       -0.31864180657202262000        2.08424943045550659000        0.36192185748731848000       -0.14699655568217304000      -28.95781149804685840000       -3.22208437108083023000       -2.14405850979175705000        0.66995730475385273000       -0.62910131906384892000       -4.46154394127344656000       -2.30285906106326976000        2.40049189305957311000       -2.03928978542854233000       -0.54811621637017349000       -4.22370787077640308000        1.10392214631032393000        4.93772481224020776000       -2.00921249237708421000       -2.75444050036289934000        0.26732509235213825000       -2.44916270905650801000        1.86250448968530713000       -6.43012014650740493000       -4.15515447682557770000        6.95253006880789037000       -2.19938487668142457000       -0.54902505497546317000       -0.10270077193679283000       13.55996065747797274000        0.52104613317541770000        1.58913277089317795000        0.93883247672126358000        0.53844039395079257000      -31.02911642378650820000       -2.98998351937843232000       -0.86945092640956145000        0.61039849752261111000       -0.78638401643917222000       -4.41980471169653022000       -4.54910177082363898000        2.70599312258792191000       -1.78176063563932474000       -0.53637846614351492000       -2.82420382142160742000        3.04627444338524089000        6.92335995538051563000       -0.60301085590067294000       -1.66403766974437151000        0.82873062074536175000       -2.25604329385643920000        1.49554346715088360000       -6.56981051037544184000       -2.18634364204131693000       10.76320888745458149000       -2.53408449835382266000       -0.29490048073745406000       -0.65887777469339825000       12.45386079177200678000        2.31182048251143035000        0.97797317353391011000        0.30884372145027472000        0.71214706019733198000      -28.71159217041953230000       -2.41301433909956309000        0.26149028122264667000       -2.03836953672438703000        0.02235190793413126000       -2.09790535099095843000       -6.37179750439209691000        2.82230724024330382000       -1.56619630672288213000       -0.52506858578903270000       -1.63246912141267098000        4.59499213358796776000        7.97409756371973177000        1.68437870973301140000       -0.82008558381427832000        1.35829439103202865000       -2.20164637867885959000        1.14279659445607717000       -5.76990898488924220000       -1.31678081812428349000       12.33123443088121007000       -2.58657365423269781000       -0.08673724255597183000       -1.15076095767735964000        9.79830260350491322000        3.69081559379617374000       -0.34082140164680369000       -0.45655169157816677000        0.90132644944524998000      -23.69192125686180720000       -2.08212104731266656000        1.46139876654512602000       -2.32768854920833546000        1.47014004204481541000       -0.55448714322063952000       -8.93767998378997319000        3.21910626126674204000       -1.07143714408157709000       -0.48483833234565438000       -1.02470842637936910000        5.89408534525403827000        8.18073709959678652000        4.34451533970306603000       -0.43908132237596076000        1.84765211973550292000       -1.99945910395895976000        1.02332061970802735000       -5.44137192484059540000       -1.24576087468188135000       12.70918525137721389000       -2.82424702939227279000        0.31857234827880843000       -1.87466501328241253000        7.11895482923444511000        4.47102211861804921000       -1.51853613114430330000       -0.67358720464804811000        1.41897563979639219000      -18.28013857322769910000       -1.72694970983988649000        2.49649019800042149000       -0.90058661414283170000        3.27990943408593427000        0.48586156121509638000       -9.74594622600834448000        3.05009754645775866000       -1.20738751742238404000       -0.20346679140469498000       -0.24273131058677166000        6.29899973968934912000        8.21825067060766479000        5.54550688783734369000       -0.28218430266841943000        2.07123282633781081000       -0.74855744936953605000        1.42699899034428013000       -3.20632979171759347000       -1.59221134857313484000       13.37054464178848079000       -2.63002048946436329000       -0.61938031832136620000       -2.72305982813185432000        4.47057394908570682000        2.29684826492826488000       -2.60768267157881617000       -1.62593990651350162000        1.58907069086880792000      -12.95341910337785230000       -1.48553088672107636000        3.47354397534576265000       -1.67576496787731055000        3.54442769334351659000        1.54677352287644987000      -10.29483940340722548000        3.51984269441481779000       -0.91725735568862676000        0.01971290254329393000        0.38495662870618047000        6.25465904725529320000        7.86532612982393342000        6.56115409828905260000        0.05020949310763005000        2.17060832529901093000        0.37983803422652918000        1.40459652808181068000       -0.20821288121207082000       -1.64687903963915216000       13.99149734465175143000       -2.10619483945178754000       -1.78499493876849979000       -3.06508095652863766000        1.61069363587993442000        0.68076638185949545000       -2.73974731208029576000       -2.11025344245276081000        1.79854501276046186000       -5.74294325429887209000       -1.51038689552230543000        3.94705245378504843000       -1.58032602317877169000        4.00987046992586915000        2.63196138765806609000      -10.41486131036857898000        2.75754283015474000000       -0.07567425496611244000        0.39147416820878189000        1.15073053133685899000        6.60112913185855721000        6.35886228752659921000        8.67365102800119026000        0.39781088803500875000        2.16253657068451721000        1.31906962821163831000        1.62503422660693309000        0.51024697727618540000       -1.79259343431781337000       12.40365808877918674000       -1.40924024827132421000       -2.19271060570901177000       -3.59677998851614689000       -0.61149048196513156000       -0.77004840487284609000       -3.13259817562996012000       -2.83195686432512161000        1.91537138757879322000       -0.72123551404818487000       -1.34569304926308009000        4.15148262144229996000        0.15628126326306968000        3.69815229952949043000        2.09447145119518119000       -9.08126409761934816000        2.53229056899860216000        1.25209686226744843000        0.70272797934594100000        1.66828937967503488000        6.30256670613153069000        4.98677015691749936000        8.46750197992573739000        0.70115911430586042000        2.06886238972676040000        2.31957073240875067000        1.63999051771870308000        1.14170685366022306000       -1.49048532059481320000       12.36958816023357599000       -0.37210867041924328000       -2.94341644342240505000       -4.16078759947377819000       -0.86123953486218574000       -1.99824595458698573000       -2.24987806703090065000       -3.14345475272031116000        1.97830050415534342000        0.69753609830398033000       -1.13361026689994304000        4.08935747993103327000       -0.50323549539725865000        2.68444450209714836000        1.38173585777048524000       -9.24203913681175848000        1.80867405036976425000        2.35088647725022959000        0.85024840211997310000        1.88889237418132172000        5.29547711038308844000        4.12870443597950398000        9.55314148195725998000        0.70487177660962075000        2.14692608118872830000        3.03051066922724477000        1.62011354504627381000        1.34489640859101178000       -1.30386247212399686000       12.17430661241347245000        0.42117290728562251000       -3.02361037573781388000       -4.35688506148539645000       -2.32798309348052301000       -2.83662154499519925000       -1.94776434874499271000       -3.92490369256455995000        2.05060145994459431000        4.33662420493551259000       -0.66535143349561898000        3.66408988835262139000       -0.86094329926470892000        2.25392325962804208000        1.21913001620021588000       -9.65010935991106500000        1.05880081896165779000        3.37898164033817849000        0.90956180057539116000        1.56140208295451721000        3.88360737897428532000        2.60846611725038091000       11.32681673504591480000        0.35375157074833286000        2.02507654689639027000        3.22353141908787810000        1.88792050677791146000        1.15998958432755783000       -1.40093422901685716000        9.72715739816711533000        1.20380798774125708000       -2.53443315507255873000       -3.93369064095981758000       -3.50688499889063365000       -3.21618116569266954000       -1.77091073895947693000       -4.34878479908319715000        2.13234739284630770000        7.36423445666132093000       -0.53517435115735379000        2.63387342559444315000        1.86481708362217535000        2.21617587152915396000       -0.17066406646282770000       -8.94106397253738905000        0.82364676537549453000        4.01028409358524218000        0.92815376674853944000        1.07490611695567173000        1.63224176872765492000        0.76245320126064609000       10.13266993363665414000        0.27522833318088907000        1.74173806743831072000        2.92227534494166719000        1.95730753657342293000        0.62063816584078968000       -0.57830445909363137000        7.11904996505722742000        1.81392872896281188000       -1.43814786662164562000       -3.36692441066917381000       -2.65029240005363542000       -3.16844164882592061000       -0.18320816096236708000       -3.64940197278890910000        2.18822172150872607000        8.32721268630114864000       -0.09198571576966937000        1.30429853528476802000        3.42785357555924541000        2.40612765026534792000       -1.40429908972229889000       -3.97289514527805565000        0.76728309327010746000        3.62173721990548758000        0.76195872748999394000        0.57232623245610470000       -0.80104832825353767000       -1.66085629697508530000        6.66223816165762717000        0.10131724823566270000        1.24374837022449469000        3.20869903240793430000        2.19324310381127718000        3.79953725496522265000        0.66941191508264120000        4.12901750122910549000        3.25326582789046626000       -1.60275780404465995000       -2.36764098137933043000       -2.27086739288290174000       -4.44095515825150411000        0.57288694279684471000       -3.45822353555287609000        1.87874821737405306000        9.57529110019854812000       -0.29505469600858708000       -0.04464411688408722000        3.73399306052834756000        2.12891795445157950000       -2.97985362301119849000       -0.06578414631859132000        0.64209650416613206000        3.33405738174378641000        0.51786874864219778000       -0.12327674025866527000       -2.89594277996104488000       -4.12163030796460994000        4.88318225722111876000        0.11787842295566549000        0.40747374711509204000        2.91451909830579359000        1.93009350464465279000        6.39448629840928717000        2.41326895062711344000       -0.01635335338811269000        4.35485384197288106000       -1.74396987314244334000       -0.81204227928793515000       -2.11297434913871918000       -4.14803771506135544000        1.10335092474097962000       -2.75458367706147422000        1.52806815896460679000       11.36986867764959896000       -1.03498463115231387000       -1.52409233171472147000        5.64421471003770936000        2.17612930215175204000       -4.81938734044472916000        5.84820622563011216000        1.32895466723408218000        4.13130775757230229000        0.26039429374667350000       -0.17997141210338480000       -3.61573814247967240000       -6.79157246482252308000        2.74513082674336850000        0.57472217210968835000       -0.42517368468204375000        2.37621557645076820000        1.33312208165298096000        9.86959197255154841000        3.47266173078004492000       -3.82738382256912191000        5.35915356808155252000       -1.94365937281743228000        0.52332843472644885000       -2.71857398706059294000       -2.60552524270439267000        0.41241737667814449000       -2.78441576418530756000        0.23030856155704132000       11.52309339623911377000       -1.70153369058184123000       -2.31093395940509394000        7.87535993845899629000        1.95183667046499099000       -6.87894832058586569000       11.43058284338777675000        1.56182422811321131000        3.12679119573684794000        0.07780888400209497000       -0.58059203475465504000       -5.15111079811895500000       -8.28881895260033730000       -2.26536520952252340000        0.52174458384767064000       -1.10097656098256302000        1.88770824352098687000        0.93643122428377934000       12.85458490960271760000        3.79591614587343473000       -6.94549174274110115000        5.34802219322519523000       -2.46145674060088115000        0.82024625384529415000       -2.84389786667060429000       -2.50191597875643756000       -0.11909203608800345000       -1.98266167148480643000       -0.28773382171077999000       10.95537035069991205000       -2.31279395395555687000       -2.82252070276581657000        8.22512148230639717000        2.46565459106600970000       -7.48854244497463473000       16.03836567175944690000        1.87523081589107909000        2.03474335450014943000        0.02348851571200703000       -1.42243089332613870000       -5.74548673576799285000       -9.36815636461463086000       -6.25296790952809989000        0.13749642475610685000       -1.68002592183170707000        1.14582378548192798000        0.56638379680185813000       14.02595862098869084000        3.83759646625727946000       -9.74743285594173159000        5.14153260491192210000       -2.60310490494498392000        0.91324025388616659000       -1.17101828289391796000       -2.60958903126480823000        0.50460548646539816000       -0.56621056515858970000       -0.71068647086476266000        7.69385591520814849000       -2.90027952115399845000       -3.66040743631273724000        8.67667561015912803000        2.39389894631380962000       -8.27306830258098813000       17.22472544142068430000        1.55167754012458370000        1.31316296318275838000       -0.16146921425663180000       -2.17449453730401032000       -6.79253501737265886000       -8.79967133570704263000       -9.31738537780813125000       -0.13341478688316941000       -1.92738567383270376000        0.68554995694237542000       -0.12549316113178999000       13.03586783758447964000        3.50889184798697773000      -10.00631574682025970000        4.30123898273865102000       -2.58492418079584096000        0.92547736470870012000       -0.03537994242228142000       -1.52823762805512176000        1.08293944451654456000        0.91612020379006009000       -0.61473880757515664000        4.03444187442956359000       -3.17636649222558320000       -4.41396612392201515000        8.32339556782366330000        2.34564049343417924000       -7.92138443784258062000       19.84159679136580930000        1.48636526612539965000        0.85451647680606924000       -0.28730497991006848000       -2.65465616758941936000       -6.57218761415878294000       -8.00447548460947900000      -11.42273649383540679000       -0.43996474376318806000       -2.10662132589698592000        0.12118498937777288000       -0.65659472284709630000       13.05695968125318096000        3.36358077583089932000      -10.06167299322524222000        3.82873834835496041000       -2.64487787001696395000        1.05732335203152794000        0.56975400580606794000       -0.57334993359463726000        1.00675038657962568000        1.13805355079514436000       -1.03793662083115179000        0.70510020679901264000       -3.56089068428776123000       -5.18898095124458614000        7.58678855786193562000        2.01346176441954583000       -7.52270334884896563000       20.88812547289704820000        2.18477876751634659000        1.35579322885110742000       -0.34723768760783419000       -2.72275230650007893000       -6.40860624831357661000       -7.37480930041932403000      -12.32575928354098593000       -0.37584315804543178000       -2.36797339164622000000       -0.29639124786828758000       -1.31859457770726141000       11.84213519136996773000        2.64749172199185168000       -8.84351097503563288000        3.09177081110182117000       -2.16833318780836803000        0.56685015953615470000        1.93855453944414791000        0.46624612503173091000        0.56322226579146639000        0.58404672832795390000       -1.44528514298633248000       -3.89048459406031144000       -3.52772257997222116000       -4.87131725686555495000        6.15756780514707192000        1.60649632559681388000       -7.51928787920639063000       20.17346298872222480000        2.87301346349801934000        1.60356288760415633000       -0.34417696078156562000       -3.40920729044866722000       -6.09682434337821277000       -7.05958694876058157000      -11.12467152352617639000       -0.96420990385599392000       -2.55162230460185802000       -1.01396229171640684000       -1.48903366604831011000        9.94487256609630599000        1.16760841567812124000       -8.82174093768336931000        2.10834217387984957000       -1.75515115977546454000        0.53270903039383422000        3.73711575973899723000        0.51155239302445255000        0.63194187972517901000        0.49166082241034215000       -1.99926211659076425000       -7.96470640710168087000       -3.79785247202269982000       -4.48329592797760235000        6.26681334562851955000        1.09772551926369211000       -8.09143561332445316000       16.64327426997412470000        3.47898972062269252000        1.52296346550161776000       -0.41006274767446876000       -4.07864638910179345000       -6.28332720460654848000       -5.27090035629494746000       -9.80863838839090185000       -1.66115967935776121000       -2.27692930070786481000       -1.22882859835138936000       -1.32031324155921959000        7.37428725116219130000       -0.32352182868846968000       -6.38026829187580269000        0.87293458700705251000       -1.25817587163052202000        0.23195804682853188000        5.44870690158600901000        0.57903074337052474000        0.70836906873006478000        0.49890467339181654000       -1.66087766893659183000      -11.99373074852467980000       -3.73080065906051050000       -4.01514684990466808000        5.70468490451065335000        1.15688551703688569000       -7.75166276918580177000       13.67891616932256049000        3.09848557218588239000        2.88712194734566951000       -0.37372641242154359000       -4.72214061400798801000       -6.16878103574386483000       -3.50183662283896568000       -7.50131248178785803000       -2.35683181906979788000       -1.85921753173047222000       -1.31905631460702377000       -0.74934069898651290000        4.09115472550756643000       -2.03614304514098254000       -4.22438100910811709000        0.11980026347703901000       -0.93010827655079054000       -0.76677814110186704000        6.77115114451070799000        1.86307903169563005000        0.47924761178152581000        0.37162771113751786000       -1.39338905019835924000      -16.38248170429276840000       -4.00368266160707531000       -3.46644434468039275000        7.21525097440868457000        1.71891271930073564000       -8.68241640090690758000       11.61730456711163662000        2.48382559140718939000        4.17894678531745800000       -0.34815126689849574000       -4.73023574845873540000       -6.28772706527234337000       -1.74649823382883418000       -6.10272556070163663000       -2.75137959682091182000       -1.35116922347420543000       -1.35855963100598554000       -0.17136236111373593000        2.09521520920691806000       -3.63666517921450838000       -1.76931178802245803000       -0.61996103012369397000       -1.10955676709117035000       -1.42390761852407266000        7.42451178793138311000        2.80432768738347127000        0.02219961571416744000       -0.11776132678394823000       -1.99800843912898007000      -19.75326450541336240000       -4.20107518796875024000       -2.40253270978852207000        6.97475272668097901000        1.81371579159899810000       -8.91560204099729781000        6.99109389443645846000        2.54167650997364314000        4.87190069342535992000       -0.47306231234947677000       -4.72774898456230996000       -5.68522019670886269000        0.82682534082266712000       -3.11754512283344898000       -2.92858282849192886000       -0.64068075451450401000       -1.69299683967919745000        0.01775436579712476000       -0.35029742415731707000       -3.60426145490237015000        1.93867225971760626000       -1.64139934711265734000       -0.66900348409445232000       -1.66917424121096092000        8.04467429718354410000        4.51744817745959804000        0.46169423241910995000       -0.02708846725075358000       -2.01067840030425860000      -20.16796651205595840000       -4.13582283251178140000       -1.82640455557901671000        6.15934521054907957000        2.73154767556428180000       -7.50787579526520510000        3.20434677315488203000        1.58199637528028192000        5.77103274542505051000       -0.39815888167866703000       -4.18493876604781345000       -5.01125472719619403000        3.16332549938321961000       -1.45675068394220975000       -2.61879538002618339000       -0.03168729488067833000       -2.11350901748545095000        0.21467435103523413000       -4.36342789265407127000       -4.31258026873544598000        4.25879707449754186000       -2.52399933286123090000        0.20879605734354012000       -2.66734824773086876000        9.18268913201932335000        6.44506262256035090000        1.14493939715636039000        0.50281376460321636000       -1.85532977606860205000      -22.10263828905909380000       -4.11976025837611193000       -0.48862234529766779000        6.05910741185442792000        3.84599659417586581000       -6.66174575470237862000        2.01451876678072761000        0.68533751907629481000        5.85455116357590555000       -0.28644681798883515000       -3.40720659701925532000       -3.64646545763941576000        4.44018236768520858000       -1.78925524060241692000       -2.18481344980354697000        0.27171470648626883000       -2.17321357947418425000        0.25922812137265827000       -6.20811199924230639000       -5.13827575199023823000        4.68684920169882613000       -2.70165232632818020000        0.50340362915970938000       -3.40285856191572167000        9.87862910266636796000        7.36580991441743205000        2.27564385769154187000        1.95761396356636208000       -2.00394593684510847000      -22.72148911454688400000       -4.12279438871414428000        1.20670231816226914000        5.90285525783965248000        4.26977847327255322000       -5.57996800828930350000        1.56409039061575506000       -0.21991812448188927000        5.49474448360207557000       -0.16585914037995478000       -2.16670762951998830000       -2.13562697304015714000        5.59749959345251558000       -2.35121148524407886000       -1.42817596131317104000        0.77626998258853741000       -2.01543363873988524000        0.10025611693223849000       -6.60680951975593711000       -5.58126691428997201000        5.30347892683647082000       -2.83857586801228035000        1.05453535154205102000       -3.99603588976931201000        9.06414353517462246000        7.36721389287744355000        2.87027991242308733000        2.63084941363003777000       -2.63126349829408879000      -19.77458786258499400000       -3.62685119766856756000        3.16639121844698845000        3.52615569594156364000        4.72869043106840881000       -3.04537966838478535000        0.03131685672269535000       -0.75651409433246808000        5.05783539344276978000       -0.08889577245717260000       -1.26217313439907697000       -0.69001759675282992000        6.20279520681367291000       -2.17659664095114991000       -0.92290199729326716000        1.01827645845963066000       -1.76764717989574205000        0.10512208250379299000       -7.70155344713758438000       -5.61179730749850680000        5.49512092079431369000       -2.87901634964743280000        1.73732230105788288000       -4.32312349200024215000        9.24484672296695464000        7.10380363547615534000        4.18657419188430424000        3.87629627547269351000       -2.83037279254351581000      -17.59702117192131610000       -3.11690649888259985000        4.56475519551870601000        2.13890015842306669000        4.75778966090096578000       -1.07522217430926581000       -0.36093987257912624000       -1.16733487465703711000        3.58191861049201155000       -0.02936465516695904000       -0.36505508007915560000        0.34055994776179227000        6.49904647976441918000       -2.51517277507759562000       -0.41186098929348225000        1.15516606154098800000       -1.69856444523084127000        0.02340975313294359000       -7.35026851688733007000       -5.26426968852644439000        5.23846152954821598000       -2.61639098640903933000        1.95523503278740640000       -4.23133257788137485000        9.65409474744950913000        5.45997906319820814000        5.43546315622337062000        4.62050672784233996000       -3.13561526203506169000      -14.32188150882839750000       -2.74251060986180351000        6.23076805638758380000       -1.30380263029368759000        4.54667323543245683000        0.98458141399515964000        0.76936713512990984000       -2.21761379977363804000        1.80245691436627253000        0.25015373066789076000        0.37508085789747664000        1.57611169156871411000        4.80861682535485269000       -2.10799014712649679000       -0.13231143636659828000        1.09565150971988978000       -1.78851027751669811000        0.02162978806718890000       -7.51524281381148818000       -4.56690547565051741000        1.96830816532477493000       -2.03577015529717764000        2.20315807702585786000       -4.67406253119753323000        9.73115586382754394000        2.99870088311021155000        5.66309706518252831000        4.89279836514885158000       -2.68210814227305416000      -10.80909164958955238000       -2.34188592747938218000        7.18818737240308625000       -3.07105228423611898000        4.15566609566572520000        1.23396651950625591000        1.96798449636175943000       -3.12194126735997601000        1.26729039770632657000        0.45572021222500125000        1.13902108271674907000        2.79922737219300943000        2.74330716310459799000       -0.51085661286388984000        0.35862208636253384000        1.01373312796314385000       -1.48646906934258372000        0.00446735433594113000       -6.71820339904042729000       -3.60951384461119362000       -1.27920656028722535000       -0.81851275384985411000        2.33007197722808534000       -4.59771139410558938000        8.07712908809831909000        1.45320623747985311000        5.39865148985271936000        4.64350473424025711000       -2.31708142518595661000       -5.31492891551947988000       -1.88435612833673072000        7.47227904590875180000       -3.07319998276110962000        3.83519871146649649000        0.97394457316583583000        1.88316117538683403000       -2.05433639009956348000        1.22725793210953715000        0.28902292276080915000        1.45681135949111384000        2.55602034925255506000        0.94818292438205720000        1.42456573383433427000        0.48278290961344578000        1.00517622265870621000       -1.08345101360977436000        0.11952022993019891000       -3.75759522873545482000       -3.13232186883240171000       -1.93758392637025589000       -0.01388516479410881000        1.87003757109047086000       -3.74637771968884747000        5.86442005208404638000       -0.28241221368261443000        3.89546933615728141000        3.00339907753903246000       -2.31186648936725003000        0.36232048766826502000       -1.38676906381095488000        7.78287602951276636000       -3.94663592772146776000        3.76019857929931023000        0.77925795803440800000        0.82536958272536143000       -2.00533680396379355000        1.23721266391883455000        0.12641138444205477000        2.02178124749870181000        0.97865836369845460000       -0.37487702564737468000        2.29700941321251362000        0.97775287564000612000        0.74077083571832147000       -0.57009501496250392000       -0.12617833381332488000       -2.45626136990907806000       -2.55922098156240141000       -1.83118043071677206000        0.30639248425478410000        1.05752933366006396000       -2.90297120087956850000        4.14115710953692773000       -1.37666795135652364000        2.82069930518748846000        1.74182601106594470000       -2.15690820337761613000        4.48176423394600931000       -1.06921752848824236000        7.90762200413080230000       -5.42618652611581531000        3.05511747387411337000        0.75072427835127065000        0.19089655455488053000       -3.01394044971641195000        0.32726198955497743000        0.15406180596999089000        2.13469495738208614000       -0.36775863731773273000       -2.10534390081254763000        2.43685055238392856000        1.05803629033363333000        0.49458733067352584000       -0.13655236597887294000       -0.16869051451391687000       -3.19834394340020500000       -1.63406675792369960000       -3.74706917275225848000        1.21109254807863742000        0.88743540967131307000       -2.12629370233092541000        3.40234217209716183000       -2.76093702642116101000        2.26906709690061703000        1.15313884420070623000       -0.58360934570975020000        5.81842962100880179000       -0.56399927269404504000        6.66574424246100161000       -5.35225046408386884000        1.78303032378369397000       -0.45527518915101900000       -1.28790653549458622000       -3.58674817847294802000       -0.71530526908223202000        0.19868374431143937000        1.77285134285148471000       -1.86395325108869958000       -3.70231196400463869000        2.43589582154011852000        0.82619337848652785000        0.22608118645844696000        0.18547596328095725000       -0.32736108349972387000       -4.96002517615843974000       -2.10174064130132887000       -6.58593577606521396000        1.96917326652479763000        1.80846678113902048000       -1.24425820135846665000        2.93688614101293766000       -4.02762411382278884000        1.83973865500932132000        0.83555717687031095000        1.40340787977362913000        5.61489952193295583000       -0.07145804651445524000        5.31040377075679526000       -3.51640863384811242000        0.88944483386938777000       -1.82211530817872491000        2.04833300256147410000       -3.94916319143970718000       -0.36762549799739519000        0.46618493226399449000        2.12593964971911875000       -2.20250130332917360000       -5.69510294424771679000       -0.28477915191131969000        1.17994700348266446000       -0.09000025761996971000        0.36772870980084765000       -0.53716888872894464000       -4.30788118735446535000       -2.85046901248510931000       -9.40002972566836625000        2.75254599440955250000        2.11604005432298736000       -0.93577613860631026000        2.41495612299804696000       -4.86319869417119666000        2.01036551819946796000        0.83846278421823317000        0.93797603008184149000        4.55420916846512824000        0.37610250343184670000        4.52147546200868344000       -2.92319557145071141000       -0.60029968894038432000       -2.61047784122055715000        3.75117208660630475000       -4.11717109257237190000        0.17413983670180563000        0.65694216209318124000        2.33679351479973230000       -2.26430952005628017000       -6.26717780596696628000       -1.41072557514768615000        1.14521738113096894000       -0.03360393152714706000        0.14224386893515895000       -0.31417592456921045000       -3.26110258658124597000       -4.81454938911358887000      -10.70906441553723809000        2.31678653851002503000        2.19787173083232457000       -1.05477968140599510000        0.33396093280117234000       -5.88096504017658894000        1.22786394560834777000        0.18558786442317723000       -0.36973646526642351000        5.54289211597506615000        0.82309069973033699000        4.12150091911488392000       -2.23338972187792884000       -1.11961334046348826000       -2.13741028242715281000        3.71632397176931262000       -5.31660101384914530000       -0.81207722128746829000        0.87215871542624701000        1.63277996576915285000       -3.67588816528820539000       -6.57754612071575906000       -5.01221710269387177000        0.71500924418324674000        0.01949878206443751000       -0.30513006233454254000       -0.18565705149641726000       -4.55362428430846489000       -7.71249669390468995000      -14.14963317369799611000        1.49430298719799670000        3.00210396794386902000       -1.25395679687191297000       -0.46803643678708223000       -6.53296976878484870000        1.84348229842952271000        2.22892398679354553000       -0.16022032216397483000        4.57856719711142457000        1.23518003488320116000        3.46689803481010816000        0.61868537400331114000       -0.73130301653625940000       -1.82489649522654895000        5.39932613943617934000       -4.17987769815789978000       -0.70618148259404623000        0.91276975364234092000        0.91758159790358629000       -3.47814372058640453000       -7.11155181790091451000       -5.95623331266946998000        0.15463445185261943000       -0.15659378643853586000       -0.74090338651780840000        0.11594366264964341000       -3.05507010816366531000       -8.87916979143746765000      -15.59552457555258975000        1.62360880419384723000        2.96804550824611857000       -0.86421968048422304000       -1.18225519509004950000       -6.73374075654230353000        1.67180518249261967000        2.22328228342888501000       -0.20489656860335803000        3.56240050723025492000        1.21973833804979748000        2.13519840667110072000        3.35465381086127534000       -0.68430605584461779000       -2.60769680119056613000