 2         6         1        48        54
        0.00    0
      29.153000      37.754000      44.498000      49.075000      49.075000      49.075000      48.634000      49.075000      49.075000      48.479000      48.266000      45.319000      45.088000      45.088000      47.721000      47.721000      47.721000      47.721000      47.721000      44.980000      41.700000      41.700000      40.546000      39.082000      34.575000      32.123000      32.123000      32.123000      21.303000      15.843000      17.044000      32.629000      32.629000      32.629000      32.895000      33.781000      37.481000      37.481000      37.481000      37.481000      37.481000      37.481000      30.818000      30.818000      30.818000      28.718000      25.144000      25.144000      25.144000      23.216000      21.547000      13.882000      13.303000      15.562000
      -0.796000       0.605000      -0.707000       0.707000      -0.612000       0.352000      -0.500000       0.352000      -0.387000       0.922000       0.500000       0.866000       0.605000       0.796000       0.707000       0.707000       0.791000       0.612000       5.485000       5.485000       5.485000      26.694000      26.694000      21.303000      15.843000      14.156000      13.681000      10.933000       7.644000       6.554000       6.554000       6.554000       6.554000       6.554000       6.554000      17.044000      22.005000      22.005000      22.005000      28.576000      28.576000      22.548000      20.833000      20.833000      20.833000      20.833000      13.882000      12.420000      11.453000      11.453000      10.496000      10.496000      10.496000      10.496000
       -0.31000000000000000000
        0.08200000000000000000
       -0.13200000000000001000
        0.23999999999999999000
       -0.01000000000000000000
       -0.20999999999999999000
        0.14799999999999999000
       -0.34799999999999998000
       -7.02085098401222929000       -1.95949533507082507000       -6.06841823960203275000       -1.89758730014119981000       -5.54439257913690042000       -1.38296771252455009000       -6.01612045815828989000       -1.57186435549157677000       -3.85868358935600009000       -0.80882021839446183000       -3.32103242699349366000        0.05553343080391617000        1.35527740749841619000        0.59420765346890891000        1.74777394934719243000        1.08959046584114461000        1.81402458583581749000        1.51482031102883252000        2.27684435754999459000        1.83913772971013256000        4.83194940569932285000        1.73101809925172878000        3.71097833309218661000        1.46718384332826246000        4.16043352896918517000        1.19686972470946706000        0.35708847627055640000        1.35498490913246372000        3.53334777700576064000        1.52397368205320838000       -1.76334410363744087000       -0.75822958656216743000       -4.44633614764361695000       -1.31379405286637652000       -1.94309610459564563000       -0.00549781749011907000        0.33951240434001273000        0.51018788250718272000       -2.57445497627160824000       -0.44743894359177588000       -1.16753560653269250000       -1.48193171749816432000       -0.34569226847927159000       -1.24957744556433026000       -0.09713696965094572000       -0.44421869794194724000       -1.00212123203979075000       -0.47202856065690957000       -1.24970464998196529000       -1.59510783339083484000       -0.38557516579256634000       -1.40979057042969802000        1.87535529527332301000        0.40345298463057822000        2.61176795897890068000        1.52189326319386020000       -0.75305137213000417000        1.03904833561679300000       -1.59561979286653655000        0.50971949609249823000        2.95785349507131023000        0.34786297364595553000        0.18542925438780505000        1.37342885998981612000        1.41237295693285136000        1.04948250411412203000       -4.55993972100441081000       -1.14038751213813794000        1.11009612732860652000       -1.16175012418069246000        0.14568754555859692000       -0.02398937347240431000       -1.17447550766591058000        0.32065755370325588000       -2.21142756071347835000       -1.26097318477852238000       -1.11397135495624733000       -1.27104101966073135000        2.44134359860966210000       -0.50379311908559243000       -1.04492540428309444000        1.09080647966221411000       -0.49325263746178194000       -0.04917406783712044000       -1.98790071445285088000       -1.07699653385239946000       -0.60030835505782620000       -1.75905933004009207000       -0.46112282300336849000       -1.32543938830104069000        1.25294461505043397000       -0.77296153345376628000       -3.18578748957331559000       -1.67012163967833138000        0.06892054509159437000       -1.20706928394382951000