11         6        30         1         7
        0.00    0
       1.000000       1.000000       1.000000       0.985000      45.487300      16.390000      50.172000
      -1.000000      -1.000000      -1.000000      -1.000000       7.975800       0.410000       0.125560
        0.16800000000000001000
        0.03800000000000000000
       -0.01600000000000000000
        0.39200000000000002000
       -0.20599999999999999000
        0.23400000000000001000
       -0.32000000000000001000
       -0.11799999999999999000
       -0.34999999999999998000
        0.06400000000000000000
        0.25800000000000001000
       -0.14999999999999999000
       -0.40000000000000002000
        0.32000000000000001000
       -0.13800000000000001000
       -0.14199999999999999000
       -0.41999999999999998000
       -0.02800000000000000000
        0.06600000000000000000
       -0.01600000000000000000
        0.28999999999999998000
       -0.17599999999999999000
       -0.25000000000000000000
        0.12200000000000000000
        0.32600000000000001000
       -0.01000000000000000000
        0.36599999999999999000
        0.28599999999999998000
        0.02200000000000000000
        0.19200000000000000000
       -0.10199999999999999000
        0.35599999999999998000
       -0.29999999999999999000
        0.09800000000000000000
        0.19600000000000001000
        0.30199999999999999000
       -0.13200000000000001000
        0.29399999999999998000
       -0.22200000000000000000
       -0.28199999999999997000
        0.49399999999999999000
       -0.02800000000000000000
        0.37600000000000000000
       -0.27800000000000002000
        0.27000000000000002000
        0.30800000000000000000
       -0.28199999999999997000
        0.04200000000000000000
       -0.40799999999999997000
        0.09600000000000000000
        0.05200000000000000000
        0.32400000000000001000
        0.35999999999999999000
       -0.10400000000000000000
       -0.34200000000000003000
       -0.28000000000000003000
       -0.35999999999999999000
        0.02400000000000000000
       -0.30599999999999999000
        0.16400000000000001000
        0.11200000000000000000
        0.19200000000000000000
        0.38800000000000001000
       -0.19000000000000000000
        0.27800000000000002000
        0.01400000000000000000
        0.14799999999999999000
        0.02200000000000000000
       -0.24199999999999999000
        0.06600000000000000000
        0.00800000000000000000
        0.00600000000000000000
       -0.06800000000000000000
        0.03000000000000000000
        0.13400000000000001000
       -0.31400000000000000000
       -0.35399999999999998000
        0.22800000000000001000
        0.06600000000000000000
       -0.34000000000000002000
        0.17599999999999999000
        0.09200000000000000000
        0.19200000000000000000
        0.10600000000000000000
       -0.24399999999999999000
       -0.02400000000000000000
       -0.27800000000000002000
       -0.16200000000000001000
       -0.34799999999999998000
       -0.00200000000000000000
        0.28000000000000003000
        0.17599999999999999000
       -0.34599999999999997000
        0.21199999999999999000
        0.37000000000000000000
        0.04800000000000000000
       -0.45200000000000001000
        0.01000000000000000000
       -0.17399999999999999000
        0.17999999999999999000
       -0.28999999999999998000
       -0.11600000000000001000
       -0.08200000000000000000
        0.00000000000000000000
       -0.35399999999999998000
        0.09200000000000000000
        0.22200000000000000000
       -0.11200000000000000000
        0.34999999999999998000
        0.29999999999999999000
       -0.09000000000000000000
        0.03000000000000000000
       -0.07400000000000000000
       -0.07600000000000000000
        0.17999999999999999000
        0.09000000000000000000
        0.17999999999999999000
       -0.32200000000000001000
       -0.10600000000000000000
        0.15800000000000000000
       -0.25600000000000001000
        0.06800000000000000000
       -0.08000000000000000000
        0.39400000000000002000
        0.13000000000000000000
        0.35599999999999998000
       -0.14599999999999999000
        0.21600000000000000000
       -0.44600000000000001000
       -0.09800000000000000000
       -0.17399999999999999000
       -0.33000000000000002000
        0.08200000000000000000
       -0.16200000000000001000
        0.27200000000000002000
        0.20799999999999999000
        0.20999999999999999000
       -0.08799999999999999000
       -0.05800000000000000000
       -0.06600000000000000000
       -0.08000000000000000000
        0.10600000000000000000
       -0.13600000000000001000
        0.12600000000000000000
       -0.17399999999999999000
       -0.04400000000000000000
        0.32200000000000001000
        0.09800000000000000000
        0.24399999999999999000
       -0.02800000000000000000
       -0.25400000000000000000
        0.02400000000000000000
        0.18200000000000000000
        0.07800000000000000000
       -0.17799999999999999000
        0.35999999999999999000
        0.33200000000000002000
        0.08599999999999999000
       -0.34000000000000002000
        0.32800000000000001000
       -0.27800000000000002000
        0.09400000000000000000
       -0.23799999999999999000
       -0.35599999999999998000
       -0.25200000000000000000
       -0.21800000000000000000
       -0.15800000000000000000
        0.00600000000000000000
        0.09400000000000000000
       -0.07000000000000001000
       -0.39200000000000002000
       -0.30399999999999999000
       -0.39400000000000002000
        0.19200000000000000000
       -0.24399999999999999000
       -0.20799999999999999000
        0.25200000000000000000
       -0.06200000000000000000
       -0.06800000000000000000
       -0.18200000000000000000
        0.28000000000000003000
       -0.00200000000000000000
        0.05800000000000000000
        0.04000000000000000000
        0.13000000000000000000
       -0.03400000000000000000
       -0.19400000000000001000
       -0.12400000000000000000
        0.36599999999999999000
       -0.16800000000000001000
       -0.17599999999999999000
       -0.34999999999999998000
       -0.12200000000000000000
       -0.01800000000000000000
       -0.14599999999999999000
        0.32200000000000001000
        0.08799999999999999000
        0.13600000000000001000
        0.21800000000000000000
        0.03200000000000000000
       -0.34999999999999998000
        0.07400000000000000000
       -0.25600000000000001000
        0.10400000000000000000
        0.36799999999999999000
       -0.33200000000000002000
        0.22800000000000001000
       -0.27000000000000002000
       -0.03000000000000000000
        0.01200000000000000000
       -0.26000000000000001000
        0.39800000000000002000
       -0.07600000000000000000
        0.25200000000000000000
       -0.37600000000000000000
       -0.32600000000000001000
       -0.36199999999999999000
       -0.04200000000000000000
       -0.09400000000000000000
       -0.20000000000000001000
        0.04800000000000000000
        0.17999999999999999000
        0.39200000000000002000
       -0.08200000000000000000
        0.23000000000000001000
       -0.04600000000000000000
        0.14000000000000001000
        0.17999999999999999000
        0.20000000000000001000
        0.28000000000000003000
        0.20000000000000001000
       -0.21600000000000000000
        0.12800000000000000000
       -0.02800000000000000000
        0.28999999999999998000
       -0.04600000000000000000
       -0.32200000000000001000
        0.20399999999999999000
        0.33200000000000002000
       -0.09800000000000000000
       21.11082548321566320000       -1.05665073933984277000       13.81732117314374264000        0.46731731454162811000        1.80330222164429199000       -0.78382338025808507000       -5.52914811435646048000       -2.52464967204580359000      -16.93849431380820650000        4.52575544577157896000       -6.62974880860118265000       -0.93785580714948191000        6.55998254996495156000       -3.02819440574624288000       -8.48043850868313598000        0.30153132877292188000        2.82423711857958404000      -39.41540279707767520000       -0.24689657492499312000       -5.09250433023606064000      -11.21732570001853091000        3.62156763247378422000       26.90296986259493650000       -7.77715078692550232000       -0.95406211539158359000       -5.65679419952213092000       -4.40835711151367082000       -4.62009400100722001000      -13.29458520905773966000        2.88837392769171419000        6.50591178204989529000