 4         6        21         1         7
        0.00    0
       1.000000       1.000000       1.000000       0.998000      45.487300      16.480000      50.172000
      -1.000000      -1.000000      -1.000000      -1.000000       7.975800       0.810000       0.125560
        0.38200000000000001000
       -0.02800000000000000000
       -0.34799999999999998000
        0.29599999999999999000
        0.27000000000000002000
        0.36599999999999999000
        0.38800000000000001000
       -0.01200000000000000000
       -0.04600000000000000000
       -0.09400000000000000000
        0.28999999999999998000
        0.21400000000000000000
        0.25000000000000000000
        0.33600000000000002000
        0.08200000000000000000
        0.06600000000000000000
        0.20399999999999999000
        0.03800000000000000000
       -0.31200000000000000000
       -0.10600000000000000000
        0.11600000000000001000
       -0.20399999999999999000
        0.38600000000000001000
       -0.37000000000000000000
        0.02000000000000000000
       -0.02400000000000000000
       -0.35999999999999999000
       -0.33200000000000002000
       -0.12200000000000000000
        0.11200000000000000000
        0.28799999999999998000
       -0.01400000000000000000
        0.40400000000000003000
       -0.04400000000000000000
       -0.01800000000000000000
       -0.30399999999999999000
       -0.27000000000000002000
        0.00200000000000000000
       -0.22400000000000000000
        0.31000000000000000000
        0.33400000000000002000
       -0.09800000000000000000
       -0.27200000000000002000
        0.10800000000000000000
       -0.04800000000000000000
       -0.11000000000000000000
        0.01800000000000000000
        0.10400000000000000000
        0.18400000000000000000
        0.04600000000000000000
       -0.12600000000000000000
       -0.20999999999999999000
       -0.32200000000000001000
       -0.29399999999999998000
        0.38000000000000000000
        0.32800000000000001000
       -0.30199999999999999000
       -0.09000000000000000000
       -0.14599999999999999000
        0.23200000000000001000
        0.10600000000000000000
       -0.25200000000000000000
        0.30199999999999999000
       -0.04600000000000000000
       -0.44800000000000001000
        0.04400000000000000000
       -0.38000000000000000000
        0.02400000000000000000
        0.15800000000000000000
       -0.21800000000000000000
       -0.37800000000000000000
       -0.01000000000000000000
        0.44000000000000000000
       -0.05400000000000000000
        0.20799999999999999000
       -0.01600000000000000000
       -0.21199999999999999000
        0.39800000000000002000
       -0.25600000000000001000
       -0.25200000000000000000
       -0.23999999999999999000
       -0.08000000000000000000
        0.33200000000000002000
       -0.23200000000000001000
       -0.25000000000000000000
        0.21800000000000000000
        0.07400000000000000000
       -0.24399999999999999000
       -0.15600000000000000000
       -0.08000000000000000000
        0.22200000000000000000
        0.29599999999999999000
        0.20000000000000001000
        0.14399999999999999000
        0.07800000000000000000
        0.12800000000000000000
       -0.25600000000000001000
       -0.06800000000000000000
       -0.06000000000000000000
        0.05800000000000000000
       -0.23599999999999999000
        0.26400000000000001000
       -0.18600000000000000000
       -0.01600000000000000000
       -0.40200000000000002000
       -0.05800000000000000000
        0.11400000000000000000
       -0.35599999999999998000
       -0.14999999999999999000
       -0.18600000000000000000
       -0.29399999999999998000
        0.31400000000000000000
       -0.45000000000000001000
        0.05000000000000000000
        0.34000000000000002000
        0.14399999999999999000
       -0.20200000000000001000
        0.17399999999999999000
        0.36599999999999999000
       -0.10400000000000000000
        0.22800000000000001000
       -0.04400000000000000000
        0.03600000000000000000
        0.19000000000000000000
       -0.29599999999999999000
       -0.27000000000000002000
        0.06400000000000000000
        0.25800000000000001000
       -0.20999999999999999000
        0.00400000000000000000
        0.13400000000000001000
       -0.35599999999999998000
       -0.32600000000000001000
       -0.23200000000000001000
        0.25600000000000001000
       -0.29199999999999998000
       -0.46800000000000003000
       -0.01600000000000000000
        0.03400000000000000000
        0.34399999999999997000
        0.33800000000000002000
       -0.15600000000000000000
       -0.04200000000000000000
        0.38600000000000001000
        0.05800000000000000000
       -0.08599999999999999000
        0.19400000000000001000
       -0.10600000000000000000
       -0.19600000000000001000
        0.17399999999999999000
       -0.23599999999999999000
        0.39400000000000002000
        0.01800000000000000000
       -0.04200000000000000000
       -0.01000000000000000000
        0.10400000000000000000
       -0.12200000000000000000
       -0.10199999999999999000
        0.32400000000000001000
       -0.24399999999999999000
        0.39000000000000001000
       -0.06600000000000000000
       -0.39800000000000002000
       -0.31000000000000000000
       -0.07600000000000000000
       -0.02000000000000000000
        0.06600000000000000000
        0.23599999999999999000
       -3.39715634660921362000       16.33422182863984420000        1.83941366987322152000       -3.01236335779389819000        2.80748141091895587000       12.34693609204325249000        2.05271895827224782000        5.87247281590078085000       -4.28024873683651830000        2.78336907900585562000       -0.97510271882534139000      -28.64181241119107210000       -7.00873490811752031000       -5.97716711437448911000        0.67364467090217239000       -5.19847919514854428000       -1.48183503746460343000        7.56471432513739206000       10.71546336499525154000        3.84681159653254001000       -1.04114989045676198000       -9.60632576558478490000