 1         6        30         1         7
        0.00    0
       1.000000       1.000000       1.000000       0.999000      45.487300      15.220000      50.172000
      -1.000000      -1.000000      -1.000000      -1.000000       7.975800       0.720000       0.125560
        0.01200000000000000000
       -0.00600000000000000000
        0.16600000000000001000
       -0.05800000000000000000
        0.38400000000000001000
        0.07600000000000000000
        0.35599999999999998000
       -0.12200000000000000000
       -0.44000000000000000000
        0.03000000000000000000
        0.18400000000000000000
       -0.02000000000000000000
        0.32200000000000001000
        0.20999999999999999000
       -0.28399999999999997000
        0.23000000000000001000
        0.40000000000000002000
       -0.06400000000000000000
        0.17399999999999999000
        0.09400000000000000000
        0.35599999999999998000
       -0.18800000000000000000
       -0.04800000000000000000
        0.35199999999999998000
        0.28599999999999998000
        0.09000000000000000000
        0.26400000000000001000
        0.32400000000000001000
        0.15600000000000000000
        0.25600000000000001000
       -0.11000000000000000000
       -0.28000000000000003000
        0.34799999999999998000
        0.01600000000000000000
        0.22800000000000001000
        0.03200000000000000000
       -0.33400000000000002000
        0.13200000000000001000
       -0.30800000000000000000
       -0.07400000000000000000
        0.47799999999999998000
       -0.05000000000000000000
       -0.08000000000000000000
       -0.01400000000000000000
       -0.07000000000000001000
        0.19800000000000001000
       -0.00800000000000000000
        0.38400000000000001000
       -0.48199999999999998000
        0.05200000000000000000
       -0.07000000000000001000
        0.10600000000000000000
       -0.22400000000000000000
        0.37800000000000000000
       -0.31200000000000000000
        0.08599999999999999000
        0.26800000000000002000
       -0.00400000000000000000
        0.10199999999999999000
        0.04400000000000000000
        0.34599999999999997000
        0.00000000000000000000
        0.39400000000000002000
       -0.17399999999999999000
        0.30399999999999999000
       -0.00200000000000000000
       -0.09000000000000000000
        0.22000000000000000000
       -0.12800000000000000000
       -0.29199999999999998000
       -0.08400000000000001000
        0.04800000000000000000
       -0.39000000000000001000
        0.04200000000000000000
       -0.13600000000000001000
        0.10600000000000000000
        0.30800000000000000000
        0.20200000000000001000
       -0.39000000000000001000
       -0.03800000000000000000
        0.01800000000000000000
       -0.07600000000000000000
       -0.01800000000000000000
        0.16600000000000001000
        0.20799999999999999000
        0.24199999999999999000
       -0.03600000000000000000
        0.30599999999999999000
        0.46800000000000003000
       -0.08799999999999999000
        0.11000000000000000000
        0.24199999999999999000
        0.26200000000000001000
        0.29199999999999998000
       -0.35199999999999998000
        0.15600000000000000000
        0.07600000000000000000
        0.01000000000000000000
       -0.31400000000000000000
       -0.01600000000000000000
       -0.13400000000000001000
       -0.18200000000000000000
        0.39400000000000002000
       -0.20999999999999999000
        0.01000000000000000000
        0.03600000000000000000
        0.15400000000000000000
       -0.25800000000000001000
       -0.04200000000000000000
        0.23999999999999999000
        0.15400000000000000000
       -0.01000000000000000000
        0.19200000000000000000
       -0.07600000000000000000
       -0.35999999999999999000
        0.30399999999999999000
        0.09400000000000000000
       -0.07199999999999999000
        0.08000000000000000000
        0.21199999999999999000
       -0.20799999999999999000
        0.02600000000000000000
       -0.14000000000000001000
       -0.13000000000000000000
        0.18800000000000000000
       -0.34399999999999997000
       -0.23000000000000001000
        0.39400000000000002000
       -0.44200000000000000000
        0.02200000000000000000
       -0.30599999999999999000
        0.30399999999999999000
       -0.32800000000000001000
        0.08799999999999999000
       -0.03800000000000000000
        0.01600000000000000000
       -0.06000000000000000000
        0.07000000000000001000
        0.19600000000000001000
        0.20599999999999999000
       -0.25600000000000001000
        0.13800000000000001000
       -0.12600000000000000000
        0.01200000000000000000
        0.03800000000000000000
       -0.07400000000000000000
        0.27200000000000002000
       -0.34200000000000003000
       -0.15800000000000000000
        0.16800000000000001000
        0.39800000000000002000
        0.32600000000000001000
        0.35199999999999998000
       -0.08000000000000000000
       -0.21600000000000000000
       -0.19800000000000001000
        0.37000000000000000000
       -0.37400000000000000000
        0.34000000000000002000
        0.33600000000000002000
        0.35199999999999998000
       -0.08799999999999999000
       -0.27000000000000002000
       -0.31800000000000000000
       -0.32200000000000001000
        0.35599999999999998000
        0.11200000000000000000
       -0.29999999999999999000
       -0.13600000000000001000
        0.08000000000000000000
        0.25200000000000000000
       -0.07400000000000000000
       -0.30199999999999999000
        0.34200000000000003000
        0.08000000000000000000
       -0.32400000000000001000
        0.26000000000000001000
       -0.09400000000000000000
       -0.29399999999999998000
       -0.31400000000000000000
        0.22000000000000000000
        0.30399999999999999000
       -0.05400000000000000000
        0.07600000000000000000
        0.46200000000000002000
       -0.01200000000000000000
        0.38000000000000000000
       -0.38200000000000001000
        0.21800000000000000000
       -0.05000000000000000000
       -0.00200000000000000000
       -0.11000000000000000000
       -0.23999999999999999000
        0.05800000000000000000
        0.06000000000000000000
       -0.27400000000000002000
       -0.16600000000000001000
       -0.12600000000000000000
        0.20399999999999999000
       -0.07199999999999999000
        0.44800000000000001000
        0.00800000000000000000
       -0.14799999999999999000
        0.03800000000000000000
       -0.19000000000000000000
        0.30399999999999999000
        0.34399999999999997000
        0.34799999999999998000
        0.26400000000000001000
       -0.05800000000000000000
        0.23799999999999999000
        0.15200000000000000000
       -0.04000000000000000000
       -0.10400000000000000000
       -0.39000000000000001000
        0.20799999999999999000
       -0.35799999999999998000
        0.02000000000000000000
       -0.19400000000000001000
        0.01400000000000000000
       -0.09600000000000000000
        0.19200000000000000000
       -0.34799999999999998000
       -0.12400000000000000000
       -0.20999999999999999000
       -0.06200000000000000000
       -0.19200000000000000000
        0.35799999999999998000
       -0.34599999999999997000
       -0.29199999999999998000
       -0.14399999999999999000
       -0.10000000000000001000
       -0.44000000000000000000
        0.00000000000000000000
        0.18400000000000000000
        0.39200000000000002000
        0.03200000000000000000
        0.09200000000000000000
        0.10199999999999999000
        0.30599999999999999000
       -9.38715893531075984000       10.52890057109969746000       -2.15333809762688544000       -5.45505100498430018000        3.43614098343049301000        3.64122213170186981000      -12.77270589432377612000       16.76790549911337540000       16.67619057639644350000       -8.50159732725257555000        3.24817552647249608000       12.48927337281518035000        8.65867913101851627000        6.88862928931925556000       -6.97819263941446000000       -4.60901377925155398000        2.27706462358083117000       -0.69978449267279164000        0.43134775832851452000       -5.21990705753433115000        2.86637158256954638000      -11.16274345533813239000       -2.66713150634383256000        0.49711466241373437000        2.68868445923243060000        3.12198556811035788000        1.76167807537465171000       13.58290232574015732000       -5.84468417899101311000       -0.82870781718127262000      -16.57237033310138940000