 4        20        20        36        56
        0.00    0
       1.000000       1.000000      49.005000      49.147000      49.147000      49.147000      49.147000      49.147000      49.147000      49.147000      49.147000      49.147000      49.147000      49.147000      49.147000      49.147000      49.147000      49.147000      49.147000      49.147000      49.147000      49.147000      49.147000      49.147000      49.147000      49.147000      49.147000      49.147000      49.147000      49.147000      49.147000      49.147000      49.147000      49.147000      49.147000      49.147000      49.147000      49.147000      49.147000      49.147000      49.147000      49.147000      49.147000      49.147000      49.147000      49.147000      49.147000      49.147000      49.147000      49.147000      49.147000      49.147000      49.147000      49.147000      49.147000      49.147000
      -1.000000      -1.000000       0.661000       0.661000       0.661000       0.661000       0.661000       0.661000       0.661000       0.661000       0.661000       0.661000       0.661000       0.661000       0.661000       0.661000       0.661000       0.661000       0.661000       0.661000       0.661000       0.661000       0.661000       0.661000       0.661000       0.661000       0.661000       0.661000       0.661000       0.661000       0.661000       0.661000       0.661000       0.661000       0.661000       0.661000       0.661000       0.661000       0.661000       0.661000       0.661000       0.661000       0.661000       0.661000       0.661000       0.661000       0.661000       0.661000       0.661000       0.661000       0.661000       0.661000       0.661000       0.661000       0.661000       0.661000
       -0.40200000000000002000
       -0.01000000000000000000
        0.14000000000000001000
        0.08200000000000000000
       -0.26400000000000001000
        0.09000000000000000000
       -0.36199999999999999000
        0.01400000000000000000
       -0.10199999999999999000
        0.24199999999999999000
       -0.39600000000000002000
        0.38000000000000000000
       -0.13800000000000001000
       -0.09000000000000000000
       -0.09000000000000000000
       -0.25400000000000000000
        0.20999999999999999000
       -0.22600000000000001000
       -0.23200000000000001000
        0.18200000000000000000
        0.37600000000000000000
       -0.13800000000000001000
       -0.20599999999999999000
        0.04200000000000000000
       -0.24600000000000000000
       -0.14599999999999999000
       -0.10400000000000000000
       -0.23999999999999999000
        0.04200000000000000000
       -0.02000000000000000000
        0.30599999999999999000
       -0.26800000000000002000
       -0.07000000000000001000
        0.34799999999999998000
        0.37000000000000000000
       -0.15400000000000000000
       -0.22200000000000000000
       -0.06000000000000000000
       -0.13800000000000001000
       -0.02200000000000000000
       -0.19000000000000000000
       -0.10400000000000000000
       -0.34200000000000003000
        0.04000000000000000000
        0.35999999999999999000
       -0.00800000000000000000
        0.07600000000000000000
       -0.34799999999999998000
        0.37000000000000000000
        0.33800000000000002000
       -0.27800000000000002000
        0.26400000000000001000
       -0.27400000000000002000
       -0.37000000000000000000
        0.19200000000000000000
       -0.09800000000000000000
        0.00000000000000000000
        0.22200000000000000000
       -0.12200000000000000000
       -0.33800000000000002000
        0.22600000000000001000
        0.01200000000000000000
        0.20399999999999999000
       -0.31400000000000000000
       -0.34999999999999998000
       -0.26800000000000002000
       -0.11000000000000000000
        0.04000000000000000000
        0.07800000000000000000
       -0.17999999999999999000
        0.39600000000000002000
       -0.12800000000000000000
        0.02200000000000000000
        0.29599999999999999000
       -0.36799999999999999000
        0.27000000000000002000
        0.33800000000000002000
       -0.31600000000000000000
       -0.26800000000000002000
       -0.04600000000000000000
       -0.37200000000000000000
       -0.38800000000000001000
       -0.31400000000000000000
       -0.05800000000000000000
        0.32000000000000001000
        0.32400000000000001000
        0.28599999999999998000
        0.24199999999999999000
        0.10400000000000000000
       -0.06200000000000000000
       -0.37800000000000000000
       -0.32600000000000001000
        0.30199999999999999000
        0.17399999999999999000
        0.13200000000000001000
       -0.12000000000000000000
        0.25400000000000000000
        0.29999999999999999000
        0.39600000000000002000
        0.25800000000000001000
        0.31400000000000000000
       -0.36199999999999999000
        0.27200000000000002000
        0.34000000000000002000
        0.05600000000000000000
       -0.25800000000000001000
        0.13400000000000001000
       -0.00800000000000000000
       -0.25200000000000000000
        0.02000000000000000000
        0.04400000000000000000
       -0.01600000000000000000
        0.31000000000000000000
        0.31200000000000000000
       -0.05200000000000000000
       -0.26400000000000001000
        0.24600000000000000000
        0.28399999999999997000
        0.10400000000000000000
        0.21400000000000000000
        0.22800000000000001000
        0.28000000000000003000
       -0.21199999999999999000
       -0.19400000000000001000
       -0.19200000000000000000
       -0.33200000000000002000
       -0.39800000000000002000
        0.18400000000000000000
       -0.22800000000000001000
        0.10199999999999999000
        0.35999999999999999000
       -0.06000000000000000000
       -0.27400000000000002000
       -0.06000000000000000000
        0.03000000000000000000
       -0.01000000000000000000
       -0.35399999999999998000
        0.00000000000000000000
       -0.11600000000000001000
       -0.10000000000000001000
       -0.13400000000000001000
       -0.38600000000000001000
        0.05600000000000000000
       -0.35599999999999998000
       -0.25000000000000000000
        0.21600000000000000000
        0.10199999999999999000
       -0.07800000000000000000
       -0.39600000000000002000
       -0.09400000000000000000
        0.34200000000000003000
        0.00800000000000000000
        0.07199999999999999000
       -0.10000000000000001000
       -0.06000000000000000000
        0.05600000000000000000
       -0.10000000000000001000
        0.16200000000000001000
        0.04000000000000000000
       -0.37400000000000000000
        0.04400000000000000000
        0.24600000000000000000
        0.05600000000000000000
        0.36799999999999999000
       -0.21600000000000000000
        0.22200000000000000000
        0.12400000000000000000
        0.19000000000000000000
        0.33400000000000002000
       -0.10600000000000000000
       -0.29199999999999998000
        0.04400000000000000000
       -0.35199999999999998000
        0.36199999999999999000
       -0.02600000000000000000
       -0.11200000000000000000
       -0.13000000000000000000
        0.04200000000000000000
       -0.14199999999999999000
       -0.25200000000000000000
       -0.29199999999999998000
        0.05200000000000000000
        0.01000000000000000000
        0.17399999999999999000
        0.27000000000000002000
        0.16800000000000001000
        0.19800000000000001000
       -0.32800000000000001000
        0.14199999999999999000
        0.17999999999999999000
       -0.01400000000000000000
        0.39400000000000002000
        0.32800000000000001000
        0.10600000000000000000
       -0.14799999999999999000
        0.06600000000000000000
       -0.35599999999999998000
       -0.08799999999999999000
        0.15200000000000000000
        0.06800000000000000000
       -0.12000000000000000000
        0.11400000000000000000
        0.14999999999999999000
       -0.16200000000000001000
       -0.33200000000000002000
        0.22400000000000000000
        0.28399999999999997000
       -0.15600000000000000000
        0.11000000000000000000
        0.07199999999999999000
       -0.16400000000000001000
       -0.18600000000000000000
       -0.11799999999999999000
       -0.34999999999999998000
       -0.37000000000000000000
        0.02200000000000000000
        0.08200000000000000000
       -0.29799999999999999000
        0.32600000000000001000
        0.23400000000000001000
        0.13800000000000001000
       -0.02200000000000000000
       -0.11000000000000000000
       -0.15800000000000000000
       -0.31000000000000000000
       -0.28199999999999997000
        0.22000000000000000000
       -0.28199999999999997000
       -0.10800000000000000000
       -0.21199999999999999000
        0.29999999999999999000
       -0.07000000000000001000
        0.25400000000000000000
        0.01200000000000000000
       -0.13400000000000001000
       -0.34000000000000002000
       -0.29199999999999998000
       -0.38200000000000001000
        0.19400000000000001000
        0.23999999999999999000
        0.36399999999999999000
       -0.30800000000000000000
       -0.04000000000000000000
       -0.07800000000000000000
       -0.13600000000000001000
       -0.31600000000000000000
       -0.36199999999999999000
        0.03000000000000000000
       -0.21199999999999999000
       -0.21199999999999999000
       -0.15200000000000000000
        0.17399999999999999000
        0.19800000000000001000
       -0.38400000000000001000
       -0.28799999999999998000
        0.08799999999999999000
        0.20999999999999999000
       -0.22000000000000000000
        0.15400000000000000000
       -0.22600000000000001000
       -0.13200000000000001000
       -0.33200000000000002000
        0.05000000000000000000
        0.02200000000000000000
       -0.45200000000000001000
       -0.00200000000000000000
       -0.37400000000000000000
        0.04800000000000000000
        0.36799999999999999000
       -0.16800000000000001000
        0.02400000000000000000
        0.17999999999999999000
       -0.35399999999999998000
        0.26000000000000001000
        0.30199999999999999000
        0.30399999999999999000
       -0.19800000000000001000
        0.00400000000000000000
        0.38200000000000001000
        0.23400000000000001000
       -0.12600000000000000000
        0.37000000000000000000
        0.38800000000000001000
        0.31200000000000000000
        0.00800000000000000000
       -0.39800000000000002000
       -0.33400000000000002000
        0.00200000000000000000
       -0.22200000000000000000
        0.05200000000000000000
        0.35399999999999998000
       -0.35399999999999998000
        0.13200000000000001000
       -0.16800000000000001000
        0.27800000000000002000
        0.16400000000000001000
       -0.37200000000000000000
       -0.05000000000000000000
       -0.09400000000000000000
        0.10400000000000000000
       -0.14399999999999999000
       -0.19000000000000000000
       -0.39400000000000002000
        0.31800000000000000000
       -0.04800000000000000000
       -0.33200000000000002000
        0.19800000000000001000
       -0.04800000000000000000
        0.32400000000000001000
        0.03000000000000000000
       -0.27800000000000002000
        0.23400000000000001000
        0.24399999999999999000
        0.05400000000000000000
        0.08200000000000000000
        0.02800000000000000000
       -0.04600000000000000000
        0.24800000000000000000
       -0.26400000000000001000
        0.04600000000000000000
        0.10000000000000001000
        0.15800000000000000000
        0.03400000000000000000
        0.10800000000000000000
        0.05200000000000000000
        0.22400000000000000000
        0.19800000000000001000
        0.34000000000000002000
       -0.37000000000000000000
        0.00800000000000000000
        0.12800000000000000000
       -0.02800000000000000000
        0.39200000000000002000
        0.16000000000000000000
       -0.11799999999999999000
       -0.32000000000000001000
       -0.10600000000000000000
       -0.33400000000000002000
       -0.07800000000000000000
       -0.11400000000000000000
       -0.18800000000000000000
        0.01400000000000000000
        0.23000000000000001000
       -0.00400000000000000000
        0.20999999999999999000
        0.11000000000000000000
       -0.01800000000000000000
       -0.32800000000000001000
       -0.33400000000000002000
        0.39600000000000002000
       -0.17599999999999999000
       -0.19600000000000001000
        0.36799999999999999000
        0.09400000000000000000
        0.12400000000000000000
        0.09400000000000000000
        0.20799999999999999000
       -0.35199999999999998000
       -0.26200000000000001000
        0.09200000000000000000
        0.06800000000000000000
       -0.22800000000000001000
        0.11799999999999999000
       -0.35599999999999998000
        0.21400000000000000000
       -0.04400000000000000000
       -0.28799999999999998000
       -0.34999999999999998000
        0.29599999999999999000
        0.27600000000000002000
       -0.13800000000000001000
        0.32400000000000001000
       -0.15600000000000000000
        0.11400000000000000000
        0.48799999999999999000
       -0.04000000000000000000
        0.10000000000000001000
       -0.32800000000000001000
        0.04600000000000000000
       -0.25000000000000000000
        0.38200000000000001000
       -0.25200000000000000000
       -0.38800000000000001000
       -0.35399999999999998000
        0.08799999999999999000
        0.07000000000000001000
        0.06200000000000000000
       -0.09600000000000000000
       -0.00400000000000000000
       -0.22400000000000000000
        0.34399999999999997000
        0.13000000000000000000
       -0.03000000000000000000
       -0.09600000000000000000
        0.37400000000000000000
       -0.25800000000000001000
       -0.04400000000000000000
       -0.01800000000000000000
       -0.13600000000000001000
       -0.02600000000000000000
        0.19400000000000001000
       -0.22600000000000001000
       -0.28799999999999998000
       -0.35399999999999998000
       -0.23999999999999999000
       -0.27400000000000002000
        0.20200000000000001000
       -0.33800000000000002000
       -0.34799999999999998000
       -0.26800000000000002000
       -0.05200000000000000000
        0.13200000000000001000
        0.15800000000000000000
       -0.33200000000000002000
       -0.17799999999999999000
       -0.09600000000000000000
       -0.17399999999999999000
        0.03600000000000000000
        0.25200000000000000000
       -0.10000000000000001000
        0.01800000000000000000
        0.33600000000000002000
        0.16400000000000001000
       -0.08200000000000000000
        0.18400000000000000000
       -0.26600000000000001000
        0.19800000000000001000
       -0.05800000000000000000
        0.30599999999999999000
        0.08000000000000000000
       -0.18200000000000000000
        0.36199999999999999000
        0.03400000000000000000
        0.30199999999999999000
        0.08200000000000000000
       -0.00400000000000000000
        0.17000000000000001000
        0.20799999999999999000
        0.37400000000000000000
       -0.29599999999999999000
       -0.97134387397233934000        0.36176738476660136000       -1.98477294502602253000        0.39060280662505403000        0.57703530353860111000       -0.53130982006314043000        0.57635096244293571000        0.97933015706522775000       -1.82278965125919901000        0.58958363892138621000       -1.57841526988445846000        1.58575175705488536000       -0.70660742503145368000       -2.63214506603657306000        0.69128512568108347000       -0.86358646787309490000        1.61888098553373361000        0.39798740469847604000       -1.00844463506586002000       -1.10576567572984708000       -1.29952443479351576000       -1.12592244394336638000        0.12999979327891864000       -1.77801860904418318000        0.13691449781361678000        0.32510634296783147000       -0.43326490894151137000       -0.00564301193281549000        0.86047060642094664000       -1.95668914334284083000        0.46095091526100929000       -1.01863274386649927000        1.81837656575352824000       -0.26725021002596827000       -2.52437739736752187000        0.98298473867866065000       -0.61612124118037981000        1.83129415757341452000        0.01834699706638712000       -0.93096660043269430000       -1.32498185302555616000       -1.48143217830260854000       -0.71172203856668281000       -0.40261370325741414000       -1.40056485097870187000       -0.19868447938953596000        0.03373987189078211000       -0.69891604587997558000       -0.45709182539399024000        0.75056857838106772000       -1.77004097299301666000        0.88882935516625272000       -0.41686891529845738000        1.33988881564667084000        0.23373671983438074000       -2.26590099397215550000        0.79724940648506659000       -0.58206327918670531000        1.13001545169625195000       -0.04826144436591519000       -0.74757087705099023000       -1.40719743111976681000       -1.20105156167851379000       -0.79973679778060247000       -0.42452007257478674000       -1.47516673700047196000       -0.41764765159498185000       -0.17283659364759421000       -0.45638792487084279000       -0.47510933513864773000        0.25048517079780797000       -1.58767978988463421000        0.64943271843338557000       -0.17688650018109722000        1.11499503772736830000        0.38850762878190742000       -1.76659816121304991000        0.81884995211806288000       -0.62795874734524537000        0.70262274381910195000        0.17299736098316679000       -0.61104883622002049000       -1.24625522809839184000       -1.00623138688442992000       -0.65732169568167165000       -0.35732986636409919000       -1.24599860245878657000       -0.73133028932976374000       -0.41923598925765460000       -0.34060893968635109000       -0.48700874748614592000        0.25838200960118946000       -1.59745876088450767000        0.72042385860167157000       -0.25097623447900530000        1.24333537290512064000        0.37939363280893806000       -2.03588177309529383000        0.88940591437393435000       -1.09468613903922529000        0.90580554040808536000       -0.01040907699978106000       -0.58009390843522879000       -1.23346196393936181000       -1.06143282709593767000       -0.65450911936660039000       -0.52387732040043322000       -1.23440198010755697000       -0.97077885730839464000       -0.22415416167367616000       -0.21085724861168029000       -0.28261523635558039000        0.48417791774921398000       -1.81318093182878415000        0.55329811410980723000       -0.23155038464427294000        1.21821730244516235000        0.25744676400087091000       -1.86764552117367910000        0.91342381893732028000       -1.27956976307061310000        1.14331157907938952000       -0.01299927295690258000       -0.57048589817382700000       -1.38956544268368454000       -1.11810768294584406000       -0.39150658153818751000       -1.09842525549226955000       -1.14706271265085902000       -1.21983824305647692000       -0.21249261489494192000       -0.25198607659351802000       -0.27747403289940464000        0.14764075207185473000       -1.11181024545848883000        1.00095863931258244000        0.32549689342519278000        0.43965066843927209000        0.37729878105975290000       -1.43911636704914137000        0.87500265079938622000       -1.05646636458899357000        0.74705331157602173000       -0.23435615311151528000       -0.32379198783006491000       -1.58689699210262347000       -0.84834054999632802000       -0.31123479348466287000       -0.74267152025248950000       -1.39069493739837213000       -0.85750253001975352000       -0.42484893994700668000       -0.08756340100946343000       -0.49195825307663377000       -0.34516178765758987000       -0.73239592218146410000        0.68727857358484967000        0.58114297852862851000        0.19168398165185957000        0.37731164234577275000       -1.23804809290943174000        1.22284756375406545000       -0.70155718684077573000        0.30233093866513971000       -0.47787336254531371000       -0.02707729613139236000       -1.48854412348017706000       -0.47995245948039456000        0.19278725914747946000       -0.41543132938645244000       -1.45178535963668409000       -0.70138619703264338000       -0.56172065521033010000       -0.07749017880164223000       -0.69515099697173888000       -0.43561684772855125000       -0.63555570702935482000        0.35980987886174320000        0.69583409261360640000        0.03077694039656213000        0.28270422041042903000       -0.97509596820671185000        1.16824135293156717000       -0.84921057103703845000        0.03551898977494392000       -0.56708143537040157000        0.11824411599291791000       -1.19188277838717105000       -0.03813907209688736000        0.02458785753413159000       -0.23648837194916950000       -1.60386184415530364000       -0.77361200246330386000       -0.46408223552782868000       -0.01662423203430957000       -0.43620518982730394000       -0.63492969767430874000       -0.48010937730678710000        0.53420965894491090000        0.68409679762416831000       -0.08682688336548824000       -0.01693594881911381000       -0.74739683922889255000        1.07401243008262726000       -0.85003278729411369000        0.04886629869594634000       -0.46433547906207900000        0.00783062284291010000       -0.85761499050907819000       -0.11065022845885639000        0.14507386048809914000       -0.01190523889990147000       -1.44096753572556868000       -0.56025445511613015000       -0.61483719828466454000       -0.20648218033482346000       -0.64527913419855609000       -0.53370751110142822000       -0.50828545719807172000        0.45759150006316968000        0.68781288379962768000        0.11030899684837686000       -0.01044318727865897000       -0.74975803275200814000        1.01110110361921124000       -0.78863056324112724000        0.01714154062213091000       -0.73780566803394732000        0.06057952844018440000       -0.48104831929489250000        0.00669039625152511000       -0.04991653210415144000       -0.01505167336486390000       -1.44927280031371275000       -0.41375406893159089000       -0.56506565315252633000       -0.11807872707293646000       -0.62284030701517967000       -0.64641338523047709000       -0.25455153658893426000        0.87868645734951201000        0.77351823586832391000        0.04656152764314354000        0.21950138397753990000       -0.84554669725761300000        1.20665396691247517000       -0.24290445943703709000       -0.37167947998766454000       -0.73775236185206672000        0.22644389532774742000       -0.48659428352193901000       -0.02933913466982811000       -0.03557256365558989000        0.37230901888024787000       -1.63306533412308252000       -0.14320105408915279000       -0.60648701198453736000       -0.04598304967633504000       -0.63624364309212988000       -0.84072726949434229000       -0.29528895304273561000        0.45075836451144236000        0.75378065055745425000       -0.03422690986021976000        0.30092842351656351000       -0.61912340371787999000        1.42328504859420524000        0.07131637875371739000       -0.79475226846920655000       -0.69210264253683240000        0.38489227970246159000       -0.34256888881286024000        0.29077237972491865000        0.10769348183047528000        0.37006254311695608000       -1.50443525920166188000       -0.27721246530195298000       -0.74935294277905562000       -0.04589806890272055000       -0.83647287052164898000       -0.80552599150784643000       -0.13570361622893679000        0.77708912821183562000        0.81162489823821882000       -0.37358238454614912000        0.35027513072654159000       -0.88053047534322559000        1.72292027527510627000        0.18234005535671627000       -0.97749674664158659000       -0.66282240758855104000        0.67691015718311831000       -0.58880328027378637000        0.16611833373074983000       -0.07519320650556267000        0.45057207345301731000       -1.47944002280756703000       -0.39553336993746507000       -0.94233940599733379000       -0.05935207048253777000       -0.94810959843367515000       -0.73604415529704303000        0.16375353200896095000        0.87306895412800545000        0.88883019761743975000       -0.75726739459997594000        0.31742500372207605000       -0.58388705119276518000        1.33270566930202583000        0.05132755221258686000       -0.92096326001987028000       -0.49323036990219959000        0.98575792464785528000       -0.21587189621526984000        0.14667963339902912000       -0.08037373183437233000        0.27983811601559166000       -1.46035058481133517000       -0.45020183888088411000       -1.17254329810252522000        0.07593490616667678000       -1.27280198402012035000       -0.90834847749096459000        0.44106915624894882000        1.51936848437332084000        0.83237731353729294000       -0.39317132773815916000        0.51823749920459339000       -0.63914521192023177000        1.85071261589760372000        0.53991951369498581000       -1.41419694926825490000       -0.21784383541067959000        0.77954059207708359000       -0.49305549287309486000       -0.05057186717237058000       -0.26143442017638907000        0.05585500942714904000       -1.62565217006301088000       -0.55144714037450526000       -0.81130737292416033000        0.20527637907017701000       -1.02358136124646038000       -1.10926179394815994000        0.73804672387159831000        1.63895829360995582000        0.86936114578016999000       -0.72205613398451252000        0.43688349106128083000       -0.20074376171740810000        2.04375240091477472000        1.04323822285243684000       -1.49737234963458055000        0.06601338769382982000        0.94430528681004777000       -0.59842291592958796000       -0.18880662697316011000        0.12621120951666243000       -0.39690352049269018000       -1.52039300906335439000       -0.74010200160666606000       -0.66490210995852939000        0.19400959339115564000       -0.77347222890395229000       -1.06884132250951613000        1.26561426635845509000        2.39267482347559035000        0.75256613115438042000       -1.18187116178789720000        0.34505167528129299000       -0.08982195804770884000        2.35256541828259591000        1.26607353545708534000       -1.94232595444081313000        0.62946537644932543000        1.09593982803102863000       -0.79985172318656583000       -0.31764351125442469000        0.09734055240105614000       -0.63615342302927058000       -1.53480313430397031000       -0.86081335813197934000       -0.73347294840034083000        0.13829501637337355000       -0.81196655757320046000       -1.07115752707722955000        1.52185470240158782000        2.45334714756628536000        0.92964147263275887000       -1.54072434264981317000        0.21996298470145431000        0.06878936732306368000        2.32726767711892624000        1.20721250312403505000       -1.96135554648499655000        0.67470962220671360000        1.23094750794825747000       -0.95796251391285048000       -0.34044754855769743000        0.06833884558742125000       -0.48426235753247693000       -1.46052306760584827000       -0.82018634313051464000       -0.97788278338935519000        0.20581766695416073000       -0.94887018873711537000       -1.40219061130889999000        1.37704498851446444000        2.25522776845390505000        1.02436932807453429000       -1.15764936043991584000        0.22660710609598531000        0.08327061407719429000        2.62626121154102909000        1.14757482915410791000       -2.11186345128534159000        0.47159321999101317000        1.00284574015638661000       -0.86298354102535157000       -0.30193928823850319000       -0.17066829276296266000       -0.31721162105124556000       -1.57954036682301790000       -0.70127828316722041000       -0.37130134054353875000        0.45103724472101697000       -0.59693708495437858000       -1.57985406409299922000        0.91659500421858042000        1.68078610135852458000        1.00359275798177006000       -0.73531554471438265000        0.08520951503452738000        0.42544979923568710000        2.90907291650569944000        1.36586455878394464000       -1.44143657766928723000        0.40969955534097113000        0.73636508791820321000       -0.82583550467622946000       -0.53373023370537998000        0.08866977657373366000       -0.42405987039549553000       -1.43085586467059733000       -0.66090620891637952000        0.03881493887676576000        0.47706571205688891000       -0.23839681566110105000       -1.33818642608687699000        0.80030624080528268000        1.61253824130722534000        0.96098237406044695000       -0.91256477776714240000       -0.05990520645755611000        0.69998794357515703000        2.93261553682751641000        1.29777264065552234000       -1.29852059294470878000        0.55549324769980279000        0.82501802106065802000       -0.73374789260682471000       -0.53319583778837998000        0.18844848196163022000       -0.11404976288226147000       -1.38438833194482758000       -0.32732882370420702000        0.04227332426463954000        0.34763665540130578000       -0.24456437553733670000       -1.14967868782817773000        0.68917822050542266000        1.55214671564898610000        0.79755058713810834000       -0.92788490870293727000       -0.22654357281450788000        0.45821965700154071000        3.04515133684694295000        1.24378552222684147000       -1.29519692667950381000        0.44036735280599643000        0.95661998767904777000       -0.67219448780919056000       -0.50191306723359608000        0.31828684207968544000        0.21362029232101812000       -1.44570312092640818000       -0.21142281443612976000        0.11362008698542393000        0.47536700468218063000       -0.10733316747341153000       -1.49244299681298309000        0.42643090214734292000        1.33657363012688735000        0.54914817364692570000       -0.39889757380875929000       -0.38518466943165053000        0.39974418518457233000        3.49243106085065858000        1.28150368216175181000       -1.37032987359463698000        0.26599621909469023000        0.64734656262706303000       -0.63280700792351852000       -0.42898591781360007000        0.10529108252730920000        0.52712460627538515000       -1.56099957954433743000       -0.24529217889252156000        0.38064214215898345000        0.96564488914190572000        0.30959319324521534000       -1.89325960071922372000        0.15328146673918316000        1.08339347838819267000        0.19253008862457185000        0.30093517233172684000       -0.51537542363281041000        0.36514891165419533000        4.07011466701385505000        1.37585338464933327000       -1.13037551171917294000        0.35385424129361420000        0.29891263225313247000       -0.65802477212013888000       -0.69279889997511257000        0.00441179754668472000        0.26308036191080736000       -1.39424904563738461000       -0.47595340854260781000        0.66399910887821545000        0.95577259607065757000        0.58775946045799043000       -1.61110240608677202000        0.26873623693483251000        1.54386795594811166000        0.04137766823772586000        0.07912091127176159000       -0.52900653593299951000        0.62277717625725804000        3.82660007308641470000        1.29773479293586380000       -0.94803181613605114000        0.76502309654425049000        0.35669161088003959000       -0.60723264833138890000       -0.93767583702449586000        0.18451013459417745000       -0.04537693388504641000       -0.99109368217384108000       -0.55549146833916585000        0.56224984250129373000        0.73715940099670463000        0.40924153871767166000       -1.70768157606141235000        0.46395794436593879000        2.16838223248314765000        0.12782987338251919000        0.04622232988853517000       -0.25341069058784821000        0.61129434656273962000        3.90475236750563726000        1.51734994930158384000       -1.30646136116463274000        0.71247051052208554000        0.29141498795079968000       -0.64642092871792312000       -0.96056154977280572000        0.13486577326455332000       -0.11834018305235318000       -0.94057099525611554000       -0.52087175997626101000        0.28712554865620121000        0.71780210443443460000       -0.05172999319718369000       -2.10848648201958122000        0.59076161770166791000        2.36980026686688428000        0.34874836404817994000        0.21564389984228077000        0.02639720093442106000        0.59014948913141085000        4.37488849406843183000        1.96525386677447766000       -1.54687918438467054000        0.51590827359150471000        0.12041403350814991000       -1.00714817464020712000       -0.99225454064801455000        0.18136033862072815000        0.12546953554130053000       -1.01094501957109739000       -0.40330917442373554000        0.12929162794895527000        0.79146272929402872000       -0.25402555262624715000       -2.37233933137107433000        0.33607962300609578000        2.21655600863031887000        0.24370777089731913000        0.92612565002331759000        0.13873097179288493000        0.59182755506499685000        4.88348685277311922000        2.11557115075463376000       -1.76504493292363440000        0.53729988705991394000       -0.32398099305085915000       -1.10732562852761540000       -0.94408355662115617000        0.14428579313624676000        0.66758203640604608000       -0.97252052078921980000       -0.21946261932702307000        0.23519788954843229000        0.97317238442554177000        0.16390526412904646000       -2.28365510478341749000        0.09165697116925858000        1.74443156791154230000       -0.08421763849051060000        1.15399029159338240000        0.08813681565581200000        0.51971609200033242000        5.00875979958911621000        1.88356708101678638000       -1.55642255748066760000        0.61499167185605952000       -0.28424923790738182000       -0.83678842740759074000       -0.88129392757939073000        0.70343839774339667000        0.57250417585155322000       -0.77771474685722619000       -0.14080433143706897000        0.31796757867246522000        0.70508951309349266000        0.18832204879879172000       -1.86243856545278375000        0.22719465260312913000        1.37083234193829795000        0.09997691058853662000        0.58822058082157436000       -0.16632206057292898000        0.63108036038483228000        4.80460416373037713000        1.49553361457522316000       -1.28843448791546833000        0.36139862958771984000       -0.01861513309846317000       -0.95138463424631192000       -0.57869923051109118000        0.83098092982870542000        0.50579833100788119000       -0.78278344159715152000       -0.08458095254439695000        0.40647601306503595000        0.51575240468862726000        0.15672899182170377000       -1.84741544701011984000        0.27111066681650786000        0.55943713423906372000        0.53971302484399875000        0.21650998595844012000       -0.39671542307898516000        1.15159666601364563000        4.26659382112924579000        1.14053124646964843000       -1.00953103509770359000       -0.23339297818629945000        0.15400940515438313000       -0.74693234545153286000       -0.09296345725083231000        0.63527845528281512000        0.71657956380954257000       -0.89666509266764061000        0.00691058779151334000        0.57136293130324911000        0.65190434338764680000        0.48053476459944089000       -1.99168265413576551000        0.14172992806059895000        0.09936499344260954000        0.42384484670485029000        0.47797525526403478000       -0.53595268001466967000        1.25198004792662765000        4.39480810180794634000        1.18157203457784821000       -0.93822064606783773000       -0.52111587992071651000        0.03437315616121811000       -0.73793422761057592000        0.05588258916039160000        0.66531536298027705000        0.76607212567982463000       -0.73981029386906016000        0.00247905915093871000        0.88576591043116193000        0.59182481837515521000        0.93292372831699155000       -1.73004152223181995000        0.11179824975957359000        0.05024544677664974000        0.29241900250855785000        0.24988849187410678000       -0.69845834043872834000        1.31131885507016288000        4.12919091479312517000        1.01783886318347627000       -0.76592573158439436000       -0.43509122040892290000        0.18035898816297333000       -0.44892019569825603000        0.03733148396980403000        1.23373611835054930000        0.91992876616007424000       -0.41022885660926139000       -0.06253206071475299000        0.92413400161804005000        0.55658805604933292000        1.08857335389815724000       -1.72505700843962950000        0.33500802787745643000        0.04043474939787475000        0.22798203893878388000        0.04386871114075368000       -0.72552679246381246000        1.12785992897226106000        4.08905720002391071000        0.78017577439734265000       -0.68751731714029229000       -0.56658241178646707000        0.25722235668598609000       -0.33986394102972023000        0.21945782046260853000        1.46956608259503030000        1.24187747756532740000       -0.17883387283261726000        0.01387804479966048000        0.90099578585604678000        0.62847894074854360000        1.17581918800056684000       -1.59196604432800215000        0.14430215101971966000       -0.43441266105135051000        0.13659247657390783000        0.41766532183923788000       -0.70406485097043470000        1.16124204344485893000        4.11759565312265696000        0.46150920728235834000       -0.40919589438495713000       -0.72322804883243297000        0.13356886351467673000       -0.10572896744528630000        0.36320958847855250000