11         6        29         1         7
        0.00    0
       1.014300       1.050000       1.009050       1.047900       4.008305      15.403500      52.380300
      -0.565600      -0.565600      -0.535200      -0.760800       1.752285       0.664000       0.069426
       -0.09000000000000000000
        0.09400000000000000000
       -0.00400000000000000000
        0.01600000000000000000
        0.39800000000000002000
       -0.32600000000000001000
       -0.35999999999999999000
       -0.19800000000000001000
        0.23200000000000001000
       -0.03400000000000000000
       -0.23200000000000001000
        0.06600000000000000000
       -0.23200000000000001000
        0.27600000000000002000
       -0.10199999999999999000
       -0.31600000000000000000
       -0.25200000000000000000
        0.04200000000000000000
        0.12200000000000000000
        0.25200000000000000000
        0.15400000000000000000
       -0.25200000000000000000
       -0.31600000000000000000
        0.31000000000000000000
        0.20599999999999999000
       -0.04200000000000000000
        0.21800000000000000000
        0.11600000000000001000
       -0.34000000000000002000
        0.07000000000000001000
       -0.18200000000000000000
       -0.32200000000000001000
       -0.16400000000000001000
        0.09000000000000000000
        0.22600000000000001000
        0.12200000000000000000
        0.21400000000000000000
        0.20799999999999999000
        0.13400000000000001000
        0.28199999999999997000
        0.03600000000000000000
        0.04800000000000000000
       -0.31400000000000000000
       -0.18200000000000000000
        0.04600000000000000000
        0.06000000000000000000
       -0.04600000000000000000
        0.31200000000000000000
        0.35599999999999998000
        0.05400000000000000000
       -0.28999999999999998000
        0.07000000000000001000
       -0.01000000000000000000
        0.03800000000000000000
        0.02000000000000000000
        0.09600000000000000000
       -0.20000000000000001000
        0.04800000000000000000
        0.23400000000000001000
       -0.27400000000000002000
       -0.33000000000000002000
        0.30199999999999999000
        0.26800000000000002000
       -0.19000000000000000000
        0.44600000000000001000
       -0.09400000000000000000
        0.33400000000000002000
        0.34399999999999997000
        0.29599999999999999000
       -0.35199999999999998000
       -0.13400000000000001000
       -0.38600000000000001000
        0.37200000000000000000
       -0.03400000000000000000
       -0.03800000000000000000
       -0.23400000000000001000
       -0.24800000000000000000
       -0.35599999999999998000
        0.28599999999999998000
       -0.13800000000000001000
       -0.10800000000000000000
        0.06800000000000000000
       -0.03000000000000000000
        0.13800000000000001000
       -0.10000000000000001000
       -0.38600000000000001000
        0.24199999999999999000
       -0.26200000000000001000
        0.11600000000000001000
       -0.09800000000000000000
        0.34999999999999998000
       -0.01000000000000000000
       -0.25200000000000000000
        0.08000000000000000000
        0.06200000000000000000
       -0.03400000000000000000
       -0.18800000000000000000
        0.08799999999999999000
       -0.05000000000000000000
       -0.05000000000000000000
        0.07199999999999999000
        0.23599999999999999000
        0.32200000000000001000
       -0.04600000000000000000
       -0.42199999999999999000
       -0.06600000000000000000
        0.01800000000000000000
       -0.27200000000000002000
        0.28199999999999997000
       -0.10400000000000000000
        0.32400000000000001000
       -0.21199999999999999000
        0.34200000000000003000
       -0.05800000000000000000
       -0.38400000000000001000
       -0.07199999999999999000
        0.33800000000000002000
        0.27400000000000002000
       -0.37600000000000000000
       -0.10800000000000000000
        0.16000000000000000000
        0.00000000000000000000
       -0.33200000000000002000
       -0.06800000000000000000
       -0.28199999999999997000
       -0.37600000000000000000
        0.21600000000000000000
       -0.09200000000000000000
        0.33000000000000002000
       -0.09200000000000000000
       -0.33000000000000002000
       -0.18200000000000000000
       -0.17000000000000001000
       -0.28000000000000003000
       -0.23999999999999999000
        0.06600000000000000000
       -0.17799999999999999000
       -0.00400000000000000000
       -0.15800000000000000000
       -0.06600000000000000000
        0.28999999999999998000
       -0.00600000000000000000
       -0.13800000000000001000
        0.16600000000000001000
        0.01800000000000000000
        0.06600000000000000000
       -0.07400000000000000000
       -0.27800000000000002000
        0.23000000000000001000
        0.12400000000000000000
       -0.20200000000000001000
        0.23200000000000001000
       -0.23599999999999999000
        0.05000000000000000000
        0.25800000000000001000
       -0.20999999999999999000
       -0.13200000000000001000
       -0.12800000000000000000
       -0.29799999999999999000
       -0.38600000000000001000
       -0.26800000000000002000
       -0.02800000000000000000
        0.25600000000000001000
        0.03800000000000000000
       -0.07400000000000000000
        0.16400000000000001000
        0.39400000000000002000
        0.13200000000000001000
        0.10600000000000000000
        0.02400000000000000000
       -0.02000000000000000000
        0.23000000000000001000
       -0.30399999999999999000
       -0.17199999999999999000
       -0.14399999999999999000
       -0.32600000000000001000
       -0.43400000000000000000
       -0.04200000000000000000
       -0.06000000000000000000
       -0.18200000000000000000
        0.15800000000000000000
       -0.01600000000000000000
       -0.03800000000000000000
        0.24600000000000000000
       -0.41199999999999998000
       -0.01200000000000000000
       -0.05000000000000000000
        0.21400000000000000000
        0.14799999999999999000
        0.07000000000000001000
        0.26000000000000001000
        0.07199999999999999000
        0.07199999999999999000
        0.01000000000000000000
        0.22400000000000000000
       -0.08599999999999999000
       -0.02800000000000000000
       -0.05600000000000000000
       -0.39600000000000002000
        0.14399999999999999000
        0.25200000000000000000
       -0.08000000000000000000
       -0.05400000000000000000
        0.07199999999999999000
       -0.32200000000000001000
        0.00400000000000000000
        0.02600000000000000000
       -0.39200000000000002000
       -0.04800000000000000000
        0.06200000000000000000
       -0.34000000000000002000
       -0.27400000000000002000
       -0.03200000000000000000
        0.18200000000000000000
        0.07400000000000000000
        0.03000000000000000000
        0.12600000000000000000
       -0.02000000000000000000
        0.33400000000000002000
       -0.13400000000000001000
        0.17000000000000001000
        0.17999999999999999000
       -0.01200000000000000000
        0.08599999999999999000
       -0.26600000000000001000
        0.08000000000000000000
       -0.14000000000000001000
        0.35999999999999999000
       -0.35199999999999998000
        0.14999999999999999000
        0.32800000000000001000
       -0.09600000000000000000
        1.35703982620414410000        4.27208247355306803000        0.73094525822112211000        3.24061692223509645000      -15.63469549071147568000       -2.00499332776397576000       15.17460145497672563000        2.53679142404854296000       -1.84125480296972177000       -0.75093280636261661000       25.32721492744345680000       -6.70448268889924392000       26.50302795206809490000       -2.50972032432945946000       -1.50977157662335215000       -8.36404570869787278000        4.13200508014993773000       -4.99586734463718063000       19.37235104088268040000        0.19996827692328425000       12.50574260466501464000       10.55041986823019862000      -10.15272192398535545000        7.39287063808554912000       25.44554043550446920000      -25.85943617895730280000       -0.32599511611600424000        0.50290942314823739000        3.72709317221157344000        3.85860365900043023000