 2         6        21         1         7
        0.00    0
       1.014300       1.014300       1.018500       1.039500       3.997206      15.708000      52.380300
      -0.565600      -0.565600      -0.470400      -0.719200       1.752285       0.472000       0.111736
       -0.06800000000000000000
        0.01600000000000000000
        0.25200000000000000000
       -0.29199999999999998000
       -0.10199999999999999000
        0.08799999999999999000
        0.31200000000000000000
       -0.21400000000000000000
       -0.30399999999999999000
       -0.07800000000000000000
        0.32400000000000001000
       -0.03600000000000000000
       -0.17799999999999999000
        0.14199999999999999000
        0.29999999999999999000
       -0.27200000000000002000
        0.12000000000000000000
       -0.09000000000000000000
       -0.28399999999999997000
        0.25000000000000000000
        0.34999999999999998000
        0.10600000000000000000
       -0.02000000000000000000
        0.26400000000000001000
       -0.36599999999999999000
        0.04200000000000000000
        0.35399999999999998000
        0.00800000000000000000
       -0.32600000000000001000
       -0.08799999999999999000
       -0.20000000000000001000
       -0.34599999999999997000
       -0.45400000000000001000
       -0.02600000000000000000
       -0.12600000000000000000
       -0.33200000000000002000
       -0.39600000000000002000
       -0.38600000000000001000
       -0.08799999999999999000
        0.32800000000000001000
        0.46400000000000002000
       -0.02600000000000000000
        0.02400000000000000000
        0.25200000000000000000
        0.32400000000000001000
       -0.38800000000000001000
        0.38800000000000001000
        0.38000000000000000000
        0.28399999999999997000
       -0.09600000000000000000
       -0.10000000000000001000
        0.00800000000000000000
       -0.38600000000000001000
       -0.11600000000000001000
       -0.09800000000000000000
       -0.24399999999999999000
       -0.28000000000000003000
       -0.02800000000000000000
       -0.34399999999999997000
        0.09800000000000000000
       -0.30599999999999999000
       -0.08799999999999999000
        0.05200000000000000000
        0.25600000000000001000
        0.43200000000000000000
        0.02400000000000000000
        0.25000000000000000000
        0.15200000000000000000
        0.14799999999999999000
        0.02200000000000000000
        0.12800000000000000000
        0.20799999999999999000
       -0.32400000000000001000
        0.03200000000000000000
        0.03800000000000000000
       -0.34599999999999997000
        0.07800000000000000000
        0.19600000000000001000
       -0.06000000000000000000
       -0.21600000000000000000
       -0.45000000000000001000
       -0.08400000000000001000
        0.22400000000000000000
        0.38000000000000000000
       -0.07600000000000000000
        0.32200000000000001000
        0.28799999999999998000
        0.16600000000000001000
       -0.21199999999999999000
       -0.06400000000000000000
       -0.03600000000000000000
        0.29999999999999999000
       -0.28999999999999998000
        0.30399999999999999000
        0.29199999999999998000
       -0.23200000000000001000
        0.10400000000000000000
        0.06000000000000000000
        0.30800000000000000000
       -0.28999999999999998000
        0.17199999999999999000
        0.01200000000000000000
        0.35799999999999998000
        0.29599999999999999000
        0.12800000000000000000
        0.07800000000000000000
        0.19800000000000001000
       -0.37000000000000000000
        0.30199999999999999000
       -0.11200000000000000000
       -0.39600000000000002000
        0.27000000000000002000
       -0.11400000000000000000
        0.07800000000000000000
       -0.27400000000000002000
       -0.35199999999999998000
        0.17599999999999999000
       -0.19800000000000001000
       -0.26400000000000001000
       -0.00800000000000000000
       -0.16800000000000001000
       -0.09200000000000000000
        0.21600000000000000000
        0.00800000000000000000
        0.19800000000000001000
        0.15800000000000000000
        0.17000000000000001000
        0.35599999999999998000
        0.46999999999999997000
       -0.03600000000000000000
        0.39000000000000001000
       -0.05000000000000000000
        0.02800000000000000000
       -0.35799999999999998000
       -0.39600000000000002000
        0.32400000000000001000
       -0.48399999999999999000
       -0.02600000000000000000
       -0.24800000000000000000
        0.30800000000000000000
        0.32600000000000001000
        0.03600000000000000000
        0.03800000000000000000
        0.23999999999999999000
       -0.36199999999999999000
       -0.07800000000000000000
       -0.34999999999999998000
       -0.04600000000000000000
        0.17799999999999999000
       -0.33600000000000002000
       -0.34000000000000002000
       -0.20599999999999999000
       -0.26000000000000001000
       -0.05000000000000000000
        0.36199999999999999000
       -0.32200000000000001000
       -0.25600000000000001000
        0.30399999999999999000
        0.15400000000000000000
        0.24600000000000000000
       -0.17399999999999999000
        0.00800000000000000000
       -0.14999999999999999000
       -0.05400000000000000000
        0.17999999999999999000
        0.33800000000000002000
       -0.31400000000000000000
       -0.31600000000000000000
       -3.74226856183046452000        5.34659785367062312000       -6.07670402545195465000       -1.90434458554766284000        1.14399021869990136000       -0.73667812943384137000        1.16747123461979174000        5.10306181710602047000        3.72857888028702611000       -1.00411701717963231000       -1.78233505534443393000        1.81228661517253342000        6.65173388976708058000        1.07433680844075741000        0.17856536830418551000        0.19611527526104069000        0.29165567427780281000        4.60360913917873926000        0.36991413229408898000       -3.98930922066390092000        4.41300088387667522000        0.39996499928371732000