 9         6        29         1         7
        0.00    0
       1.014300       1.050000       1.039500       1.047900       4.008305      17.304000      52.380300
      -0.565600      -0.565600      -0.647200      -0.799200       1.752285       0.648000       0.100448
       -0.16200000000000001000
       -0.07600000000000000000
       -0.13600000000000001000
        0.37000000000000000000
        0.19400000000000001000
       -0.08799999999999999000
       -0.37000000000000000000
        0.24600000000000000000
        0.39000000000000001000
        0.07000000000000001000
       -0.05800000000000000000
       -0.24199999999999999000
        0.15200000000000000000
       -0.26000000000000001000
       -0.30800000000000000000
        0.05400000000000000000
        0.29199999999999998000
        0.06800000000000000000
        0.08200000000000000000
       -0.07400000000000000000
       -0.20999999999999999000
        0.14000000000000001000
        0.14199999999999999000
        0.31000000000000000000
        0.43400000000000000000
       -0.04000000000000000000
        0.25200000000000000000
        0.13400000000000001000
       -0.23400000000000001000
       -0.25000000000000000000
       -0.32400000000000001000
       -0.35199999999999998000
       -0.48999999999999999000
        0.05800000000000000000
       -0.22200000000000000000
        0.29799999999999999000
        0.05800000000000000000
       -0.34599999999999997000
        0.08799999999999999000
        0.03000000000000000000
        0.03800000000000000000
       -0.04400000000000000000
        0.17599999999999999000
       -0.06200000000000000000
        0.30800000000000000000
        0.29799999999999999000
       -0.38200000000000001000
       -0.09200000000000000000
       -0.30800000000000000000
        0.07400000000000000000
       -0.16200000000000001000
        0.37400000000000000000
       -0.38800000000000001000
       -0.34999999999999998000
       -0.24399999999999999000
        0.25400000000000000000
       -0.04400000000000000000
        0.09400000000000000000
       -0.25200000000000000000
       -0.22800000000000001000
       -0.24199999999999999000
       -0.19400000000000001000
       -0.09600000000000000000
        0.23200000000000001000
        0.07000000000000001000
       -0.07000000000000001000
        0.27600000000000002000
        0.25000000000000000000
       -0.07199999999999999000
       -0.34000000000000002000
       -0.11799999999999999000
        0.12200000000000000000
        0.31800000000000000000
       -0.00800000000000000000
        0.19600000000000001000
       -0.17999999999999999000
       -0.36799999999999999000
        0.00400000000000000000
       -0.13200000000000001000
        0.29399999999999998000
       -0.40400000000000003000
       -0.03000000000000000000
        0.37600000000000000000
        0.38800000000000001000
        0.30399999999999999000
        0.29799999999999999000
        0.21800000000000000000
        0.23000000000000001000
        0.32400000000000001000
       -0.06600000000000000000
        0.10000000000000001000
       -0.19400000000000001000
       -0.06000000000000000000
       -0.12400000000000000000
        0.31800000000000000000
       -0.00400000000000000000
       -0.35999999999999999000
       -0.05800000000000000000
       -0.35199999999999998000
       -0.03600000000000000000
       -0.00200000000000000000
       -0.39400000000000002000
       -0.32200000000000001000
        0.17199999999999999000
       -0.06800000000000000000
       -0.04200000000000000000
        0.33200000000000002000
       -0.25600000000000001000
       -0.26800000000000002000
        0.01200000000000000000
       -0.29799999999999999000
        0.21600000000000000000
       -0.33400000000000002000
        0.09400000000000000000
        0.36799999999999999000
        0.01400000000000000000
        0.39000000000000001000
       -0.18600000000000000000
       -0.31800000000000000000
        0.09600000000000000000
       -0.46200000000000002000
       -0.05200000000000000000
        0.21400000000000000000
       -0.11799999999999999000
        0.05200000000000000000
       -0.23799999999999999000
       -0.14399999999999999000
        0.35599999999999998000
       -0.07400000000000000000
        0.06600000000000000000
       -0.25800000000000001000
        0.19000000000000000000
       -0.07600000000000000000
       -0.32000000000000001000
        0.31400000000000000000
       -0.15400000000000000000
       -0.33200000000000002000
       -0.08400000000000001000
        0.07000000000000001000
       -0.13600000000000001000
       -0.31800000000000000000
       -0.01600000000000000000
       -0.25400000000000000000
       -0.10600000000000000000
        0.14399999999999999000
       -0.03400000000000000000
       -0.35599999999999998000
        0.30800000000000000000
        0.26200000000000001000
       -0.35799999999999998000
       -0.33800000000000002000
       -0.27800000000000002000
       -0.33200000000000002000
        0.08799999999999999000
       -0.23400000000000001000
        0.26400000000000001000
       -0.30199999999999999000
        0.19000000000000000000
       -0.37200000000000000000
       -0.06600000000000000000
        0.20599999999999999000
        0.06400000000000000000
        0.37200000000000000000
        0.29599999999999999000
       -0.37200000000000000000
       -0.22200000000000000000
        0.38200000000000001000
       -0.37800000000000000000
        0.38800000000000001000
        0.00000000000000000000
       -0.33200000000000002000
        0.14999999999999999000
        0.01800000000000000000
       -0.30199999999999999000
        0.38600000000000001000
       -0.04400000000000000000
       -0.15400000000000000000
        0.07800000000000000000
       -0.00200000000000000000
        0.14399999999999999000
       -0.23200000000000001000
        0.13800000000000001000
        0.23400000000000001000
       -0.20399999999999999000
       -0.13200000000000001000
       -0.02000000000000000000
       -0.01200000000000000000
        0.22400000000000000000
       -0.05400000000000000000
        0.39000000000000001000
       -0.30199999999999999000
        0.16800000000000001000
        0.33800000000000002000
        0.06400000000000000000
        0.11400000000000000000
       -0.14399999999999999000
        0.09000000000000000000
        0.31200000000000000000
        0.24199999999999999000
       -0.00800000000000000000
        0.03000000000000000000
        0.03000000000000000000
        0.14000000000000001000
        0.37800000000000000000
        0.33600000000000002000
       -0.15400000000000000000
        0.17000000000000001000
       -0.14999999999999999000
        0.17599999999999999000
       -0.09800000000000000000
        0.38800000000000001000
        0.20000000000000001000
       -0.17799999999999999000
       -0.23200000000000001000
        0.03600000000000000000
        0.21199999999999999000
        0.36599999999999999000
       -0.07400000000000000000
       -0.32200000000000001000
       -0.35399999999999998000
        0.12600000000000000000
       -0.28999999999999998000
       -0.10400000000000000000
       -0.29199999999999998000
       -0.23799999999999999000
       -0.01800000000000000000
        0.30599999999999999000
        0.25800000000000001000
        0.15600000000000000000
       -0.19200000000000000000
       -0.38800000000000001000
       -0.14399999999999999000
       -3.06492448213817692000       -5.39747818689725367000        2.98331944577409924000       -0.15890612107387106000        6.99630737028231131000        0.74648467097885840000        4.21662022248076429000        5.51396446908820881000      -10.20065175338252139000        8.70237760193652399000       -0.21180751573072207000      -41.47831849825048070000        1.55011556801946204000        1.76985833629547784000       -5.20430407745970935000        5.03141053442768804000        7.19154883042131488000       -3.59250076155134357000        0.91174445773652046000        0.41710391137694014000        3.84057045390499718000       -5.09400868331161938000      -10.60507410002132467000      -23.94732688100440040000       27.41634779032951390000        0.76507185547238110000        3.14070661751419022000       -4.11954273200159360000        7.95697058245650002000        5.90608402662933329000