 9         6        28         1         7
        0.00    0
       1.014300       1.050000       1.009050       1.044750       4.008305       2.864932      50.621550
      -0.565600      -0.565600      -0.630400      -0.776000       1.752285       0.365940       0.100448
       -0.10199999999999999000
        0.02000000000000000000
        0.32600000000000001000
        0.03000000000000000000
       -0.32000000000000001000
        0.14199999999999999000
        0.35199999999999998000
       -0.04800000000000000000
       -0.14999999999999999000
        0.06600000000000000000
       -0.02800000000000000000
       -0.01200000000000000000
       -0.09800000000000000000
       -0.08799999999999999000
       -0.00800000000000000000
        0.14000000000000001000
        0.23799999999999999000
        0.02600000000000000000
        0.24199999999999999000
       -0.09800000000000000000
       -0.25600000000000001000
        0.10600000000000000000
       -0.25800000000000001000
       -0.14599999999999999000
       -0.18200000000000000000
       -0.09200000000000000000
        0.03200000000000000000
       -0.14799999999999999000
        0.36199999999999999000
       -0.27400000000000002000
        0.04600000000000000000
       -0.26600000000000001000
       -0.32000000000000001000
        0.07199999999999999000
       -0.09600000000000000000
       -0.12800000000000000000
        0.08200000000000000000
       -0.29799999999999999000
        0.04800000000000000000
       -0.04800000000000000000
       -0.21600000000000000000
       -0.04400000000000000000
       -0.13800000000000001000
        0.06400000000000000000
       -0.14999999999999999000
       -0.26400000000000001000
        0.20000000000000001000
       -0.33200000000000002000
       -0.45400000000000001000
        0.07400000000000000000
       -0.01200000000000000000
       -0.21400000000000000000
       -0.05600000000000000000
        0.19000000000000000000
       -0.28799999999999998000
        0.32200000000000001000
        0.49600000000000000000
        0.06000000000000000000
       -0.06400000000000000000
       -0.11799999999999999000
       -0.09400000000000000000
        0.23799999999999999000
        0.08599999999999999000
        0.00400000000000000000
       -0.00200000000000000000
       -0.00600000000000000000
       -0.34200000000000003000
       -0.04200000000000000000
        0.14999999999999999000
        0.24600000000000000000
        0.25200000000000000000
       -0.35399999999999998000
        0.01800000000000000000
       -0.02400000000000000000
       -0.20200000000000001000
        0.31600000000000000000
       -0.39000000000000001000
       -0.37400000000000000000
        0.19800000000000001000
        0.28399999999999997000
       -0.01800000000000000000
       -0.02600000000000000000
        0.12400000000000000000
       -0.27000000000000002000
       -0.16800000000000001000
       -0.28599999999999998000
        0.21800000000000000000
        0.16400000000000001000
       -0.33400000000000002000
       -0.08000000000000000000
        0.01400000000000000000
        0.27400000000000002000
        0.33200000000000002000
       -0.27200000000000002000
       -0.16800000000000001000
       -0.31200000000000000000
        0.16800000000000001000
        0.08200000000000000000
        0.19200000000000000000
        0.00800000000000000000
        0.38400000000000001000
        0.14999999999999999000
        0.34200000000000003000
       -0.17000000000000001000
       -0.06000000000000000000
        0.09000000000000000000
        0.11400000000000000000
       -0.09400000000000000000
        0.07800000000000000000
       -0.02800000000000000000
       -0.15400000000000000000
        0.38200000000000001000
       -0.12400000000000000000
        0.03400000000000000000
       -0.19200000000000000000
        0.23200000000000001000
       -0.18800000000000000000
       -0.21800000000000000000
       -0.10800000000000000000
       -0.34000000000000002000
        0.46999999999999997000
        0.01200000000000000000
       -0.24800000000000000000
       -0.03200000000000000000
       -0.15600000000000000000
        0.32000000000000001000
       -0.20000000000000001000
       -0.33800000000000002000
        0.02600000000000000000
       -0.05200000000000000000
       -0.38200000000000001000
        0.10400000000000000000
       -0.11000000000000000000
       -0.34799999999999998000
        0.21199999999999999000
       -0.12800000000000000000
       -0.05200000000000000000
        0.07400000000000000000
       -0.14799999999999999000
        0.35599999999999998000
        0.36599999999999999000
        0.22800000000000001000
       -0.08599999999999999000
       -0.28599999999999998000
        0.07000000000000001000
        0.06800000000000000000
       -0.28799999999999998000
       -0.24399999999999999000
       -0.30199999999999999000
        0.16600000000000001000
        0.28399999999999997000
        0.05400000000000000000
        0.06800000000000000000
        0.06600000000000000000
       -0.24600000000000000000
        0.26800000000000002000
       -0.33800000000000002000
       -0.00400000000000000000
       -0.18400000000000000000
       -0.23999999999999999000
       -0.07400000000000000000
       -0.08400000000000001000
       -0.03000000000000000000
       -0.11200000000000000000
        0.38600000000000001000
        0.05200000000000000000
        0.26800000000000002000
        0.10000000000000001000
        0.46200000000000002000
       -0.08200000000000000000
       -0.03000000000000000000
       -0.05000000000000000000
        0.19600000000000001000
       -0.28799999999999998000
       -0.31200000000000000000
        0.20200000000000001000
       -0.07600000000000000000
        0.01400000000000000000
       -0.38000000000000000000
        0.32600000000000001000
        0.31600000000000000000
        0.09800000000000000000
        0.25800000000000001000
        0.35799999999999998000
       -0.36199999999999999000
        0.03600000000000000000
        0.13000000000000000000
        0.04200000000000000000
        0.01600000000000000000
       -0.19200000000000000000
       -0.17999999999999999000
        0.38000000000000000000
       -0.26600000000000001000
        0.03000000000000000000
       -0.01400000000000000000
        0.16600000000000001000
       -0.19000000000000000000
       -0.28599999999999998000
       -0.17199999999999999000
        0.19800000000000001000
       -0.08200000000000000000
        0.03600000000000000000
        0.13800000000000001000
        0.13400000000000001000
       -0.09400000000000000000
        0.00400000000000000000
        0.16000000000000000000
        0.32200000000000001000
        0.31200000000000000000
       -0.08200000000000000000
        0.03400000000000000000
        0.33000000000000002000
        0.30399999999999999000
       -0.12800000000000000000
       -0.01400000000000000000
       -0.25800000000000001000
        0.37000000000000000000
        0.08599999999999999000
       -0.28999999999999998000
       -0.28399999999999997000
        0.14399999999999999000
       -0.13600000000000001000
       -0.13600000000000001000
        0.08599999999999999000
        4.68098413814583836000       30.43056756323177580000      -15.59517885437118068000       -3.08182055497088792000        6.49533283176792686000       -8.75161427746192544000       -6.81137258867018591000       13.01858401347140770000        0.98366227710643372000       -6.24156282594703260000        0.65235822234319019000        5.20796831883161193000        2.24225337016381143000        6.85162082431692276000       -7.52022940530764039000       -8.99658525211163429000        2.27410437895462270000        4.49888133357324982000       -2.50191965681880646000        6.17922955144706343000       -6.96938198810964860000      -12.07629297318594119000       -5.66586968500937793000       -4.36620114632077438000       10.13341801026376565000      -15.79984435128881692000       -1.01096915021600031000       -1.15367102969859103000        6.60155789998754194000