 4         6        25         1         7
        0.00    0
       1.000000       1.000000       1.000000       0.999000      45.487300      15.600000      50.200000
      -1.000000      -1.000000      -1.000000      -1.000000       8.482700       1.580000       0.123820
        0.31000000000000000000
       -0.02000000000000000000
        0.19400000000000001000
       -0.03400000000000000000
        0.35599999999999998000
       -0.37800000000000000000
       -0.26600000000000001000
       -0.20399999999999999000
        0.04600000000000000000
        0.07600000000000000000
       -0.10800000000000000000
       -0.13200000000000001000
        0.19600000000000001000
        0.34599999999999997000
       -0.05200000000000000000
       -0.12000000000000000000
       -0.40999999999999998000
        0.06400000000000000000
        0.21600000000000000000
        0.34599999999999997000
        0.37200000000000000000
       -0.31000000000000000000
       -0.23200000000000001000
       -0.23000000000000001000
       -0.09600000000000000000
        0.01600000000000000000
       -0.01400000000000000000
        0.14599999999999999000
        0.29599999999999999000
       -0.13800000000000001000
        0.07199999999999999000
        0.25600000000000001000
        0.29999999999999999000
        0.02200000000000000000
       -0.34599999999999997000
       -0.35599999999999998000
        0.34799999999999998000
        0.19800000000000001000
       -0.17399999999999999000
        0.38600000000000001000
        0.25800000000000001000
       -0.00800000000000000000
       -0.23400000000000001000
        0.30599999999999999000
        0.05800000000000000000
       -0.00600000000000000000
       -0.14599999999999999000
        0.35799999999999998000
       -0.47199999999999998000
       -0.02400000000000000000
        0.05600000000000000000
        0.22600000000000001000
       -0.29199999999999998000
        0.20000000000000001000
        0.07000000000000001000
       -0.32400000000000001000
       -0.43800000000000000000
       -0.01200000000000000000
        0.01200000000000000000
        0.09400000000000000000
       -0.18800000000000000000
       -0.05800000000000000000
       -0.24199999999999999000
        0.14399999999999999000
        0.25600000000000001000
       -0.05200000000000000000
        0.07600000000000000000
       -0.38600000000000001000
        0.02600000000000000000
       -0.08000000000000000000
        0.10400000000000000000
        0.11600000000000001000
        0.00000000000000000000
       -0.07000000000000001000
        0.29599999999999999000
        0.38400000000000001000
       -0.08200000000000000000
       -0.15800000000000000000
        0.17199999999999999000
       -0.00800000000000000000
        0.05000000000000000000
       -0.06400000000000000000
       -0.36799999999999999000
        0.02200000000000000000
       -0.01400000000000000000
        0.30399999999999999000
       -0.06600000000000000000
       -0.23400000000000001000
        0.19400000000000001000
       -0.03400000000000000000
       -0.08400000000000001000
       -0.07199999999999999000
       -0.28199999999999997000
        0.33000000000000002000
       -0.04600000000000000000
       -0.16800000000000001000
       -0.24800000000000000000
        0.01200000000000000000
        0.04800000000000000000
        0.32200000000000001000
       -0.08000000000000000000
        0.16200000000000001000
        0.11400000000000000000
        0.22600000000000001000
       -0.12800000000000000000
       -0.03800000000000000000
       -0.34000000000000002000
        0.10199999999999999000
       -0.32200000000000001000
       -0.31400000000000000000
       -0.21199999999999999000
       -0.08000000000000000000
        0.15200000000000000000
        0.01000000000000000000
        0.21400000000000000000
       -0.01800000000000000000
       -0.02800000000000000000
       -0.27200000000000002000
        0.28999999999999998000
        0.18200000000000000000
       -0.43400000000000000000
       -0.01400000000000000000
        0.35399999999999998000
        0.05800000000000000000
        0.34599999999999997000
       -0.21800000000000000000
       -0.07000000000000001000
       -0.03400000000000000000
       -0.30399999999999999000
        0.00000000000000000000
       -0.07600000000000000000
       -0.17399999999999999000
       -0.17000000000000001000
        0.20200000000000001000
        0.16200000000000001000
        0.16000000000000000000
        0.29799999999999999000
       -0.00800000000000000000
       -0.19600000000000001000
       -0.12800000000000000000
       -0.30199999999999999000
        0.03600000000000000000
        0.35599999999999998000
       -0.10400000000000000000
        0.15600000000000000000
       -0.00400000000000000000
        0.03400000000000000000
        0.37600000000000000000
        0.09200000000000000000
        0.10800000000000000000
       -0.37400000000000000000
        0.07800000000000000000
        0.26800000000000002000
       -0.08599999999999999000
        0.15400000000000000000
       -0.29999999999999999000
        0.08799999999999999000
        0.16000000000000000000
        0.11600000000000001000
       -0.20000000000000001000
        0.32600000000000001000
        0.02200000000000000000
        0.21400000000000000000
        0.20200000000000001000
       -0.38800000000000001000
       -0.36399999999999999000
       -0.27600000000000002000
       -0.01600000000000000000
       -0.46400000000000002000
       -0.05000000000000000000
        0.03200000000000000000
       -0.28199999999999997000
        0.00200000000000000000
       -0.28599999999999998000
       -0.11600000000000001000
       -0.12000000000000000000
       -0.28999999999999998000
        0.01800000000000000000
       -0.11000000000000000000
       -0.12200000000000000000
        0.04000000000000000000
        0.19600000000000001000
        0.39800000000000002000
        0.02000000000000000000
       -0.28199999999999997000
        0.04800000000000000000
        0.29999999999999999000
        0.08400000000000001000
        0.20200000000000001000
        0.04600000000000000000
       -0.29199999999999998000
       -0.39400000000000002000
        0.20599999999999999000
       -0.08599999999999999000
        0.00000000000000000000
        0.33000000000000002000
       -0.01200000000000000000
       -0.03000000000000000000
       -0.16600000000000001000
        0.36599999999999999000
       -4.27707955346217794000       -7.58086859860791495000        4.78994671423788176000        8.43526874526013337000        1.71187177935902834000       -4.27126254684971229000        9.36651728844119269000        1.85214729457448812000       -2.48327036970766191000       11.16426503514153801000       -7.02522187998149494000        2.93614279854728677000       -5.23413808812506520000      -10.08311652654016122000      -27.22729338773506310000      -12.73845363409368048000        1.38624307441505978000      -24.20169193354185920000      -41.30107708707807040000      -19.98338046324943920000       -5.80342327639875855000       -1.04159424403657397000      -13.21883688835385229000       -3.57353103271777828000        1.57499967165405930000       20.12287409869930600000