 5         6        28         1         7
        0.00    0
       1.000000       1.000000       1.000000       0.998000      45.487300      16.480000      50.200000
      -1.000000      -1.000000      -1.000000      -1.000000       8.482700       0.810000       0.123820
        0.06200000000000000000
        0.07000000000000001000
        0.14999999999999999000
       -0.25000000000000000000
       -0.23799999999999999000
        0.35999999999999999000
        0.26800000000000002000
        0.35799999999999998000
       -0.27600000000000002000
        0.01200000000000000000
       -0.10600000000000000000
        0.04600000000000000000
       -0.20000000000000001000
        0.12200000000000000000
        0.39800000000000002000
        0.34399999999999997000
       -0.20399999999999999000
       -0.02800000000000000000
        0.14000000000000001000
       -0.00600000000000000000
        0.17199999999999999000
       -0.20200000000000001000
        0.23799999999999999000
       -0.23999999999999999000
        0.42199999999999999000
       -0.04200000000000000000
        0.06600000000000000000
       -0.10199999999999999000
       -0.20799999999999999000
        0.07400000000000000000
        0.09200000000000000000
       -0.19200000000000000000
       -0.01800000000000000000
        0.03600000000000000000
        0.19200000000000000000
        0.04200000000000000000
       -0.29799999999999999000
        0.30399999999999999000
        0.27800000000000002000
       -0.23000000000000001000
       -0.29999999999999999000
       -0.08200000000000000000
       -0.18600000000000000000
       -0.13800000000000001000
       -0.23400000000000001000
       -0.39400000000000002000
        0.17799999999999999000
        0.32000000000000001000
        0.27600000000000002000
        0.01600000000000000000
       -0.29599999999999999000
        0.18200000000000000000
        0.22000000000000000000
       -0.19800000000000001000
        0.15200000000000000000
        0.27000000000000002000
       -0.37200000000000000000
       -0.04000000000000000000
       -0.37200000000000000000
       -0.31600000000000000000
        0.06800000000000000000
       -0.18400000000000000000
       -0.10000000000000001000
        0.38600000000000001000
       -0.35199999999999998000
       -0.02200000000000000000
        0.34599999999999997000
        0.04600000000000000000
        0.33200000000000002000
       -0.09000000000000000000
       -0.32600000000000001000
       -0.16800000000000001000
        0.05800000000000000000
       -0.06600000000000000000
       -0.35799999999999998000
       -0.27800000000000002000
        0.15200000000000000000
       -0.22400000000000000000
        0.33400000000000002000
       -0.32400000000000001000
        0.31600000000000000000
        0.03800000000000000000
        0.00800000000000000000
        0.36799999999999999000
        0.13200000000000001000
        0.08400000000000001000
       -0.13400000000000001000
       -0.14399999999999999000
       -0.43400000000000000000
        0.00800000000000000000
       -0.01600000000000000000
        0.31800000000000000000
        0.13800000000000001000
        0.26600000000000001000
       -0.06200000000000000000
       -0.03200000000000000000
       -0.31000000000000000000
       -0.09600000000000000000
        0.34599999999999997000
       -0.07600000000000000000
        0.35199999999999998000
       -0.22800000000000001000
        0.11000000000000000000
       -0.06600000000000000000
        0.38200000000000001000
        0.01200000000000000000
        0.33200000000000002000
        0.32800000000000001000
       -0.04000000000000000000
        0.34000000000000002000
       -0.29799999999999999000
       -0.29999999999999999000
        0.30800000000000000000
        0.00800000000000000000
       -0.06000000000000000000
       -0.30800000000000000000
       -0.09000000000000000000
       -0.23599999999999999000
        0.09400000000000000000
        0.39200000000000002000
        0.32800000000000001000
       -0.03400000000000000000
        0.25400000000000000000
       -0.31600000000000000000
        0.11000000000000000000
        0.26400000000000001000
        0.29799999999999999000
       -0.28000000000000003000
       -0.23400000000000001000
        0.04400000000000000000
        0.23599999999999999000
       -0.20200000000000001000
       -0.13000000000000000000
        0.34200000000000003000
        0.16000000000000000000
        0.03600000000000000000
       -0.23999999999999999000
        0.02200000000000000000
        0.36199999999999999000
        0.34000000000000002000
        0.00200000000000000000
       -0.33000000000000002000
        0.03000000000000000000
        0.23400000000000001000
       -0.33600000000000002000
       -0.09000000000000000000
        0.30199999999999999000
       -0.34000000000000002000
        0.17399999999999999000
        0.22800000000000001000
        0.06200000000000000000
        0.31200000000000000000
       -0.49199999999999999000
        0.00800000000000000000
        0.26400000000000001000
        0.02400000000000000000
        0.30399999999999999000
       -0.29199999999999998000
       -0.01600000000000000000
        0.16400000000000001000
       -0.46000000000000002000
        0.04000000000000000000
        0.37400000000000000000
       -0.25000000000000000000
       -0.39000000000000001000
        0.33800000000000002000
        0.10600000000000000000
       -0.14999999999999999000
       -0.19400000000000001000
       -0.05000000000000000000
       -0.28599999999999998000
        0.38600000000000001000
       -0.29399999999999998000
        0.39400000000000002000
        0.38000000000000000000
       -0.31200000000000000000
       -0.19000000000000000000
       -0.05400000000000000000
       -0.19400000000000001000
        0.13600000000000001000
       -0.24800000000000000000
        0.32600000000000001000
       -0.09000000000000000000
        0.21600000000000000000
        0.23000000000000001000
        0.02400000000000000000
       -0.24399999999999999000
       -0.05400000000000000000
       -0.34799999999999998000
        0.36199999999999999000
        0.11600000000000001000
        0.39400000000000002000
       -0.30199999999999999000
       -0.05000000000000000000
       -0.17199999999999999000
       -0.17000000000000001000
        0.11000000000000000000
       -0.06000000000000000000
        0.34599999999999997000
       -0.34000000000000002000
       -0.35799999999999998000
        0.09200000000000000000
       -0.11400000000000000000
       -0.14799999999999999000
        0.31000000000000000000
       -0.19000000000000000000
        0.32800000000000001000
       -0.16800000000000001000
        0.18400000000000000000
       -0.07000000000000001000
       -0.12000000000000000000
        0.14799999999999999000
       -0.31600000000000000000
        0.36799999999999999000
       -0.10800000000000000000
       -0.33400000000000002000
        0.12200000000000000000
        0.02600000000000000000
       -0.01400000000000000000
        0.01800000000000000000
       -0.29999999999999999000
        0.25400000000000000000
       -0.07400000000000000000
       -0.34000000000000002000
        3.66360337834781458000        1.55813099233158470000       17.37470825982468270000      -45.50428957811297440000        1.86633288662568919000        2.05904240917291137000       -1.32169747109186697000       -7.13626705523325011000        0.22972058980957527000       -6.68955380280428713000       -2.01627212251485410000       -8.36259270284156742000       -0.08139563331313328000       -3.26957812284301985000       -1.23836185143489419000       -2.53256609520237985000        6.31142134367504859000       -6.84340262752210471000       -2.42589744312228595000       -5.10537479417593332000       -6.49491111919452369000       -1.97200859914512283000       -0.61945768055902839000        2.65104957815413922000       19.29221365386385400000      -23.74875922068031290000      -14.86165250837498952000       17.89305572450463440000       11.20811662834921663000