 5         6        29         1         7
        0.00    0
       1.014300       1.050000       1.048950       1.034250       4.008305      16.443000      50.415750
      -0.565600      -0.565600      -0.300000      -0.741600       1.752285       0.576000       0.069426
        0.17399999999999999000
        0.02400000000000000000
       -0.32200000000000001000
       -0.17599999999999999000
        0.24199999999999999000
       -0.23200000000000001000
       -0.19800000000000001000
        0.35199999999999998000
        0.48799999999999999000
        0.06600000000000000000
       -0.26000000000000001000
       -0.30199999999999999000
       -0.13400000000000001000
        0.15400000000000000000
       -0.40000000000000002000
        0.34799999999999998000
       -0.18800000000000000000
        0.02000000000000000000
        0.13600000000000001000
       -0.10400000000000000000
       -0.35199999999999998000
        0.28199999999999997000
        0.03400000000000000000
       -0.15800000000000000000
       -0.44200000000000000000
       -0.08400000000000001000
        0.24399999999999999000
       -0.04800000000000000000
        0.04200000000000000000
        0.29199999999999998000
        0.10800000000000000000
       -0.28599999999999998000
       -0.14000000000000001000
       -0.08200000000000000000
       -0.08000000000000000000
       -0.17000000000000001000
        0.29799999999999999000
        0.00400000000000000000
       -0.13600000000000001000
        0.08400000000000001000
       -0.09200000000000000000
        0.06000000000000000000
       -0.06600000000000000000
       -0.28999999999999998000
       -0.22200000000000000000
       -0.19000000000000000000
        0.04000000000000000000
        0.21800000000000000000
        0.35799999999999998000
        0.05600000000000000000
       -0.34999999999999998000
       -0.39800000000000002000
        0.09000000000000000000
        0.20999999999999999000
       -0.20999999999999999000
       -0.12400000000000000000
       -0.20200000000000001000
       -0.04000000000000000000
       -0.03000000000000000000
       -0.35199999999999998000
        0.09600000000000000000
        0.00800000000000000000
       -0.36599999999999999000
       -0.27400000000000002000
        0.28000000000000003000
       -0.09600000000000000000
        0.31200000000000000000
        0.23200000000000001000
       -0.24399999999999999000
        0.35999999999999999000
        0.07400000000000000000
       -0.00400000000000000000
       -0.09800000000000000000
        0.08200000000000000000
        0.05400000000000000000
        0.37000000000000000000
        0.03000000000000000000
        0.25400000000000000000
       -0.14399999999999999000
       -0.22800000000000001000
        0.47799999999999998000
        0.01000000000000000000
       -0.38800000000000001000
       -0.06600000000000000000
       -0.37800000000000000000
        0.26000000000000001000
        0.28000000000000003000
        0.16000000000000000000
        0.23799999999999999000
        0.04000000000000000000
        0.38200000000000001000
        0.14199999999999999000
       -0.21800000000000000000
        0.12600000000000000000
        0.35799999999999998000
        0.09000000000000000000
       -0.38200000000000001000
       -0.06200000000000000000
        0.32400000000000001000
       -0.12400000000000000000
        0.34999999999999998000
       -0.19000000000000000000
       -0.37000000000000000000
       -0.03200000000000000000
        0.10000000000000001000
       -0.07199999999999999000
        0.39600000000000002000
       -0.13400000000000001000
       -0.14000000000000001000
       -0.02200000000000000000
       -0.17799999999999999000
        0.38200000000000001000
        0.11400000000000000000
       -0.00200000000000000000
        0.24399999999999999000
        0.31800000000000000000
       -0.31200000000000000000
        0.34599999999999997000
       -0.24600000000000000000
       -0.14399999999999999000
        0.00800000000000000000
        0.06400000000000000000
       -0.06600000000000000000
        0.00400000000000000000
        0.24399999999999999000
       -0.12800000000000000000
        0.31200000000000000000
       -0.34399999999999997000
        0.07199999999999999000
       -0.00400000000000000000
       -0.26200000000000001000
       -0.02800000000000000000
       -0.37200000000000000000
        0.39800000000000002000
        0.23999999999999999000
       -0.35799999999999998000
       -0.36199999999999999000
       -0.08200000000000000000
        0.37200000000000000000
       -0.05200000000000000000
        0.32200000000000001000
        0.14199999999999999000
       -0.37600000000000000000
        0.38000000000000000000
        0.22400000000000000000
       -0.04600000000000000000
       -0.31400000000000000000
        0.14599999999999999000
       -0.05600000000000000000
        0.23799999999999999000
       -0.22000000000000000000
        0.28599999999999998000
       -0.24199999999999999000
        0.05600000000000000000
        0.19000000000000000000
       -0.23799999999999999000
       -0.35599999999999998000
        0.33400000000000002000
       -0.36399999999999999000
       -0.16400000000000001000
       -0.14000000000000001000
        0.06600000000000000000
        0.24600000000000000000
        0.09400000000000000000
       -0.24800000000000000000
        0.02800000000000000000
       -0.27400000000000002000
        0.02600000000000000000
        0.17199999999999999000
        0.07800000000000000000
        0.10600000000000000000
        0.33000000000000002000
        0.27800000000000002000
       -0.23599999999999999000
        0.26000000000000001000
       -0.13600000000000001000
       -0.22200000000000000000
        0.02400000000000000000
        0.39000000000000001000
        0.37000000000000000000
       -0.14399999999999999000
        0.37200000000000000000
       -0.36599999999999999000
        0.13600000000000001000
       -0.34799999999999998000
       -0.04600000000000000000
        0.23200000000000001000
        0.31200000000000000000
        0.34999999999999998000
       -0.33800000000000002000
       -0.21199999999999999000
       -0.19000000000000000000
        0.20799999999999999000
       -0.04200000000000000000
       -0.14199999999999999000
       -0.22600000000000001000
        0.29599999999999999000
       -0.33400000000000002000
        0.02000000000000000000
        0.28199999999999997000
       -0.12200000000000000000
       -0.04200000000000000000
       -0.37200000000000000000
        0.28599999999999998000
       -0.39800000000000002000
       -0.27400000000000002000
        0.04400000000000000000
       -0.11200000000000000000
       -0.23599999999999999000
       -0.02800000000000000000
        0.31600000000000000000
        0.30599999999999999000
        0.30199999999999999000
        0.24600000000000000000
        0.30599999999999999000
        0.25800000000000001000
        0.37000000000000000000
        0.01400000000000000000
       -0.15200000000000000000
       -0.29199999999999998000
        0.14199999999999999000
        0.27200000000000002000
        0.33600000000000002000
       -0.28199999999999997000
        0.36599999999999999000
        0.08599999999999999000
        0.09400000000000000000
        0.11200000000000000000
       -0.15600000000000000000
        0.14199999999999999000
       -0.03200000000000000000
        0.14399999999999999000
       -3.28569878882204813000        2.75371187541378681000       -0.18838919279588842000        6.77376376309493011000        1.26118050258229708000       -4.21655649214224848000       -0.50283175374620559000        1.98884906161916919000        2.02607058139099827000       -5.88100748499371839000        3.36735643848048705000       -0.08329703041897960000        7.32038297603083610000       -0.16954389253340202000       -5.95288390523174460000       -2.85237134322681651000        1.81725966172613473000       -3.76434800431981653000        0.02282092994556393000        0.05952895770642462000       -4.75851521953763257000        2.93100564339433678000        1.73468068642209783000        0.63839270533534864000        3.40653114002376345000        4.74651299599351439000        1.35904446309513638000       -1.35010149543073554000       14.79407638007104708000       -4.31874700555903690000