11         6        27         1         7
        0.00    0
       1.000000       1.000000       1.000000       0.999000      45.487300      15.520000      50.200000
      -1.000000      -1.000000      -1.000000      -1.000000       8.482700       0.590000       0.139670
       -0.23000000000000001000
       -0.02600000000000000000
        0.05600000000000000000
       -0.13800000000000001000
        0.34799999999999998000
       -0.28599999999999998000
       -0.01200000000000000000
        0.00000000000000000000
       -0.28000000000000003000
        0.09200000000000000000
       -0.32600000000000001000
        0.02800000000000000000
        0.30599999999999999000
       -0.36199999999999999000
       -0.17999999999999999000
        0.16000000000000000000
       -0.28599999999999998000
       -0.00400000000000000000
       -0.06200000000000000000
       -0.10600000000000000000
        0.33800000000000002000
        0.10400000000000000000
       -0.39200000000000002000
       -0.15200000000000000000
        0.16200000000000001000
        0.02400000000000000000
        0.39400000000000002000
       -0.27200000000000002000
        0.13000000000000000000
        0.03400000000000000000
       -0.25800000000000001000
        0.15600000000000000000
       -0.27600000000000002000
        0.06200000000000000000
        0.32000000000000001000
        0.12200000000000000000
       -0.35599999999999998000
        0.20799999999999999000
        0.10199999999999999000
       -0.25800000000000001000
        0.15600000000000000000
        0.01400000000000000000
       -0.12400000000000000000
       -0.26000000000000001000
       -0.16800000000000001000
       -0.39400000000000002000
        0.25800000000000001000
       -0.30399999999999999000
       -0.27200000000000002000
        0.01200000000000000000
       -0.28799999999999998000
       -0.29599999999999999000
       -0.19600000000000001000
       -0.38000000000000000000
       -0.33200000000000002000
       -0.14199999999999999000
        0.21800000000000000000
        0.00400000000000000000
       -0.20200000000000001000
        0.23799999999999999000
        0.02600000000000000000
        0.10600000000000000000
        0.37000000000000000000
        0.18800000000000000000
        0.44800000000000001000
        0.09800000000000000000
       -0.05800000000000000000
       -0.03400000000000000000
        0.39400000000000002000
        0.09000000000000000000
        0.10199999999999999000
       -0.02200000000000000000
        0.39400000000000002000
        0.06400000000000000000
        0.32600000000000001000
        0.24199999999999999000
        0.33400000000000002000
       -0.07600000000000000000
       -0.13800000000000001000
       -0.28000000000000003000
       -0.14199999999999999000
        0.01200000000000000000
       -0.29599999999999999000
        0.15400000000000000000
        0.16800000000000001000
        0.08400000000000001000
        0.35399999999999998000
        0.03200000000000000000
       -0.30599999999999999000
        0.01800000000000000000
        0.06200000000000000000
       -0.24399999999999999000
       -0.27200000000000002000
       -0.16800000000000001000
        0.03800000000000000000
        0.01000000000000000000
       -0.39200000000000002000
       -0.07400000000000000000
        0.10199999999999999000
        0.37400000000000000000
       -0.18800000000000000000
       -0.28000000000000003000
       -0.32600000000000001000
       -0.14199999999999999000
       -0.48199999999999998000
        0.09600000000000000000
        0.00000000000000000000
        0.33400000000000002000
        0.09800000000000000000
       -0.05800000000000000000
       -0.32000000000000001000
       -0.24800000000000000000
        0.46800000000000003000
       -0.06800000000000000000
       -0.20000000000000001000
       -0.24199999999999999000
       -0.10199999999999999000
        0.13400000000000001000
       -0.03800000000000000000
       -0.25000000000000000000
        0.11400000000000000000
       -0.03800000000000000000
        0.27000000000000002000
        0.01200000000000000000
        0.18200000000000000000
       -0.15600000000000000000
       -0.20799999999999999000
       -0.03000000000000000000
       -0.23599999999999999000
        0.08000000000000000000
       -0.21600000000000000000
        0.19400000000000001000
       -0.37600000000000000000
       -0.38000000000000000000
        0.12200000000000000000
        0.20000000000000001000
       -0.00400000000000000000
       -0.04400000000000000000
        0.09000000000000000000
        0.27600000000000002000
       -0.07199999999999999000
        0.37000000000000000000
        0.36199999999999999000
       -0.23200000000000001000
       -0.18600000000000000000
        0.00800000000000000000
        0.09600000000000000000
       -0.30599999999999999000
        0.37400000000000000000
        0.17599999999999999000
        0.00600000000000000000
        0.06000000000000000000
        0.39400000000000002000
       -0.07199999999999999000
        0.12000000000000000000
        0.19600000000000001000
        0.04200000000000000000
       -0.26600000000000001000
        0.29799999999999999000
        0.08000000000000000000
        0.36799999999999999000
       -0.01400000000000000000
       -0.20599999999999999000
        0.13200000000000001000
       -0.33600000000000002000
       -0.33000000000000002000
        0.36399999999999999000
        0.28000000000000003000
       -0.31200000000000000000
        0.07800000000000000000
        0.00400000000000000000
        0.19000000000000000000
       -0.06200000000000000000
        0.08599999999999999000
       -0.21800000000000000000
        0.21600000000000000000
        0.04200000000000000000
       -0.04600000000000000000
        0.09800000000000000000
       -0.20200000000000001000
        0.28999999999999998000
       -0.02800000000000000000
       -0.39600000000000002000
       -0.33000000000000002000
       -0.16000000000000000000
       -0.00600000000000000000
       -0.07600000000000000000
        0.16200000000000001000
       -0.31600000000000000000
       -0.34200000000000003000
        0.22800000000000001000
        0.01600000000000000000
       -0.24199999999999999000
       -0.04200000000000000000
        0.34200000000000003000
        0.35599999999999998000
        0.28199999999999997000
       -0.08400000000000001000
        0.12600000000000000000
        0.23999999999999999000
       -0.15600000000000000000
        0.09000000000000000000
       -0.24399999999999999000
        0.06200000000000000000
        0.35799999999999998000
        0.12200000000000000000
        0.22000000000000000000
       -0.40000000000000002000
        0.18400000000000000000
       -0.01400000000000000000
        0.32400000000000001000
        0.17399999999999999000
       -0.34799999999999998000
        0.24800000000000000000
        0.28999999999999998000
       -0.24600000000000000000
      -11.95658616405517449000        3.12093622974356011000        3.92667740461240067000        7.19638465781127756000        5.71041158826430273000        1.82361687880963319000       -2.56872572985431269000       -0.40993557319967072000       16.05648364080931860000        2.84993599333077130000        6.18631578745058430000       16.36121087742840170000       -4.80692953383703880000       12.97971126272295983000       -1.29537918965892906000       -8.95086544282748520000       -4.00683885563413877000       -4.91444217018342044000        7.15414854631394981000       -0.08943106099509870000       -1.08486524576132859000        8.34395623497821859000        0.57688881405686854000       19.11834704267192820000        2.30129083677621127000       -2.24904867631892147000       -2.59833868623617681000        8.01074570569916844000