 4         6        29         1         7
        0.00    0
       1.000000       1.000000       1.000000       0.999000      52.582900      15.520000      58.719000
      -1.000000      -1.000000      -1.000000      -1.000000       9.737500       1.730000       0.117310
       -0.38200000000000001000
        0.05400000000000000000
        0.23999999999999999000
       -0.23599999999999999000
        0.01000000000000000000
        0.33600000000000002000
        0.16000000000000000000
       -0.06600000000000000000
       -0.36199999999999999000
        0.02800000000000000000
       -0.22000000000000000000
        0.15200000000000000000
        0.18800000000000000000
        0.13800000000000001000
       -0.39200000000000002000
        0.13800000000000001000
        0.16000000000000000000
       -0.09000000000000000000
       -0.15800000000000000000
        0.10400000000000000000
       -0.26200000000000001000
        0.03000000000000000000
        0.14399999999999999000
       -0.00400000000000000000
        0.38000000000000000000
        0.02800000000000000000
       -0.30399999999999999000
        0.10199999999999999000
        0.20999999999999999000
        0.27200000000000002000
        0.01400000000000000000
        0.29599999999999999000
        0.08400000000000001000
       -0.00200000000000000000
       -0.38400000000000001000
        0.12400000000000000000
        0.10400000000000000000
       -0.05400000000000000000
        0.23599999999999999000
       -0.22400000000000000000
       -0.49600000000000000000
       -0.00400000000000000000
       -0.35799999999999998000
       -0.20000000000000001000
        0.39400000000000002000
       -0.28199999999999997000
       -0.01200000000000000000
       -0.02600000000000000000
       -0.27200000000000002000
       -0.02800000000000000000
       -0.03800000000000000000
        0.38800000000000001000
        0.07800000000000000000
       -0.36799999999999999000
        0.01400000000000000000
       -0.04200000000000000000
       -0.30399999999999999000
        0.03600000000000000000
       -0.22600000000000001000
       -0.17199999999999999000
        0.19000000000000000000
       -0.01800000000000000000
       -0.28399999999999997000
        0.08599999999999999000
       -0.26800000000000002000
       -0.00200000000000000000
        0.18400000000000000000
        0.03000000000000000000
        0.26600000000000001000
        0.39800000000000002000
       -0.14000000000000001000
       -0.37200000000000000000
       -0.33600000000000002000
        0.08200000000000000000
       -0.05600000000000000000
        0.01200000000000000000
        0.04800000000000000000
       -0.38800000000000001000
       -0.23999999999999999000
        0.22800000000000001000
        0.48199999999999998000
       -0.01600000000000000000
        0.05800000000000000000
       -0.30199999999999999000
        0.05200000000000000000
       -0.13800000000000001000
        0.10199999999999999000
        0.02400000000000000000
       -0.42199999999999999000
       -0.07800000000000000000
       -0.36799999999999999000
       -0.03800000000000000000
        0.17599999999999999000
       -0.06200000000000000000
        0.20799999999999999000
        0.02000000000000000000
       -0.45800000000000002000
        0.01600000000000000000
       -0.23000000000000001000
       -0.28799999999999998000
        0.35599999999999998000
        0.10199999999999999000
        0.17000000000000001000
        0.29399999999999998000
       -0.48999999999999999000
        0.05200000000000000000
        0.31600000000000000000
       -0.36199999999999999000
        0.08799999999999999000
       -0.37600000000000000000
       -0.17999999999999999000
       -0.33200000000000002000
        0.09600000000000000000
        0.00000000000000000000
       -0.13400000000000001000
       -0.19800000000000001000
       -0.02200000000000000000
       -0.19400000000000001000
        0.14999999999999999000
       -0.37000000000000000000
       -0.13600000000000001000
       -0.10000000000000001000
       -0.19400000000000001000
       -0.11600000000000001000
       -0.24199999999999999000
       -0.38000000000000000000
       -0.01200000000000000000
       -0.29999999999999999000
        0.38200000000000001000
        0.09800000000000000000
       -0.38800000000000001000
       -0.33200000000000002000
       -0.05000000000000000000
        0.02400000000000000000
       -0.07800000000000000000
        0.23799999999999999000
       -0.17599999999999999000
        0.06600000000000000000
        0.20200000000000001000
       -0.21199999999999999000
       -0.03400000000000000000
        0.11200000000000000000
       -0.12600000000000000000
       -0.07400000000000000000
        0.13600000000000001000
       -0.03800000000000000000
        0.13000000000000000000
        0.32400000000000001000
       -0.11400000000000000000
        0.31800000000000000000
       -0.07800000000000000000
       -0.12800000000000000000
       -0.21800000000000000000
       -0.03200000000000000000
       -0.15800000000000000000
       -0.36799999999999999000
        0.25000000000000000000
       -0.13000000000000000000
        0.37000000000000000000
       -0.01400000000000000000
        0.02000000000000000000
       -0.02000000000000000000
        0.36199999999999999000
       -0.14799999999999999000
       -0.06800000000000000000
       -0.29799999999999999000
        0.28000000000000003000
        0.39000000000000001000
       -0.22000000000000000000
        0.06800000000000000000
       -0.34799999999999998000
       -0.16400000000000001000
        0.05000000000000000000
       -0.40000000000000002000
        0.04000000000000000000
       -0.10400000000000000000
        0.06400000000000000000
       -0.09800000000000000000
        0.20799999999999999000
        0.35199999999999998000
        0.31800000000000000000
        0.01000000000000000000
       -0.01400000000000000000
        0.30800000000000000000
       -0.05200000000000000000
       -0.08000000000000000000
       -0.10000000000000001000
       -0.08599999999999999000
       -0.13200000000000001000
       -0.30599999999999999000
       -0.12200000000000000000
       -0.19800000000000001000
        0.10600000000000000000
        0.09000000000000000000
       -0.31600000000000000000
       -0.31400000000000000000
        0.10400000000000000000
       -0.37000000000000000000
        0.02200000000000000000
        0.14000000000000001000
       -0.06200000000000000000
        0.00000000000000000000
        0.13800000000000001000
       -0.18200000000000000000
        0.01200000000000000000
        0.37600000000000000000
        0.05000000000000000000
       -0.26800000000000002000
        0.22600000000000001000
       -0.05600000000000000000
       -0.33000000000000002000
        0.03600000000000000000
       -0.07000000000000001000
        0.06200000000000000000
        0.12800000000000000000
       -0.24199999999999999000
        0.37000000000000000000
       -0.05800000000000000000
       -0.04200000000000000000
       -0.30599999999999999000
        0.14799999999999999000
        0.25800000000000001000
       -0.15200000000000000000
        0.13800000000000001000
        0.18600000000000000000
       -0.05400000000000000000
        0.25600000000000001000
       -0.34799999999999998000
       -0.02600000000000000000
       -0.33400000000000002000
        0.34000000000000002000
       -0.26200000000000001000
       -2.42961117910684665000       23.67563016436511700000       -5.60461879032915888000       -2.83619412280733618000       -6.73392731273042688000        0.00505491934657429000       -4.18094478322269758000      -19.94677434148081470000        1.25739828294806188000        5.74930545354217415000       20.97341317211951050000       -7.95325221186915865000       -0.11095193738357378000        2.75624546330233766000       -8.22814643342965546000        5.83732088680167394000        5.53653470700243933000      -12.18538668710372796000       -1.84777959437032258000        9.15969893589836737000        0.98480785187826902000       -0.84869689762020051000       -2.43188012583351609000      -10.24949336257843235000       -3.59437850564659112000        3.59952600370577613000       15.65237114479094060000       -9.98368154984602718000       -0.36078746404299483000       -6.63929679173989751000