 7         6        30         1         7
        0.00    0
       1.000000       1.000000       1.000000       0.998000      52.582900      15.220000      58.719000
      -1.000000      -1.000000      -1.000000      -1.000000       9.737500       1.030000       0.117310
       -0.07000000000000001000
        0.00000000000000000000
        0.16400000000000001000
       -0.36799999999999999000
        0.01600000000000000000
        0.26600000000000001000
        0.18200000000000000000
        0.29199999999999998000
       -0.29399999999999998000
       -0.08799999999999999000
        0.29399999999999998000
       -0.11799999999999999000
        0.34799999999999998000
       -0.27600000000000002000
       -0.19800000000000001000
        0.10800000000000000000
        0.20200000000000001000
       -0.03200000000000000000
       -0.19600000000000001000
       -0.19200000000000000000
       -0.14399999999999999000
       -0.39400000000000002000
        0.39000000000000001000
        0.04800000000000000000
       -0.43400000000000000000
       -0.04800000000000000000
       -0.07000000000000001000
       -0.28199999999999997000
        0.20399999999999999000
        0.23799999999999999000
        0.23799999999999999000
       -0.28799999999999998000
        0.14599999999999999000
        0.06200000000000000000
        0.01600000000000000000
       -0.31400000000000000000
        0.19600000000000001000
       -0.36599999999999999000
       -0.05600000000000000000
        0.27000000000000002000
       -0.07400000000000000000
       -0.05600000000000000000
       -0.17799999999999999000
       -0.07600000000000000000
       -0.07000000000000001000
       -0.03000000000000000000
        0.34399999999999997000
       -0.25400000000000000000
        0.02400000000000000000
       -0.01200000000000000000
       -0.11400000000000000000
        0.17599999999999999000
        0.23000000000000001000
       -0.10600000000000000000
        0.10199999999999999000
        0.14199999999999999000
        0.25200000000000000000
        0.09800000000000000000
       -0.07000000000000001000
       -0.22600000000000001000
       -0.28000000000000003000
       -0.10000000000000001000
        0.14599999999999999000
        0.02400000000000000000
       -0.26000000000000001000
        0.09800000000000000000
        0.12800000000000000000
       -0.05200000000000000000
       -0.05200000000000000000
       -0.06400000000000000000
       -0.25400000000000000000
       -0.25000000000000000000
       -0.38200000000000001000
        0.03600000000000000000
       -0.38600000000000001000
        0.37400000000000000000
        0.15200000000000000000
       -0.32000000000000001000
        0.26400000000000001000
        0.14000000000000001000
       -0.22800000000000001000
       -0.08000000000000000000
        0.24399999999999999000
        0.38400000000000001000
        0.09400000000000000000
       -0.14199999999999999000
       -0.27600000000000002000
        0.22400000000000000000
       -0.35399999999999998000
       -0.07000000000000001000
       -0.40000000000000002000
        0.01600000000000000000
       -0.27600000000000002000
       -0.19800000000000001000
       -0.13600000000000001000
       -0.39600000000000002000
        0.12000000000000000000
        0.09600000000000000000
       -0.33800000000000002000
        0.12400000000000000000
       -0.28799999999999998000
        0.07199999999999999000
        0.00400000000000000000
       -0.10400000000000000000
        0.44400000000000001000
        0.03000000000000000000
       -0.08799999999999999000
       -0.07199999999999999000
       -0.38800000000000001000
       -0.27600000000000002000
        0.20200000000000001000
       -0.40000000000000002000
        0.23599999999999999000
       -0.07600000000000000000
       -0.30399999999999999000
        0.02200000000000000000
        0.09600000000000000000
        0.23200000000000001000
        0.02400000000000000000
        0.04200000000000000000
       -0.45800000000000002000
        0.01600000000000000000
        0.23599999999999999000
       -0.37600000000000000000
       -0.38400000000000001000
        0.04400000000000000000
        0.18800000000000000000
       -0.06200000000000000000
       -0.03800000000000000000
       -0.10000000000000001000
       -0.10800000000000000000
        0.08799999999999999000
       -0.06000000000000000000
       -0.19200000000000000000
       -0.15800000000000000000
        0.23599999999999999000
       -0.17000000000000001000
       -0.07600000000000000000
        0.26600000000000001000
        0.25000000000000000000
       -0.28599999999999998000
       -0.16800000000000001000
       -0.08599999999999999000
       -0.00600000000000000000
        0.46999999999999997000
        0.03800000000000000000
       -0.02600000000000000000
       -0.35799999999999998000
        0.09400000000000000000
        0.21400000000000000000
       -0.31400000000000000000
        0.10400000000000000000
       -0.50000000000000000000
        0.09200000000000000000
        0.05000000000000000000
       -0.06000000000000000000
        0.01000000000000000000
        0.39000000000000001000
        0.22800000000000001000
       -0.32400000000000001000
        0.20200000000000001000
        0.02600000000000000000
        0.20399999999999999000
       -0.13000000000000000000
        0.29999999999999999000
       -0.22800000000000001000
        0.29799999999999999000
        0.26400000000000001000
       -0.02800000000000000000
        0.09000000000000000000
        0.34200000000000003000
        0.36199999999999999000
       -0.12200000000000000000
        0.19800000000000001000
       -0.13400000000000001000
        0.35399999999999998000
       -0.20000000000000001000
       -0.04600000000000000000
        0.12000000000000000000
       -0.04000000000000000000
       -0.04200000000000000000
       -0.14199999999999999000
        0.10000000000000001000
        0.08400000000000001000
       -0.15600000000000000000
        0.06000000000000000000
       -0.24199999999999999000
       -0.33200000000000002000
        0.32600000000000001000
        0.26400000000000001000
       -0.19000000000000000000
        0.23000000000000001000
        0.04800000000000000000
        0.05400000000000000000
       -0.30199999999999999000
       -0.33400000000000002000
       -0.33200000000000002000
       -0.14599999999999999000
        0.32400000000000001000
        0.23200000000000001000
       -0.17399999999999999000
        0.05800000000000000000
       -0.08400000000000001000
       -0.14999999999999999000
       -0.06600000000000000000
       -0.12400000000000000000
       -0.36599999999999999000
        0.07400000000000000000
       -0.18800000000000000000
        0.03600000000000000000
       -0.31000000000000000000
        0.25000000000000000000
        0.37600000000000000000
        0.09000000000000000000
       -0.22400000000000000000
       -0.38200000000000001000
       -0.33000000000000002000
       -0.01400000000000000000
        0.19600000000000001000
       -0.32200000000000001000
       -0.39200000000000002000
        0.34999999999999998000
        0.26400000000000001000
        0.17799999999999999000
       -0.03000000000000000000
        0.02800000000000000000
        0.38400000000000001000
       -0.16600000000000001000
        0.13400000000000001000
        0.00600000000000000000
       -0.01800000000000000000
        0.35399999999999998000
        0.11799999999999999000
       -0.06800000000000000000
       -0.32000000000000001000
       -0.33800000000000002000
        0.12600000000000000000
       -0.01600000000000000000
        0.31400000000000000000
       -0.29199999999999998000
      -18.83168543794484860000       29.17532438983897690000       -5.75757717667628022000        5.86649850299842246000        6.83961893730921044000      -21.84590961553467640000      -16.33988020369373470000       -0.75858495673450510000       -7.77112171392366147000        0.78307524272421558000       -9.88083557134762103000        0.89759722478816317000       43.47987814237509240000      -10.05714589664663983000       44.09766052452584970000        1.15366083526729057000      -23.79324952662500790000        8.84651004691403919000       -2.21884923709934823000        6.87630640015207728000       -0.75021457999369001000      -11.27507232932471482000       96.65867759182977180000       -0.59024659318668238000       -1.24437548697738021000       -8.21685478470724640000        2.80652813177316984000        4.29882771605601111000        4.64982430209595510000       -9.98952922790198805000       18.34258010066678320000