 5         6        29         1         7
        0.00    0
       1.000000       1.000000       1.000000       0.985000      52.582900      15.600000      58.719000
      -1.000000      -1.000000      -1.000000      -1.000000       9.737500       0.520000       0.117310
       -0.06800000000000000000
        0.07400000000000000000
       -0.37400000000000000000
        0.29799999999999999000
       -0.32400000000000001000
        0.09600000000000000000
        0.28999999999999998000
       -0.04000000000000000000
        0.21400000000000000000
       -0.03800000000000000000
        0.36399999999999999000
       -0.26000000000000001000
       -0.20799999999999999000
       -0.06800000000000000000
        0.28000000000000003000
        0.09000000000000000000
        0.11200000000000000000
       -0.09400000000000000000
        0.32800000000000001000
        0.01400000000000000000
       -0.33400000000000002000
        0.01400000000000000000
       -0.38400000000000001000
        0.22200000000000000000
       -0.43400000000000000000
        0.02000000000000000000
       -0.39000000000000001000
        0.34599999999999997000
        0.37400000000000000000
        0.03400000000000000000
        0.32800000000000001000
        0.28799999999999998000
        0.25200000000000000000
        0.06400000000000000000
       -0.11400000000000000000
       -0.09200000000000000000
       -0.23200000000000001000
        0.00800000000000000000
        0.29599999999999999000
        0.31000000000000000000
       -0.31400000000000000000
       -0.04800000000000000000
        0.16000000000000000000
       -0.23999999999999999000
       -0.21800000000000000000
        0.02600000000000000000
        0.01800000000000000000
       -0.14199999999999999000
       -0.10199999999999999000
        0.02000000000000000000
       -0.24199999999999999000
        0.23599999999999999000
       -0.20200000000000001000
       -0.14599999999999999000
       -0.16000000000000000000
        0.17199999999999999000
       -0.33800000000000002000
        0.06200000000000000000
       -0.21600000000000000000
        0.20000000000000001000
        0.05600000000000000000
       -0.00600000000000000000
       -0.37800000000000000000
        0.12800000000000000000
        0.28399999999999997000
       -0.07800000000000000000
       -0.19000000000000000000
       -0.27800000000000002000
       -0.09000000000000000000
        0.18600000000000000000
        0.06400000000000000000
       -0.34399999999999997000
       -0.02600000000000000000
        0.05600000000000000000
        0.23400000000000001000
       -0.17000000000000001000
       -0.25600000000000001000
        0.16200000000000001000
        0.08200000000000000000
        0.20799999999999999000
       -0.24600000000000000000
        0.04400000000000000000
       -0.13000000000000000000
        0.10000000000000001000
        0.13200000000000001000
        0.25000000000000000000
       -0.17000000000000001000
       -0.13200000000000001000
       -0.05400000000000000000
        0.07800000000000000000
        0.00400000000000000000
       -0.29799999999999999000
       -0.15200000000000000000
        0.23400000000000001000
       -0.23000000000000001000
       -0.06800000000000000000
        0.21400000000000000000
        0.00800000000000000000
       -0.31600000000000000000
        0.28000000000000003000
       -0.07199999999999999000
       -0.34799999999999998000
       -0.20000000000000001000
       -0.28799999999999998000
        0.17399999999999999000
       -0.05400000000000000000
       -0.12400000000000000000
        0.31000000000000000000
        0.17999999999999999000
        0.35399999999999998000
        0.02800000000000000000
       -0.38400000000000001000
       -0.44000000000000000000
        0.03600000000000000000
       -0.34200000000000003000
        0.08200000000000000000
        0.14399999999999999000
        0.10400000000000000000
       -0.00800000000000000000
       -0.34599999999999997000
       -0.03800000000000000000
       -0.01400000000000000000
       -0.33000000000000002000
       -0.25600000000000001000
       -0.29199999999999998000
       -0.35599999999999998000
        0.33000000000000002000
       -0.19200000000000000000
        0.11799999999999999000
       -0.02800000000000000000
        0.01200000000000000000
       -0.00600000000000000000
        0.15800000000000000000
       -0.01400000000000000000
       -0.28199999999999997000
       -0.14399999999999999000
       -0.23000000000000001000
        0.08000000000000000000
       -0.20599999999999999000
       -0.17399999999999999000
        0.10600000000000000000
        0.37200000000000000000
       -0.17599999999999999000
        0.23200000000000001000
        0.08400000000000001000
       -0.06200000000000000000
       -0.07000000000000001000
        0.12000000000000000000
       -0.17000000000000001000
        0.08000000000000000000
       -0.05200000000000000000
       -0.06000000000000000000
       -0.36199999999999999000
        0.09200000000000000000
        0.39400000000000002000
        0.28000000000000003000
       -0.29399999999999998000
        0.08200000000000000000
       -0.31800000000000000000
        0.33600000000000002000
       -0.04000000000000000000
       -0.04600000000000000000
       -0.09200000000000000000
       -0.06800000000000000000
       -0.14799999999999999000
       -0.26400000000000001000
        0.04600000000000000000
        0.32800000000000001000
       -0.36199999999999999000
       -0.08799999999999999000
       -0.29799999999999999000
        0.06400000000000000000
        0.24800000000000000000
       -0.24399999999999999000
       -0.14599999999999999000
       -0.14399999999999999000
       -0.01000000000000000000
       -0.01200000000000000000
        0.10600000000000000000
       -0.38400000000000001000
       -0.30599999999999999000
        0.20599999999999999000
        0.13400000000000001000
        0.39800000000000002000
        0.29599999999999999000
        0.09000000000000000000
        0.39600000000000002000
        0.32800000000000001000
        0.02600000000000000000
       -0.04000000000000000000
       -0.18800000000000000000
        0.14999999999999999000
       -0.40200000000000002000
       -0.01400000000000000000
        0.29599999999999999000
       -0.17399999999999999000
        0.36599999999999999000
        0.00800000000000000000
        0.22600000000000001000
       -0.17000000000000001000
        0.04400000000000000000
        0.08000000000000000000
       -0.06800000000000000000
        0.16800000000000001000
       -0.15400000000000000000
        0.20200000000000001000
        0.10800000000000000000
       -0.04200000000000000000
       -0.17399999999999999000
       -0.08599999999999999000
       -0.18200000000000000000
       -0.16800000000000001000
       -0.04400000000000000000
       -0.13200000000000001000
        0.19600000000000001000
       -0.04000000000000000000
       -0.35199999999999998000
        0.06800000000000000000
        0.11200000000000000000
        0.36599999999999999000
        0.16400000000000001000
       -0.13600000000000001000
       -0.08200000000000000000
       -0.05200000000000000000
       -0.22400000000000000000
       -0.01000000000000000000
       -0.08200000000000000000
       -0.32800000000000001000
        0.38000000000000000000
       -0.32600000000000001000
       -0.28999999999999998000
        0.32800000000000001000
        0.02636501465002175000       21.14660289060155660000        2.04881457694259916000       -1.55304342130969686000       -9.68474938090705528000       31.01334796463935460000        2.62241617741096178000       29.62292925335447790000        5.98006076589019386000      -40.13546171175290310000       34.61442138227985770000       -7.58646239556632551000       -7.53830365809939273000        2.61434463517336413000       -0.70324539239623074000        2.57482881217697779000      -23.57530614292251060000       -6.65374409423084767000      -53.31838248362264920000        8.13941724557844992000       13.34213103748280815000       -3.21750509760353953000       12.50958327087837674000       -2.55317329230736201000       -2.11186425486180918000       21.71313847327128240000        3.54370812115822265000        8.54346106094428137000       -1.10031045063556565000       31.48251280563945900000