 5         6        25         1         7
        0.00    0
       1.000000       1.000000       1.000000       0.990000      52.582900      16.390000      58.719000
      -1.000000      -1.000000      -1.000000      -1.000000       9.737500       0.640000       0.133560
       -0.33200000000000002000
        0.03400000000000000000
       -0.02000000000000000000
       -0.21400000000000000000
        0.33400000000000002000
       -0.33800000000000002000
        0.22400000000000000000
       -0.18800000000000000000
       -0.37400000000000000000
        0.03600000000000000000
       -0.25400000000000000000
       -0.27200000000000002000
        0.35599999999999998000
       -0.39000000000000001000
        0.37400000000000000000
       -0.08599999999999999000
        0.21600000000000000000
        0.00600000000000000000
        0.34599999999999997000
        0.32400000000000001000
        0.23799999999999999000
        0.33600000000000002000
        0.03800000000000000000
        0.11600000000000001000
        0.12000000000000000000
        0.00600000000000000000
        0.00000000000000000000
        0.35799999999999998000
       -0.35199999999999998000
       -0.01400000000000000000
        0.22600000000000001000
        0.11600000000000001000
       -0.09800000000000000000
        0.03000000000000000000
        0.18800000000000000000
        0.39400000000000002000
       -0.03400000000000000000
       -0.05600000000000000000
        0.19000000000000000000
        0.24399999999999999000
        0.11799999999999999000
       -0.06600000000000000000
       -0.04000000000000000000
       -0.10800000000000000000
        0.31400000000000000000
        0.11600000000000001000
        0.24399999999999999000
       -0.39200000000000002000
       -0.25400000000000000000
        0.05800000000000000000
       -0.30599999999999999000
       -0.02200000000000000000
        0.20799999999999999000
        0.26400000000000001000
       -0.34999999999999998000
       -0.11200000000000000000
       -0.07600000000000000000
       -0.03800000000000000000
       -0.11000000000000000000
       -0.12200000000000000000
        0.08599999999999999000
        0.20000000000000001000
       -0.05800000000000000000
        0.39200000000000002000
        0.00600000000000000000
        0.08599999999999999000
       -0.16200000000000001000
       -0.22000000000000000000
       -0.32400000000000001000
       -0.38600000000000001000
        0.11000000000000000000
        0.34999999999999998000
       -0.07400000000000000000
       -0.09000000000000000000
        0.11200000000000000000
       -0.23400000000000001000
       -0.19400000000000001000
       -0.03400000000000000000
       -0.37000000000000000000
       -0.33800000000000002000
       -0.12800000000000000000
        0.03600000000000000000
        0.13000000000000000000
        0.38200000000000001000
       -0.33000000000000002000
       -0.38800000000000001000
       -0.26000000000000001000
       -0.29999999999999999000
        0.28000000000000003000
       -0.03000000000000000000
        0.35599999999999998000
        0.05800000000000000000
       -0.04000000000000000000
       -0.19400000000000001000
       -0.23000000000000001000
        0.14999999999999999000
        0.14199999999999999000
        0.04000000000000000000
        0.36199999999999999000
       -0.20999999999999999000
       -0.18800000000000000000
       -0.08000000000000000000
       -0.27600000000000002000
       -0.08200000000000000000
       -0.39400000000000002000
       -0.00600000000000000000
       -0.08200000000000000000
       -0.14599999999999999000
       -0.35599999999999998000
        0.33600000000000002000
        0.31400000000000000000
       -0.32600000000000001000
       -0.08200000000000000000
       -0.06200000000000000000
       -0.03600000000000000000
       -0.21199999999999999000
        0.20799999999999999000
        0.18800000000000000000
       -0.37200000000000000000
       -0.35199999999999998000
       -0.34000000000000002000
       -0.02400000000000000000
        0.20000000000000001000
        0.01000000000000000000
        0.31000000000000000000
        0.33800000000000002000
        0.06800000000000000000
       -0.11000000000000000000
        0.29599999999999999000
       -0.04400000000000000000
       -0.25000000000000000000
        0.28799999999999998000
        0.38800000000000001000
       -0.38200000000000001000
       -0.06800000000000000000
       -0.25000000000000000000
        0.04200000000000000000
       -0.05600000000000000000
        0.06400000000000000000
       -0.12600000000000000000
       -0.09000000000000000000
        0.31600000000000000000
        0.03400000000000000000
       -0.15600000000000000000
        0.04200000000000000000
       -0.00400000000000000000
       -0.33000000000000002000
        0.07000000000000001000
       -0.13800000000000001000
       -0.29599999999999999000
       -0.20599999999999999000
        0.04200000000000000000
       -0.13800000000000001000
        0.04800000000000000000
       -0.01600000000000000000
       -0.34799999999999998000
       -0.14999999999999999000
       -0.35999999999999999000
        0.36199999999999999000
       -0.08000000000000000000
        0.28799999999999998000
       -0.07400000000000000000
       -0.23999999999999999000
       -0.05200000000000000000
        0.27400000000000002000
       -0.21400000000000000000
        0.39600000000000002000
        0.05800000000000000000
        0.44600000000000001000
        0.04800000000000000000
       -0.20599999999999999000
        0.34999999999999998000
       -0.05800000000000000000
        0.10400000000000000000
       -0.30399999999999999000
        0.19000000000000000000
        0.22200000000000000000
        0.06400000000000000000
        0.28599999999999998000
        0.30599999999999999000
        0.34000000000000002000
       -0.20799999999999999000
        0.28599999999999998000
       -0.20200000000000001000
        0.01000000000000000000
       -0.00800000000000000000
       -0.36199999999999999000
       -0.27800000000000002000
       -0.25000000000000000000
       -0.13200000000000001000
        0.13400000000000001000
        0.36399999999999999000
       -0.23599999999999999000
        0.07000000000000001000
        0.30599999999999999000
        0.25600000000000001000
       -0.39000000000000001000
       -0.19600000000000001000
        0.34000000000000002000
       -0.33000000000000002000
       16.66411554278192140000       -0.55970920104360722000        7.86406373713908913000        8.64203309015379695000       -7.52006810794246316000      -23.50257740886795690000       16.66958953653529110000       -7.78372102330965632000       -6.71179747285676864000        2.05044777704149217000      -10.49006511712753920000       12.95432171233873753000       -6.67236762943303319000       14.13594570409849816000       -4.83519412141387761000       24.92861678627823350000        0.82669442992281261000      -17.38456504260651060000       19.85949159505953430000       -3.67437117429429305000      -10.16666387232605828000      -19.40811462808621360000        2.54639752953229870000       12.23726980392735442000        7.78429031805848393000       26.35523534937412650000