 5         6        30         1         7
        0.00    0
       1.000000       1.000000       1.000000       0.998000      52.582900      16.890000      58.719000
      -1.000000      -1.000000      -1.000000      -1.000000       9.737500       2.200000       0.133560
       -0.49399999999999999000
        0.02000000000000000000
       -0.10600000000000000000
       -0.17199999999999999000
       -0.26200000000000001000
       -0.17000000000000001000
       -0.32600000000000001000
        0.27800000000000002000
       -0.06800000000000000000
       -0.00600000000000000000
        0.22800000000000001000
        0.28399999999999997000
        0.06000000000000000000
        0.03600000000000000000
       -0.15200000000000000000
       -0.39200000000000002000
        0.25800000000000001000
       -0.02800000000000000000
       -0.39200000000000002000
       -0.29199999999999998000
       -0.08400000000000001000
       -0.31000000000000000000
       -0.22600000000000001000
        0.12000000000000000000
       -0.35599999999999998000
        0.04400000000000000000
        0.01000000000000000000
        0.25000000000000000000
        0.30199999999999999000
       -0.28999999999999998000
       -0.21800000000000000000
       -0.23599999999999999000
        0.22600000000000001000
        0.09200000000000000000
        0.35399999999999998000
       -0.33600000000000002000
        0.05000000000000000000
       -0.13200000000000001000
        0.33600000000000002000
        0.02600000000000000000
        0.03200000000000000000
        0.09800000000000000000
        0.20000000000000001000
        0.12400000000000000000
       -0.01200000000000000000
        0.34000000000000002000
        0.14599999999999999000
       -0.32800000000000001000
       -0.05800000000000000000
       -0.09000000000000000000
       -0.12000000000000000000
        0.12200000000000000000
       -0.07000000000000001000
        0.28999999999999998000
        0.33400000000000002000
        0.36799999999999999000
       -0.28199999999999997000
        0.07400000000000000000
        0.27800000000000002000
       -0.22000000000000000000
       -0.27800000000000002000
       -0.08000000000000000000
        0.23799999999999999000
        0.11600000000000001000
        0.09800000000000000000
       -0.08400000000000001000
       -0.12200000000000000000
       -0.36199999999999999000
        0.35399999999999998000
        0.35199999999999998000
        0.07600000000000000000
        0.17799999999999999000
       -0.05200000000000000000
       -0.08799999999999999000
        0.23799999999999999000
        0.08599999999999999000
        0.29399999999999998000
       -0.21600000000000000000
        0.06200000000000000000
       -0.18800000000000000000
        0.47999999999999998000
        0.09000000000000000000
       -0.06400000000000000000
       -0.16400000000000001000
       -0.11000000000000000000
        0.26600000000000001000
       -0.04400000000000000000
       -0.30399999999999999000
       -0.46999999999999997000
       -0.08000000000000000000
        0.14799999999999999000
       -0.14000000000000001000
        0.22600000000000001000
        0.35599999999999998000
       -0.11600000000000001000
        0.36599999999999999000
       -0.09600000000000000000
        0.05000000000000000000
        0.28799999999999998000
       -0.03600000000000000000
       -0.38600000000000001000
        0.00600000000000000000
       -0.00400000000000000000
       -0.27200000000000002000
       -0.22400000000000000000
       -0.09200000000000000000
       -0.30800000000000000000
        0.02000000000000000000
       -0.26000000000000001000
        0.10199999999999999000
       -0.22600000000000001000
        0.01400000000000000000
        0.16000000000000000000
       -0.02400000000000000000
       -0.24199999999999999000
        0.24399999999999999000
       -0.13200000000000001000
       -0.13400000000000001000
        0.20000000000000001000
        0.18400000000000000000
        0.43400000000000000000
       -0.08200000000000000000
        0.12600000000000000000
       -0.27200000000000002000
       -0.11400000000000000000
        0.08400000000000001000
       -0.04000000000000000000
        0.17999999999999999000
       -0.06000000000000000000
       -0.03600000000000000000
        0.12000000000000000000
       -0.38200000000000001000
        0.20599999999999999000
        0.20799999999999999000
        0.10600000000000000000
        0.23599999999999999000
       -0.37000000000000000000
       -0.02600000000000000000
       -0.17399999999999999000
       -0.25400000000000000000
        0.11000000000000000000
       -0.30399999999999999000
        0.37200000000000000000
        0.02400000000000000000
       -0.21199999999999999000
       -0.05200000000000000000
        0.03600000000000000000
       -0.09600000000000000000
        0.14599999999999999000
       -0.39400000000000002000
       -0.06800000000000000000
        0.06600000000000000000
       -0.19800000000000001000
        0.01000000000000000000
        0.23200000000000001000
        0.17999999999999999000
       -0.21199999999999999000
       -0.36799999999999999000
        0.20599999999999999000
       -0.21199999999999999000
        0.02000000000000000000
        0.04600000000000000000
        0.22000000000000000000
        0.33600000000000002000
       -0.08000000000000000000
        0.20399999999999999000
        0.13000000000000000000
        0.22000000000000000000
       -0.35999999999999999000
        0.01200000000000000000
       -0.18600000000000000000
       -0.16200000000000001000
       -0.20799999999999999000
        0.02400000000000000000
       -0.14199999999999999000
        0.15400000000000000000
       -0.31800000000000000000
        0.09800000000000000000
       -0.22600000000000001000
        0.13200000000000001000
       -0.38000000000000000000
        0.26200000000000001000
        0.13200000000000001000
        0.14999999999999999000
        0.02000000000000000000
       -0.04200000000000000000
       -0.00200000000000000000
        0.37400000000000000000
        0.03000000000000000000
        0.19400000000000001000
       -0.31600000000000000000
       -0.01400000000000000000
        0.47199999999999998000
        0.00000000000000000000
       -0.25000000000000000000
        0.22000000000000000000
       -0.04400000000000000000
        0.30199999999999999000
        0.30399999999999999000
       -0.03200000000000000000
       -0.05200000000000000000
       -0.05400000000000000000
       -0.05600000000000000000
        0.04000000000000000000
        0.19600000000000001000
        0.00800000000000000000
        0.34599999999999997000
       -0.32000000000000001000
       -0.32000000000000001000
        0.04200000000000000000
        0.28799999999999998000
        0.20999999999999999000
       -0.20200000000000001000
       -0.33000000000000002000
       -0.10800000000000000000
       -0.20399999999999999000
        0.48999999999999999000
       -0.06000000000000000000
        0.07000000000000001000
        0.23599999999999999000
       -0.27800000000000002000
       -0.37600000000000000000
       -0.03600000000000000000
       -0.27600000000000002000
        0.13600000000000001000
        0.04400000000000000000
        0.17999999999999999000
        0.13200000000000001000
        0.13000000000000000000
        0.27400000000000002000
       -0.22200000000000000000
       -0.08000000000000000000
       -0.28399999999999997000
       -0.09400000000000000000
        0.01800000000000000000
        0.05600000000000000000
        0.13400000000000001000
        0.03600000000000000000
        0.06400000000000000000
        0.03600000000000000000
       -6.87288719156269678000       34.08931144412332510000        6.12041436462787036000       -0.82680676150965227000       -9.66734298742715303000       -0.04441143790628369000        6.77192559313084885000        5.70877935025310901000       13.65568200786587738000      -10.57256156388098312000       -2.33190585567964659000        5.00820214185891110000       -7.92655755403657114000       -9.52357391613119653000       -4.42925469746778955000       16.57118137711140090000       -0.85777238337869932000       -6.68846044715653232000        9.78613174977274092000       10.18150971392406667000        6.55479218052117041000       21.13028739984178020000       -8.28769983203199700000       -0.52254738783565491000        6.30646948916751171000       -1.48632501959667063000       -3.50518497268723150000        6.48383200460574116000      -27.15240869693465700000        3.71897109443813401000       -1.97319746354123016000