10         8        13        48        56
        0.00    0
       1.040550       1.015350      52.649100      51.616950      51.016350      52.087350      52.087350      52.087350      51.766050      51.882600      51.136050      52.303650      52.303650      52.303650      52.303650      52.303650      52.303650      52.303650      51.392250      51.392250      51.392250      51.392250      51.392250      51.392250      51.392250      51.392250      51.392250      51.392250      51.392250      51.721950      51.706200      51.706200      52.303650      51.912000      51.392250      51.912000      51.392250      51.392250      51.392250      51.912000      51.912000      51.912000      51.912000      51.912000      51.912000      51.912000      51.912000      51.912000      51.912000      51.912000      51.912000      52.087350      52.087350      52.087350      52.087350      52.087350
      -0.403200      -0.396800       0.166400       0.150400       0.150400       0.150400       0.150400       0.133600       0.069600       0.069600       0.069600       0.069600       0.069600       0.069600       0.069600       0.069600       0.069600       0.069600       0.069600       0.069600       0.069600       0.069600       0.069600       0.069600       0.069600       0.069600       0.069600       0.069600       0.069600       0.069600       0.069600       0.069600       0.069600       0.069600       0.069600       0.069600       0.069600       0.069600       0.069600       0.069600       0.069600       0.069600       0.069600       0.069600       0.069600       0.069600       0.069600       0.069600       0.069600       0.069600       0.069600       0.069600       0.069600       0.069600       0.069600       0.069600
       -0.33000000000000002000
        0.01200000000000000000
       -0.05000000000000000000
       -0.13200000000000001000
        0.37400000000000000000
        0.31400000000000000000
       -0.35399999999999998000
       -0.20000000000000001000
        0.28799999999999998000
       -0.22200000000000000000
       -0.21800000000000000000
       -0.02200000000000000000
       -0.12800000000000000000
        0.03800000000000000000
        0.02400000000000000000
        0.14999999999999999000
        0.26400000000000001000
       -0.33400000000000002000
       -0.31200000000000000000
        0.12400000000000000000
        0.17199999999999999000
        0.02400000000000000000
       -0.16400000000000001000
        0.19200000000000000000
       -0.23799999999999999000
       -0.06200000000000000000
        0.20000000000000001000
       -0.08400000000000001000
       -0.36199999999999999000
       -0.39000000000000001000
       -0.41599999999999998000
        0.04600000000000000000
        0.37400000000000000000
        0.35399999999999998000
       -0.03200000000000000000
        0.07199999999999999000
        0.30399999999999999000
       -0.15800000000000000000
        0.04400000000000000000
       -0.24199999999999999000
        0.42199999999999999000
       -0.01200000000000000000
       -0.15200000000000000000
        0.30199999999999999000
        0.10800000000000000000
       -0.07199999999999999000
       -0.22800000000000001000
       -0.03600000000000000000
        0.14000000000000001000
        0.26600000000000001000
       -0.35799999999999998000
       -0.04400000000000000000
        0.08400000000000001000
       -0.04200000000000000000
        0.32000000000000001000
       -0.36199999999999999000
        0.15200000000000000000
       -0.08799999999999999000
       -0.33800000000000002000
        0.25000000000000000000
        0.24800000000000000000
        0.08599999999999999000
        0.25600000000000001000
        0.35399999999999998000
       -0.05200000000000000000
       -0.07000000000000001000
        0.08000000000000000000
        0.25800000000000001000
        0.08200000000000000000
       -0.12600000000000000000
       -0.33200000000000002000
        0.01600000000000000000
        0.03200000000000000000
       -0.28799999999999998000
       -0.25000000000000000000
       -0.22800000000000001000
       -0.20599999999999999000
        0.30800000000000000000
       -0.17000000000000001000
        0.19600000000000001000
       -0.43800000000000000000
        0.09600000000000000000
        0.01200000000000000000
       -0.04400000000000000000
       -0.14399999999999999000
        0.17000000000000001000
       -0.07400000000000000000
       -0.26200000000000001000
        0.23599999999999999000
       -0.33800000000000002000
       -0.28399999999999997000
       -0.03400000000000000000
       -0.28599999999999998000
       -0.13000000000000000000
        0.34999999999999998000
       -0.34200000000000003000
        0.11000000000000000000
       -0.26600000000000001000
       -0.22400000000000000000
        0.16000000000000000000
        0.33600000000000002000
       -0.01800000000000000000
       -0.14399999999999999000
       -0.07400000000000000000
       -0.38000000000000000000
        0.20999999999999999000
        0.10000000000000001000
        0.25600000000000001000
        0.04800000000000000000
        0.27400000000000002000
       -0.04400000000000000000
        0.09400000000000000000
       -0.04600000000000000000
        0.10600000000000000000
       -0.27400000000000002000
        0.12800000000000000000
        0.22800000000000001000
       -0.29799999999999999000
        0.14999999999999999000
       -0.13600000000000001000
        0.46600000000000003000
        0.02200000000000000000
       -0.24600000000000000000
        0.36399999999999999000
        0.11000000000000000000
       -0.30599999999999999000
       -0.13000000000000000000
        0.01600000000000000000
        0.32400000000000001000
        0.18800000000000000000
        1.82779310107086079000        2.68931457462359624000       -0.55976381380217988000       -0.73846201984104987000       -0.11567521379413984000       -1.83796129973946143000        3.53327923929080656000        2.30845667445414815000       -2.13805140490490553000        1.11207795985673452000       -0.60237566851662172000        1.45617055844081933000        0.33257587860923538000       -0.18668905829117632000        1.90940291311212196000        2.89779686845634554000       -0.55686936477153215000       -1.54747275302846465000       -0.35124256797899334000       -1.82481100899425752000        3.80593090897700881000        2.23983389088658980000       -2.36852924929717101000        0.90750522197941819000       -0.88237448216074676000        1.76291496446167795000        0.46052959054018300000       -0.52949208729622410000        2.07831556465151168000        3.15879183317046452000       -0.58580120682151859000       -2.28375527000790157000       -0.46609346840322546000       -2.09552583076580357000        4.20605245550462214000        2.34221716452489614000       -2.92509910087486658000        0.88640910251165683000       -1.25491746916315883000        2.25980779250130936000        0.39715417121893726000       -0.86560342251377953000        2.05363620034236849000        2.96141482800232758000       -0.58340123373286179000       -2.73549469625195307000       -0.59828845804295616000       -2.25488084622314133000        4.23444175264919398000        2.18548408021314877000       -3.41819451972543265000        0.99068302024039923000       -1.56344000217917478000        2.69763729749434278000        0.28359258762129258000       -1.22968729948329880000        1.62000299565625738000        2.64232976245618589000       -0.52729519115015233000       -3.11573165480975245000       -0.40734632122476044000       -2.37938228317589973000        3.83706886049929441000        1.63631872150798063000       -3.38890666057796341000        0.86713710933444355000       -1.73577678834093030000        2.49567181679975736000        0.01703534457661278000       -1.67498857977072446000        0.96223987289190283000        1.98102518453686316000       -0.56460397530041717000       -3.27279296513288154000       -0.22146255051220981000       -2.60709739926262563000        3.13445877247318405000        0.89603268562035454000       -3.55865398891878337000        0.94294031831229108000       -2.06778165250114299000        2.44420397276464207000       -0.31327406403365582000       -2.13989765910109009000        0.11194107432495599000        1.53051444799570779000       -0.64245399174554529000       -3.21554040066721658000        0.16235332228161123000       -3.39663516869023985000        2.25478593729478183000        0.25351603037106479000       -3.83633732017917595000        1.01407688213372049000       -2.61025915771820660000        1.94371887956449063000       -0.77547677424545258000       -2.68193572143127934000       -0.95622933297162849000        0.74786570430515154000       -0.77273982692319776000       -2.88913836276257685000        0.62271275844363572000       -4.09909259726776476000        1.03157829539649493000       -0.64242868954469123000       -3.95619156191535248000        1.18110669614332786000       -3.04841044470186784000        1.53549038934232218000       -1.33852991688084799000       -3.15766438301216068000       -2.27829854986370339000        0.08646130690883207000       -0.90152565942153018000       -2.33999881294544076000        1.00439522462891828000       -5.00743553347153281000       -0.43338451540790179000       -1.57204590346912965000       -4.00820175020052005000        1.27492164155339616000       -3.52808394590336505000        0.64602589963383505000       -1.78605242159245048000       -3.64650334427329970000       -3.33711208517012548000       -0.80087864194313252000       -0.98363178346759017000       -1.62508285671246622000        1.35534513157275649000       -5.80420715485938832000       -1.77516306273465219000       -2.35471500857420235000       -4.12654011545454846000        1.55097069699906109000       -3.85735531128776188000       -0.02694558404363221000       -2.20468007958766599000       -4.00742818018165270000       -4.23691102236497308000       -1.65757928646004249000       -0.95140220047683643000       -0.86178323041126759000        1.64209792734685345000       -6.21306258389504151000       -3.31939886179322796000       -3.11442025803075406000       -4.11758347771240629000        1.50203800853381608000       -4.01439091056940356000       -0.80079253938388884000       -2.37182701456705658000       -4.26074807344016371000       -4.48721570261132730000       -2.15276614976149938000       -0.84008000929319326000       -0.03665397961195828000        1.70877495929348355000       -6.15809396889085825000       -4.55081020334675479000       -3.34251517466550974000       -4.18224409680995546000        1.24581907801897285000       -3.92320595639111458000       -1.18020165555567647000       -2.22486035477589317000       -4.18644694243822268000       -4.60673493368155640000       -2.24539115591441130000       -0.64109006837618543000        0.68301333494679750000        1.34932067536187650000       -5.48364892523844372000       -5.70814431314980197000       -3.52967472294048301000       -3.71402639830062631000        0.58604480447644558000       -3.50643310875171599000       -1.87268732531459836000       -1.55422000398553761000       -3.87628017967276639000       -4.65476988087674037000       -2.32916663834485327000       -0.36113236314811820000        1.27450343494240181000        0.82500403411576240000       -4.40691618159372567000       -6.64477556686540005000       -3.80534758802443562000       -2.79185365559859688000       -0.09202630167043727000       -2.79844136489593431000       -2.82185759832835092000       -0.72897659974133588000       -3.45616304224777604000       -4.02274269170879606000       -2.17299116926436886000       -0.08622769192744280000        1.72320982386425281000        0.12738778242137078000       -3.62536777731049931000       -7.16579913956831405000       -3.47380138748936096000       -2.77743419441131545000       -0.80301272834285586000       -2.40277784319550225000       -2.88875512513701072000        0.15327627497329627000       -3.02926188062291502000       -3.35933580379184704000       -2.03783845159632326000        0.00171778025210431000        2.10865112816407407000       -0.52722333641341423000       -3.03743103139350135000       -7.18479602940987050000       -3.01132183769847384000       -2.88020991050855590000       -0.97055424597069118000       -2.05801387871262431000       -2.56195717459632943000        0.76478741191976818000       -2.51359803909248702000       -2.48554505211710319000       -1.35911021808906307000        0.01265910687320847000        2.35533556644227682000       -1.03635619732530593000       -3.06694612286515422000       -6.53964921987003045000       -2.04316157872282167000       -3.13510296723019799000       -0.90810565806785726000       -1.83157916998714687000       -2.34856463597313558000        1.15288384969403235000       -1.99785137387018508000       -1.27300687094922882000       -0.73385607789812224000       -0.08556010174655268000        2.36054668735395357000       -2.01036771404087355000       -2.76801171291840120000       -5.61409299407881068000       -0.93318600011576081000       -3.65101208233269814000       -0.85843175812578709000       -1.67954114541988364000       -1.22479265314844077000        1.84175044793923304000       -1.34949595168698466000       -0.07865916178266753000       -0.15250569926838919000       -0.12324246726098635000        2.21647984368003614000       -2.74626169350811145000       -2.44653584178002781000       -4.39526660647068912000        0.21201135687008218000       -4.19728281417167093000       -0.63806847480691642000       -1.47393469700034641000       -0.24717694591300318000        2.26184864181301704000       -0.79362623282159506000        0.97810192529961926000        0.20999229173058687000       -0.21305944666340426000        2.02013411920128982000       -2.76297459729126782000       -2.38469644636222000000       -3.05189401749873923000        1.25214779850556468000       -4.42402619511047046000       -0.19456258227516646000       -1.19111953492473654000        0.68578706554762503000        2.01830523398672002000       -0.33101153603656791000        2.01397869789746808000        0.53360312539821031000       -0.43928078549809224000        1.63765602105199104000       -3.04170285870512158000       -2.06364858179936528000       -1.61229479728874536000        2.26024125921053054000       -4.94737413615756427000        0.31006190570599945000       -1.10097331646203744000        2.18248957461997772000        1.89825288732180364000        0.16584316367453150000        2.73329578321157696000        1.20582869359148104000       -0.70920754592572088000        1.13159510830464627000       -3.03950451901842644000       -2.32431820705465197000       -0.00548389869579302000        3.28075445071223237000       -5.34610963264244354000        0.87879188475491810000       -1.25926108343694887000        2.94609784213886750000        1.54318516202092071000        0.46423059617434131000        3.46566626770369890000        1.78237239525875801000       -0.94866714880861081000        0.46288678977065029000       -3.28842659080670163000       -2.04759474169504374000        1.37503945635034119000        4.00209642971894919000       -5.28090296317220709000        1.06086527276610898000       -1.26572201480042357000        3.76721180673017253000        1.52398005114519086000        0.84941595764769484000        4.10528983920765356000        2.41998726757166205000       -1.06059105482961669000       -0.34925640334678765000       -3.60777174187403782000       -1.26080961112056222000        2.57624818676978817000        4.51363057425189851000       -4.95810344077651965000        0.85731580725138101000       -1.08340914673538413000        4.39948791483341495000        1.66186836317931408000        1.20827241454101575000        4.05476373017553282000        2.46366862321691160000       -1.16906205161468679000       -1.01274927591431885000       -3.49014342098876629000       -0.83030591551708832000        3.34729894994406951000        4.42225313503166806000       -4.48286391139700502000        0.92142473541874337000       -1.03475175021934573000        4.53587337641579502000        1.34475614023267553000        1.22355689977063942000        3.67017304440978664000        1.88262611861963003000       -1.23508772295039471000       -1.55428722311722489000       -2.89178226367610769000       -0.43041466590945804000        3.68521805610909858000        3.87439654818197576000       -3.86326802622101928000        1.09907373998507540000       -0.96464306824305401000        4.46295163164966624000        0.60876708657012457000        1.07728808799310616000        3.42986762966563852000        1.09194902269828642000       -1.17254644943322961000       -2.01797093936253047000       -2.18636252345635507000        0.44519885235266515000        3.69797833766405937000        3.19832954512041212000       -3.27789038146508682000        1.01626288129164388000       -0.76204268699013322000        4.56128185678642417000       -0.07712370348595671000        0.97070154161981714000        2.79259552906880959000        0.78929302894396902000       -1.07095150760943780000       -2.35354691781818337000       -1.54811787506165177000        1.08590277702874038000        3.08669812790709175000        2.34746173576015371000       -2.55152433392013966000        0.31703980368730511000       -0.76199505518553057000        3.97784434439290902000       -0.46992838180519914000        0.70033049246337475000        1.80512112745371600000        0.26990962087467935000       -0.93673372854930659000       -2.64020722744698100000       -1.37430529365332976000        1.95980725223144003000        1.89112710525984640000        1.07473989820852789000       -1.88030428643949921000       -0.70035252294352135000       -0.85845174194496665000        3.28999943558102759000       -0.47979609120728328000        0.35223056853234935000        0.42569651925336299000       -0.39788284607822821000       -0.64118833982341394000       -2.75493592936208520000       -1.08190342039380716000        2.70403528853567821000        0.24516978447834753000       -0.56502049029041013000       -0.70350863685803400000       -1.94694370857543597000       -0.81039103646137745000        1.72070940474222556000       -0.42410405472679175000       -0.18652303834590886000       -0.78017220875889026000       -1.26442477171685486000       -0.56886165140757272000       -2.63191909458762074000       -0.78094690954227286000        2.89188427440639861000       -1.25229198622191218000       -1.92079072633102776000       -0.15320203045745834000       -2.67797867162510705000       -1.08385557392403209000        0.95279226457499755000       -0.51335171157120874000       -0.66556715001589428000       -1.83208556945556622000       -1.78894799795919357000       -0.59118986665724549000       -2.23879785657227170000       -0.50682197515202776000        2.48072015860466522000       -2.59038510787737319000       -2.75032980189957987000       -0.36974776011842397000       -3.13134186658520752000       -1.69452682254349241000        0.38063843216172044000       -0.58132544735323255000       -1.13819455237499034000       -2.79613506343091567000       -2.19621583226178796000       -0.58396146995591336000       -1.79431886181066158000       -0.11056260727642556000        2.25339699375473090000       -3.75361844688511503000       -3.52558404034761308000       -0.05921448181416879000       -3.52730701837322824000       -1.99883822904654806000       -0.55378897872100430000       -0.63597398558988971000       -1.42049747792085146000       -3.38522254581896487000       -2.17915467509594940000       -0.60413492087917786000       -1.26625361117398749000        0.25109828859379901000        1.92266237625032344000       -4.56361920042324964000       -3.84506381843689526000        0.18395997754061510000       -3.83920461862978879000       -2.20841585115623840000       -1.31750615407461980000       -0.60397472771451965000       -1.49210834454649843000       -3.60885146712010840000       -1.81770928127088593000       -0.62906113365207805000       -0.77299338144831375000       -0.00302356704532761000        1.76730788635895553000       -5.04399232398926412000       -3.82085167336567544000        0.14594441979409772000       -4.12635395900879676000       -2.40755006755293000000       -1.76531693833414050000       -0.05829954896102603000       -1.37117461457128798000       -3.34660539952047875000       -1.12498256668627605000       -0.63279807588003534000       -0.23990577578161756000       -0.33277672847951684000        1.14908948965195168000       -4.96561933316458592000       -3.21593830346694620000       -0.31506785998686498000       -4.13908840603167683000       -2.65780336719614407000       -2.02567920021683889000        0.49511068181602336000       -1.18155804163748313000       -2.91267378188229165000       -0.77794552619860013000       -0.62783480027804517000        0.29854524001362065000       -0.57451319857096250000        0.94162846069813932000       -4.58164032247603092000       -2.69766849385909024000       -0.35323080335954959000       -3.76672559233255155000       -2.48792518286117659000       -2.04764901564369595000        0.91467202568426131000       -0.80066665952025762000       -2.57663970913303553000       -0.59547752919962771000       -0.58257108212943554000        0.86473305388353383000       -0.26447275980661267000        0.78747773600670878000       -3.90954122702204110000       -2.29078888280740767000        0.12793763126661684000       -2.96780178026211683000       -1.92203781890920067000       -2.42236617123633602000        0.79904517635798289000       -0.38483229340231784000       -1.96428613877685221000       -0.40850785257672034000       -0.57426476973801677000        1.43576035026603588000        0.27813430842886278000        0.20927258442355198000       -3.12854520635442190000       -1.58336254951769662000       -0.10688915665825416000       -2.05077581693533251000       -1.57669319346217773000       -2.08775979015045321000        0.34099901526991661000       -0.07466591208853759000       -1.52478172295574455000       -0.27779794319530160000       -0.58559243692625362000        1.88398007989946170000        0.51899985321418562000       -0.09109544395805010000       -2.25370055639032207000       -1.09140854010611887000       -0.05141710382052005000       -1.03933046373327787000       -1.05665924740641448000       -1.79100406734078632000        0.03482899511999309000        0.26995532094171043000       -0.90251721147206210000        0.02105222542190090000       -0.59420339226943641000        2.17782465526931457000        0.49507794715308157000       -0.93891866760777354000       -1.16978485224966877000       -0.29155345493723173000       -0.72217232124393715000        0.00629836108577495000       -0.97627477113027961000       -1.37977530599963005000       -0.12655844829732896000        0.40642722306869550000        0.11068281771717471000        0.29903332538023875000       -0.61864841536601622000        2.27371850989551838000        0.45727392978609466000       -1.67016187073815203000        0.05844162392204005000        0.70263917711338908000       -1.62785568804955449000        0.93572839216520065000       -0.95969300230595012000       -0.39947404460526997000       -0.25005836336010873000        0.56218920335895373000        0.94112593457941573000        0.71801915578257602000       -0.64976313393853391000        2.24517900443512053000        0.57052661425435280000       -2.08327245239412484000        1.07723714239169688000        1.54058746453173723000       -2.21700301713607262000        1.54765391238815120000       -0.80200570515088121000        0.49315179267073278000       -0.43030511064755006000        0.71283494061558217000        1.33142716274453821000        1.07911996951232569000       -0.67947234093679876000        2.07470267999497660000        0.63512918282901576000       -2.51268645094289766000        1.87574459024352569000        2.05295333884917941000       -2.66649991959975141000        2.05058340481369816000       -0.71421145144542231000        1.05096680418626787000       -0.63564932029022581000        0.66093615819714890000        1.54502000959649544000        1.46453584809163839000       -0.74162537966207287000        1.77225483965709740000        0.61607741593098719000       -3.19593855042739472000        2.59327976769907442000        2.49089040765889225000       -3.08706912890893781000        2.43918055414120971000       -0.83113422198193798000        1.34799005394406524000       -0.74627888021959954000        0.46022423830817616000        1.91907311427312344000        1.88341357827562050000       -0.81186972424327986000        1.23953785993880627000        0.35740362817886784000       -3.23752993304847747000        3.30935952682187473000        2.87813205523434590000       -3.15710899289760860000        2.52499470510038648000       -0.78682881474660660000        1.84023253490638039000       -0.51345250628268935000        0.41469387378972822000        2.38958112835864300000        2.59541530180515156000       -0.82265498679101046000        0.47931263457640311000       -0.05198620340490804000       -2.83799775140144073000        4.10388805299971082000        3.30559959673276627000       -3.01011553523190001000        2.31000017743337338000       -0.64087344488293585000        2.13676158416184592000       -0.03296024766785653000        0.44443901465812519000        2.76919569705748714000        3.24689791375616688000       -0.76324686842988909000       -0.42955226487784076000       -0.48642645160941433000       -2.16437783101966108000        4.70636090895642134000        3.48000346070383415000       -2.57479723191321996000        1.82953725252117882000       -0.43406371074624289000        2.20718758464685960000        0.53418127343391231000        0.42259929626987652000