 6         6        25         1         7
        0.00    0
       1.000000       1.000000       1.000000       0.998000      52.582900      16.890000      58.719000
      -1.000000      -1.000000      -1.000000      -1.000000       9.737500       2.200000       0.133560
       -0.14799999999999999000
        0.08000000000000000000
        0.02400000000000000000
       -0.09600000000000000000
        0.23999999999999999000
        0.22400000000000000000
        0.00000000000000000000
       -0.03000000000000000000
       -0.01800000000000000000
       -0.08200000000000000000
       -0.19000000000000000000
        0.25600000000000001000
        0.20399999999999999000
        0.12400000000000000000
        0.21400000000000000000
       -0.05400000000000000000
       -0.09000000000000000000
        0.01400000000000000000
       -0.34399999999999997000
       -0.37800000000000000000
       -0.34000000000000002000
        0.17199999999999999000
        0.33800000000000002000
        0.37600000000000000000
       -0.13600000000000001000
        0.07800000000000000000
        0.19600000000000001000
       -0.34200000000000003000
        0.09400000000000000000
        0.38000000000000000000
       -0.02200000000000000000
        0.19200000000000000000
       -0.15400000000000000000
        0.00600000000000000000
        0.39400000000000002000
       -0.28199999999999997000
        0.17799999999999999000
        0.27600000000000002000
       -0.24800000000000000000
       -0.14000000000000001000
        0.28199999999999997000
       -0.06600000000000000000
        0.23200000000000001000
       -0.10400000000000000000
       -0.30599999999999999000
        0.23799999999999999000
        0.01400000000000000000
       -0.26000000000000001000
       -0.25600000000000001000
       -0.05600000000000000000
       -0.15600000000000000000
       -0.10400000000000000000
        0.35199999999999998000
       -0.10199999999999999000
        0.00200000000000000000
       -0.11000000000000000000
       -0.27800000000000002000
        0.06400000000000000000
       -0.10000000000000001000
        0.16600000000000001000
        0.22200000000000000000
       -0.02400000000000000000
       -0.14599999999999999000
       -0.28000000000000003000
        0.47399999999999998000
        0.09200000000000000000
        0.05000000000000000000
       -0.32000000000000001000
        0.24800000000000000000
        0.37200000000000000000
       -0.12600000000000000000
       -0.10199999999999999000
       -0.08000000000000000000
       -0.09400000000000000000
        0.20000000000000001000
       -0.03800000000000000000
        0.38400000000000001000
        0.11400000000000000000
        0.23200000000000001000
        0.10000000000000001000
       -0.37600000000000000000
        0.03600000000000000000
       -0.14399999999999999000
        0.17000000000000001000
       -0.20000000000000001000
       -0.05800000000000000000
        0.33800000000000002000
       -0.17799999999999999000
       -0.19800000000000001000
        0.08000000000000000000
        0.30399999999999999000
        0.02400000000000000000
        0.32400000000000001000
        0.36199999999999999000
        0.23999999999999999000
       -0.17000000000000001000
        0.43800000000000000000
        0.01600000000000000000
        0.05000000000000000000
        0.18600000000000000000
        0.34999999999999998000
       -0.07800000000000000000
        0.09800000000000000000
        0.26600000000000001000
        0.41799999999999998000
       -0.06600000000000000000
        0.30399999999999999000
        0.09200000000000000000
       -0.02400000000000000000
        0.17199999999999999000
        0.08000000000000000000
        0.19800000000000001000
       -0.23999999999999999000
        0.07000000000000001000
       -0.28799999999999998000
       -0.37400000000000000000
       -0.19000000000000000000
       -0.35799999999999998000
       -0.06200000000000000000
        0.23799999999999999000
       -0.11799999999999999000
        0.07600000000000000000
       -0.04400000000000000000
       -0.14599999999999999000
       -0.18800000000000000000
        0.09000000000000000000
       -0.19200000000000000000
        0.17799999999999999000
       -0.04000000000000000000
       -0.03200000000000000000
       -0.23000000000000001000
       -0.39600000000000002000
       -0.20000000000000001000
        0.19600000000000001000
       -0.12400000000000000000
       -0.28999999999999998000
        0.31000000000000000000
       -0.07800000000000000000
       -0.16000000000000000000
       -0.10600000000000000000
       -0.00800000000000000000
       -0.10199999999999999000
       -0.31200000000000000000
       -0.22600000000000001000
       -0.12000000000000000000
       -0.05000000000000000000
        0.14000000000000001000
        0.20999999999999999000
        0.00400000000000000000
        0.19600000000000001000
        0.31000000000000000000
       -0.23799999999999999000
       -0.24399999999999999000
        0.02200000000000000000
        0.10800000000000000000
        0.24199999999999999000
        0.31000000000000000000
       -0.02200000000000000000
       -0.25800000000000001000
        0.17799999999999999000
       -0.23000000000000001000
        0.06200000000000000000
        0.09200000000000000000
       -0.14199999999999999000
       -0.27600000000000002000
        0.32200000000000001000
       -0.03000000000000000000
        0.33800000000000002000
        0.14599999999999999000
        0.00000000000000000000
        0.02600000000000000000
       -0.26800000000000002000
        0.15600000000000000000
        0.24199999999999999000
        0.09400000000000000000
       -0.07800000000000000000
        0.22400000000000000000
        0.09400000000000000000
        0.18200000000000000000
        0.23000000000000001000
        0.21600000000000000000
       -0.13000000000000000000
        0.27000000000000002000
        0.38600000000000001000
        0.22800000000000001000
       -0.10000000000000001000
       -0.06600000000000000000
        0.13600000000000001000
        0.05200000000000000000
       -0.09600000000000000000
       -0.26600000000000001000
       -0.18600000000000000000
        0.12000000000000000000
       -0.08000000000000000000
        0.21400000000000000000
        0.03400000000000000000
       -0.14199999999999999000
       -0.29999999999999999000
        0.05400000000000000000
       -0.38000000000000000000
        8.46430341971032263000       -4.13524968082268263000       -5.63775773448075856000      -18.99969311519293310000        2.55353013645307092000       -9.20363663348629402000      -21.90996689715698410000        6.92608089354866774000      -15.40348110303347084000       -4.60069107469424843000       -1.60401231022703183000        0.63956069887083933000        0.01062511966239794000       -3.59355137147887183000        3.76709828865113483000       -0.89852793652357588000        9.53231143417816185000        3.24563300762209739000       -0.74458131003075212000       10.92712102575905497000        5.82401848060116834000       35.30612389009239390000        7.94700702524929259000      -17.06947672214247190000        0.04363815902394325000        4.99744763362480882000