 6         6        28         1         7
        0.00    0
       1.000000       1.000000       1.000000       0.998000      52.582900      15.220000      58.719000
      -1.000000      -1.000000      -1.000000      -1.000000       9.737500       1.030000       0.117310
       -0.08400000000000001000
        0.08200000000000000000
        0.24800000000000000000
        0.18600000000000000000
        0.07400000000000000000
       -0.30399999999999999000
       -0.38400000000000001000
        0.35599999999999998000
       -0.28000000000000003000
       -0.09400000000000000000
       -0.03800000000000000000
        0.21800000000000000000
       -0.28799999999999998000
        0.17999999999999999000
       -0.20999999999999999000
       -0.37400000000000000000
        0.43600000000000000000
       -0.04000000000000000000
        0.21199999999999999000
       -0.17599999999999999000
       -0.21800000000000000000
        0.29999999999999999000
       -0.05800000000000000000
        0.02400000000000000000
       -0.49399999999999999000
        0.03800000000000000000
        0.07400000000000000000
        0.38600000000000001000
        0.31800000000000000000
        0.27000000000000002000
       -0.22200000000000000000
       -0.30399999999999999000
       -0.08599999999999999000
        0.09400000000000000000
        0.34999999999999998000
        0.33800000000000002000
        0.09000000000000000000
       -0.35799999999999998000
       -0.03600000000000000000
       -0.37000000000000000000
        0.21400000000000000000
        0.06400000000000000000
        0.14799999999999999000
       -0.28799999999999998000
        0.06000000000000000000
        0.15800000000000000000
        0.33400000000000002000
        0.30800000000000000000
       -0.37800000000000000000
       -0.04400000000000000000
        0.31800000000000000000
       -0.30599999999999999000
       -0.33200000000000002000
        0.02800000000000000000
        0.15400000000000000000
       -0.18600000000000000000
        0.16800000000000001000
        0.00600000000000000000
        0.14199999999999999000
       -0.32200000000000001000
        0.39000000000000001000
       -0.31200000000000000000
       -0.37000000000000000000
       -0.20999999999999999000
       -0.08000000000000000000
       -0.10000000000000001000
        0.06600000000000000000
       -0.27000000000000002000
       -0.26200000000000001000
       -0.21800000000000000000
        0.26600000000000001000
        0.03400000000000000000
        0.25400000000000000000
        0.04800000000000000000
        0.08599999999999999000
       -0.28199999999999997000
       -0.29999999999999999000
        0.20200000000000001000
        0.08599999999999999000
        0.16000000000000000000
        0.20399999999999999000
       -0.07600000000000000000
        0.18800000000000000000
       -0.09600000000000000000
        0.04400000000000000000
        0.19200000000000000000
       -0.31400000000000000000
        0.30199999999999999000
       -0.13800000000000001000
        0.07600000000000000000
       -0.37200000000000000000
       -0.24199999999999999000
       -0.33400000000000002000
        0.27800000000000002000
       -0.06000000000000000000
        0.06800000000000000000
       -0.15600000000000000000
       -0.01200000000000000000
       -0.12600000000000000000
       -0.14999999999999999000
        0.38600000000000001000
       -0.33600000000000002000
        0.17799999999999999000
       -0.25600000000000001000
       -0.18200000000000000000
        0.01200000000000000000
       -0.01400000000000000000
        0.37400000000000000000
       -0.39600000000000002000
        0.28199999999999997000
       -0.02000000000000000000
       -0.24800000000000000000
        0.10800000000000000000
       -0.03800000000000000000
       -0.34399999999999997000
        0.32600000000000001000
       -0.21400000000000000000
       -0.12600000000000000000
       -0.15400000000000000000
       -0.05400000000000000000
        0.32800000000000001000
       -0.04000000000000000000
        0.29599999999999999000
       -0.26200000000000001000
       -0.38000000000000000000
       -0.26800000000000002000
       -0.09800000000000000000
        0.38000000000000000000
        0.11600000000000001000
       -0.03800000000000000000
        0.16600000000000001000
        0.15800000000000000000
       -0.38000000000000000000
       -0.09400000000000000000
       -0.13200000000000001000
        0.30199999999999999000
       -0.09600000000000000000
       -0.07000000000000001000
        0.36599999999999999000
        0.17399999999999999000
       -0.24199999999999999000
        0.22800000000000001000
        0.26200000000000001000
        0.21199999999999999000
       -0.23200000000000001000
        0.08200000000000000000
        0.07199999999999999000
       -0.40000000000000002000
        0.38200000000000001000
        0.01600000000000000000
        0.06000000000000000000
       -0.23200000000000001000
        0.31800000000000000000
       -0.01200000000000000000
        0.22200000000000000000
        0.29799999999999999000
       -0.05200000000000000000
       -0.38600000000000001000
       -0.38200000000000001000
        0.33800000000000002000
       -0.31800000000000000000
       -0.05800000000000000000
       -0.35599999999999998000
       -0.32800000000000001000
        0.03000000000000000000
       -0.22000000000000000000
        0.01600000000000000000
        0.20799999999999999000
       -0.47599999999999998000
       -0.01200000000000000000
       -0.34200000000000003000
       -0.02000000000000000000
       -0.03800000000000000000
       -0.27200000000000002000
       -0.31200000000000000000
        0.03400000000000000000
        0.13800000000000001000
        0.01400000000000000000
        0.29399999999999998000
       -0.07600000000000000000
        0.33400000000000002000
        0.23000000000000001000
        0.26600000000000001000
        0.14799999999999999000
       -0.39600000000000002000
       -0.09400000000000000000
        0.19200000000000000000
       -0.32000000000000001000
        0.15400000000000000000
       -0.25400000000000000000
        0.10000000000000001000
        0.11400000000000000000
        0.00400000000000000000
       -0.03600000000000000000
        0.12800000000000000000
        0.17399999999999999000
       -0.37200000000000000000
       -0.37600000000000000000
        0.21600000000000000000
       -0.27400000000000002000
       -0.29799999999999999000
       -0.01400000000000000000
       -0.19400000000000001000
       -0.18600000000000000000
       -0.17599999999999999000
       -0.06200000000000000000
        0.33200000000000002000
       -0.12600000000000000000
       -0.31400000000000000000
       -0.00200000000000000000
       -0.10600000000000000000
       -0.13600000000000001000
       -0.04200000000000000000
        0.38400000000000001000
        0.11000000000000000000
        0.03600000000000000000
       -0.03200000000000000000
        0.07000000000000001000
       -0.29199999999999998000
        0.08599999999999999000
        0.35399999999999998000
       -0.18600000000000000000
        0.07600000000000000000
       -0.35599999999999998000
        8.38419814533747498000       -4.92890047971835976000      -13.31748371176297141000        3.47689873286789597000        4.31513993297896814000       -2.17679312925173063000        5.92190249329305907000       -1.47062235528045759000       -9.54420985431983127000        6.76185475121675861000        7.96182124423104831000        0.85355430251632758000       -7.22214046659528996000        4.28362934449165600000        4.68688164323014878000       -1.90859410413980268000        8.49362294248627769000        1.03903947219825010000       10.66121655057163054000       -7.64713080723129934000        1.64048076246104357000       10.95736446352794857000       12.04592051093937499000        1.18247755109416008000        3.81575389472611182000       18.93441222999747350000       -1.08814889120734470000        1.30970879643483662000       17.05307787281531160000