12         6        28         1         7
        0.00    0
       1.000000       1.000000       1.000000       0.985000      52.582900      15.600000      58.719000
      -1.000000      -1.000000      -1.000000      -1.000000       9.737500       0.520000       0.117310
       -0.34399999999999997000
        0.02400000000000000000
       -0.04600000000000000000
       -0.23400000000000001000
       -0.17799999999999999000
       -0.06600000000000000000
       -0.28999999999999998000
       -0.06200000000000000000
       -0.16600000000000001000
       -0.09600000000000000000
       -0.37800000000000000000
       -0.34399999999999997000
        0.12000000000000000000
       -0.17000000000000001000
       -0.32800000000000001000
        0.34000000000000002000
       -0.31600000000000000000
       -0.07400000000000000000
       -0.10199999999999999000
        0.26600000000000001000
       -0.38400000000000001000
        0.34000000000000002000
       -0.14199999999999999000
        0.26600000000000001000
       -0.36599999999999999000
       -0.03600000000000000000
        0.20799999999999999000
       -0.02000000000000000000
       -0.21400000000000000000
       -0.12600000000000000000
        0.29199999999999998000
       -0.27200000000000002000
        0.09200000000000000000
        0.00000000000000000000
        0.20799999999999999000
        0.01400000000000000000
       -0.25800000000000001000
       -0.11600000000000001000
        0.06200000000000000000
       -0.28000000000000003000
       -0.02400000000000000000
        0.02400000000000000000
       -0.33000000000000002000
       -0.20399999999999999000
        0.27200000000000002000
        0.24399999999999999000
       -0.17399999999999999000
        0.32400000000000001000
       -0.22600000000000001000
       -0.08599999999999999000
       -0.00200000000000000000
       -0.23200000000000001000
        0.32600000000000001000
        0.08400000000000001000
        0.35599999999999998000
       -0.15600000000000000000
        0.18800000000000000000
        0.07800000000000000000
        0.20399999999999999000
       -0.33200000000000002000
        0.34999999999999998000
        0.06400000000000000000
        0.33400000000000002000
       -0.19800000000000001000
        0.34399999999999997000
        0.05600000000000000000
        0.13400000000000001000
        0.23799999999999999000
       -0.33200000000000002000
       -0.29199999999999998000
       -0.19400000000000001000
       -0.22400000000000000000
       -0.45800000000000002000
        0.07400000000000000000
       -0.26800000000000002000
        0.39400000000000002000
       -0.07400000000000000000
        0.17999999999999999000
       -0.31800000000000000000
       -0.30199999999999999000
       -0.40799999999999997000
       -0.01600000000000000000
       -0.02200000000000000000
        0.24199999999999999000
        0.17799999999999999000
       -0.28199999999999997000
       -0.32600000000000001000
       -0.00800000000000000000
       -0.30399999999999999000
       -0.06000000000000000000
       -0.14999999999999999000
        0.34599999999999997000
       -0.39000000000000001000
        0.11200000000000000000
        0.30599999999999999000
        0.36599999999999999000
       -0.09800000000000000000
        0.05600000000000000000
       -0.25000000000000000000
       -0.35199999999999998000
       -0.05600000000000000000
        0.22800000000000001000
        0.15400000000000000000
       -0.34000000000000002000
        0.12400000000000000000
        0.02200000000000000000
        0.17999999999999999000
        0.02800000000000000000
        0.25400000000000000000
       -0.20000000000000001000
        0.34999999999999998000
       -0.07000000000000001000
       -0.29799999999999999000
        0.07199999999999999000
       -0.33600000000000002000
       -0.07199999999999999000
        0.26800000000000002000
       -0.15400000000000000000
        0.33000000000000002000
        0.39400000000000002000
       -0.43800000000000000000
       -0.06800000000000000000
       -0.07800000000000000000
        0.21800000000000000000
        0.09800000000000000000
       -0.24199999999999999000
        0.02800000000000000000
       -0.37600000000000000000
       -0.10199999999999999000
       -0.09000000000000000000
       -0.10800000000000000000
       -0.08799999999999999000
       -0.37400000000000000000
       -0.17000000000000001000
       -0.27200000000000002000
        0.39000000000000001000
        0.44600000000000001000
       -0.03000000000000000000
        0.20200000000000001000
        0.13000000000000000000
       -0.06200000000000000000
       -0.37200000000000000000
       -0.04000000000000000000
        0.35199999999999998000
        0.30800000000000000000
       -0.04200000000000000000
       -0.30199999999999999000
        0.32800000000000001000
       -0.38800000000000001000
        0.23200000000000001000
       -0.14599999999999999000
       -0.20200000000000001000
        0.34000000000000002000
       -0.02200000000000000000
        0.01800000000000000000
        0.35199999999999998000
        0.25400000000000000000
       -0.08599999999999999000
        0.33400000000000002000
        0.03600000000000000000
        0.10400000000000000000
       -0.03800000000000000000
       -0.19400000000000001000
        0.36399999999999999000
       -0.31400000000000000000
        0.05800000000000000000
        0.16200000000000001000
       -0.35399999999999998000
        0.38200000000000001000
       -0.03600000000000000000
        0.19600000000000001000
        0.20399999999999999000
       -0.02200000000000000000
       -0.24800000000000000000
        0.05000000000000000000
       -0.23999999999999999000
        0.24800000000000000000
        0.05600000000000000000
       -0.06600000000000000000
       -0.19200000000000000000
       -0.06600000000000000000
       -0.19400000000000001000
        0.39000000000000001000
        0.01400000000000000000
       -0.28199999999999997000
       -0.05400000000000000000
        0.14199999999999999000
       -0.11799999999999999000
        0.03000000000000000000
        0.24399999999999999000
       -0.13200000000000001000
        0.33000000000000002000
       -0.06800000000000000000
        0.00000000000000000000
        0.35199999999999998000
       -0.39600000000000002000
       -0.19600000000000001000
        0.02400000000000000000
       -0.28999999999999998000
       -0.23200000000000001000
       -0.06000000000000000000
       -0.01000000000000000000
        0.17799999999999999000
        0.20999999999999999000
       -0.31800000000000000000
       -0.17799999999999999000
       -0.03200000000000000000
       -0.38800000000000001000
        0.01000000000000000000
        0.02400000000000000000
        0.23599999999999999000
       -0.00200000000000000000
        0.07199999999999999000
       -0.14199999999999999000
       -0.11200000000000000000
        0.31600000000000000000
       -0.47399999999999998000
        0.04200000000000000000
       -0.08799999999999999000
       -0.00400000000000000000
        0.09600000000000000000
       -0.01600000000000000000
       -0.11000000000000000000
        0.29399999999999998000
        9.09786110267396708000        0.27369679432324950000       -2.88317020872744534000       12.76567333510022273000      -15.82524675331518793000      -11.42023564736440733000        6.95484118654921257000       -2.10413823647746367000        8.97268749207955452000        9.20442572608677523000        4.62682469545378350000        3.11959399703676299000       13.85941855258358046000       20.96645246240401410000       -1.21101155650338188000       -9.20121203707258495000        3.70520955864389245000        7.93655247149625875000        0.23259432297771312000        0.92119257436442081000        4.54843033460675450000      -10.29093705174780737000      -11.04166114247310482000        8.50382126351833989000        0.28898101714449442000       -2.88890469429345798000       -1.08354742860595699000       18.21245071732542440000       20.02656777795811390000