 9         6        24         1         7
        0.00    0
       1.000000       1.000000       1.000000       0.999000      52.582900      15.520000      58.719000
      -1.000000      -1.000000      -1.000000      -1.000000       9.737500       1.730000       0.117310
        0.26600000000000001000
        0.06800000000000000000
        0.24399999999999999000
        0.08599999999999999000
        0.12600000000000000000
       -0.28999999999999998000
       -0.28599999999999998000
        0.20799999999999999000
        0.35599999999999998000
        0.05000000000000000000
        0.07600000000000000000
        0.30599999999999999000
       -0.15800000000000000000
        0.26400000000000001000
        0.20399999999999999000
       -0.09600000000000000000
       -0.47199999999999998000
       -0.01400000000000000000
       -0.22800000000000001000
       -0.31000000000000000000
        0.01800000000000000000
        0.01600000000000000000
       -0.21800000000000000000
       -0.14399999999999999000
        0.19400000000000001000
       -0.09400000000000000000
       -0.33400000000000002000
       -0.19200000000000000000
        0.03400000000000000000
       -0.11600000000000001000
       -0.05800000000000000000
       -0.05200000000000000000
        0.28799999999999998000
        0.03400000000000000000
        0.32600000000000001000
        0.04600000000000000000
       -0.39000000000000001000
        0.31800000000000000000
        0.27400000000000002000
        0.03200000000000000000
       -0.35799999999999998000
       -0.05400000000000000000
        0.25400000000000000000
       -0.26200000000000001000
       -0.18600000000000000000
       -0.01000000000000000000
       -0.09000000000000000000
       -0.12000000000000000000
       -0.34799999999999998000
        0.05200000000000000000
       -0.14999999999999999000
        0.32600000000000001000
        0.33800000000000002000
       -0.28000000000000003000
        0.39200000000000002000
       -0.01200000000000000000
        0.28000000000000003000
       -0.01400000000000000000
       -0.39000000000000001000
        0.39000000000000001000
        0.20799999999999999000
       -0.33200000000000002000
       -0.39400000000000002000
        0.01600000000000000000
        0.34399999999999997000
       -0.09800000000000000000
       -0.22200000000000000000
        0.32200000000000001000
        0.36199999999999999000
        0.17000000000000001000
       -0.03600000000000000000
       -0.30800000000000000000
        0.14599999999999999000
        0.09600000000000000000
       -0.13800000000000001000
       -0.15200000000000000000
        0.05200000000000000000
       -0.18200000000000000000
       -0.37600000000000000000
       -0.23799999999999999000
        0.39000000000000001000
       -0.06200000000000000000
        0.37600000000000000000
       -0.39600000000000002000
       -0.07600000000000000000
       -0.39200000000000002000
        0.38600000000000001000
       -0.22000000000000000000
        0.42399999999999999000
        0.09800000000000000000
       -0.34799999999999998000
        0.35599999999999998000
       -0.27200000000000002000
        0.31200000000000000000
        0.20399999999999999000
       -0.03600000000000000000
       -0.19800000000000001000
       -0.09000000000000000000
        0.09400000000000000000
       -0.12800000000000000000
        0.29199999999999998000
        0.32200000000000001000
       -0.02000000000000000000
       -0.10600000000000000000
        0.13200000000000001000
        0.03800000000000000000
       -0.12000000000000000000
        0.25200000000000000000
        0.13200000000000001000
        0.33800000000000002000
       -0.21400000000000000000
       -0.34599999999999997000
        0.27000000000000002000
        0.04400000000000000000
       -0.28000000000000003000
        0.09400000000000000000
        0.31800000000000000000
       -0.30599999999999999000
       -0.25800000000000001000
        0.24199999999999999000
       -0.19800000000000001000
        0.09000000000000000000
       -0.14199999999999999000
        0.32800000000000001000
        0.00400000000000000000
        0.35599999999999998000
       -0.04400000000000000000
        0.00400000000000000000
       -0.14999999999999999000
       -0.07000000000000001000
        0.12800000000000000000
       -0.32800000000000001000
        0.17799999999999999000
        0.14999999999999999000
        0.28999999999999998000
       -0.05400000000000000000
        0.18400000000000000000
        0.03200000000000000000
       -0.14399999999999999000
       -0.22400000000000000000
       -0.30599999999999999000
        0.04800000000000000000
       -0.00200000000000000000
        0.27400000000000002000
       -0.34999999999999998000
        0.00600000000000000000
        0.02200000000000000000
       -0.02200000000000000000
        0.32800000000000001000
       -0.09200000000000000000
       -0.39200000000000002000
        0.19400000000000001000
       -0.08599999999999999000
       -0.06200000000000000000
       -0.34399999999999997000
        0.13800000000000001000
        0.10400000000000000000
        0.26000000000000001000
        0.24600000000000000000
        0.16000000000000000000
       -0.48599999999999999000
        0.05400000000000000000
        0.09600000000000000000
        0.31000000000000000000
       -0.34599999999999997000
       -0.26400000000000001000
       -0.38600000000000001000
        0.17999999999999999000
        0.21800000000000000000
        0.06800000000000000000
        0.29799999999999999000
       -0.33800000000000002000
        0.04000000000000000000
        0.16200000000000001000
       -0.17199999999999999000
       -0.25000000000000000000
       -0.28599999999999998000
        0.08000000000000000000
       -0.02200000000000000000
        0.24800000000000000000
        0.02000000000000000000
        0.09200000000000000000
       -0.11000000000000000000
        0.26800000000000002000
       -0.40999999999999998000
       -0.05000000000000000000
        0.23400000000000001000
       -0.36199999999999999000
       -0.03600000000000000000
       -0.00800000000000000000
        0.02200000000000000000
        0.26800000000000002000
       -4.09182573605510402000        0.90937145056311730000       -5.92045037570807775000        8.37561576063854574000        0.99342276487568670000        6.98697556525805119000        1.96910818237609719000       -2.89425308353207100000       -8.38995573949114792000       -9.22732858534826938000       -6.25832402476027205000        2.29146118904295193000       -0.68366153615621894000        1.68474831151976501000        3.40991165720916944000       -3.62149376653533395000       14.45599521225310724000        2.48903842669193187000       13.30137762903608767000       -8.82189193431225327000        3.35184298129473168000       -4.90042338976216119000       -5.35856019150602059000      -18.23092140158209060000        2.08647297259510056000