 5         6        29         1         7
        0.00    0
       1.000000       1.000000       1.000000       0.990000      52.582900      16.390000      58.719000
      -1.000000      -1.000000      -1.000000      -1.000000       9.737500       0.640000       0.133560
        0.39000000000000001000
        0.00000000000000000000
       -0.06000000000000000000
        0.25000000000000000000
       -0.18200000000000000000
        0.30399999999999999000
       -0.40000000000000002000
       -0.27200000000000002000
        0.02600000000000000000
       -0.02400000000000000000
       -0.38400000000000001000
       -0.17399999999999999000
        0.11799999999999999000
        0.00400000000000000000
       -0.27200000000000002000
       -0.20200000000000001000
       -0.27800000000000002000
       -0.06200000000000000000
       -0.39600000000000002000
       -0.34999999999999998000
       -0.05200000000000000000
        0.28799999999999998000
        0.25200000000000000000
        0.34399999999999997000
        0.04000000000000000000
        0.03800000000000000000
        0.27400000000000002000
       -0.19800000000000001000
       -0.36399999999999999000
       -0.02000000000000000000
       -0.36399999999999999000
        0.12800000000000000000
       -0.43800000000000000000
       -0.04000000000000000000
       -0.14199999999999999000
        0.10600000000000000000
        0.05800000000000000000
        0.28799999999999998000
        0.10400000000000000000
       -0.01400000000000000000
        0.10400000000000000000
       -0.06200000000000000000
        0.06400000000000000000
        0.23799999999999999000
        0.02000000000000000000
       -0.26400000000000001000
       -0.10199999999999999000
        0.05600000000000000000
        0.47399999999999998000
       -0.09400000000000000000
       -0.23999999999999999000
        0.10000000000000001000
       -0.29999999999999999000
        0.13600000000000001000
       -0.03400000000000000000
       -0.32000000000000001000
       -0.20000000000000001000
        0.03000000000000000000
       -0.11000000000000000000
       -0.36599999999999999000
       -0.27400000000000002000
       -0.37400000000000000000
        0.31400000000000000000
       -0.05800000000000000000
        0.41599999999999998000
       -0.00200000000000000000
       -0.34999999999999998000
       -0.30599999999999999000
       -0.08200000000000000000
       -0.05800000000000000000
       -0.39400000000000002000
        0.06600000000000000000
        0.31400000000000000000
        0.07000000000000001000
       -0.09200000000000000000
       -0.04800000000000000000
        0.07199999999999999000
       -0.05000000000000000000
       -0.38600000000000001000
       -0.35199999999999998000
        0.16000000000000000000
        0.08599999999999999000
        0.28399999999999997000
        0.27800000000000002000
        0.39800000000000002000
        0.23200000000000001000
        0.11000000000000000000
        0.35599999999999998000
       -0.13400000000000001000
        0.05400000000000000000
        0.27000000000000002000
       -0.05000000000000000000
        0.00200000000000000000
        0.30599999999999999000
        0.22000000000000000000
       -0.13200000000000001000
       -0.26200000000000001000
        0.07400000000000000000
       -0.40000000000000002000
        0.32000000000000001000
       -0.17399999999999999000
       -0.28999999999999998000
       -0.17599999999999999000
       -0.33000000000000002000
        0.16200000000000001000
        0.05400000000000000000
        0.28199999999999997000
       -0.25800000000000001000
       -0.37200000000000000000
       -0.26600000000000001000
        0.19600000000000001000
        0.29399999999999998000
       -0.12000000000000000000
       -0.03600000000000000000
       -0.14000000000000001000
       -0.07800000000000000000
        0.22600000000000001000
        0.20000000000000001000
       -0.09000000000000000000
        0.00400000000000000000
       -0.18600000000000000000
        0.06000000000000000000
       -0.05000000000000000000
       -0.25200000000000000000
       -0.22000000000000000000
        0.08200000000000000000
        0.38800000000000001000
        0.15400000000000000000
        0.45000000000000001000
        0.08799999999999999000
       -0.39800000000000002000
       -0.24399999999999999000
        0.12400000000000000000
        0.39800000000000002000
        0.29199999999999998000
        0.36199999999999999000
       -0.20599999999999999000
        0.01400000000000000000
       -0.06800000000000000000
       -0.35999999999999999000
       -0.04200000000000000000
       -0.26600000000000001000
        0.38200000000000001000
        0.37000000000000000000
       -0.11600000000000001000
       -0.04600000000000000000
       -0.01200000000000000000
        0.03000000000000000000
       -0.31600000000000000000
        0.02600000000000000000
       -0.39200000000000002000
       -0.28000000000000003000
       -0.13800000000000001000
        0.04400000000000000000
       -0.11600000000000001000
       -0.30399999999999999000
        0.28399999999999997000
        0.18400000000000000000
        0.05600000000000000000
        0.10800000000000000000
       -0.38000000000000000000
        0.07800000000000000000
       -0.04000000000000000000
        0.22800000000000001000
        0.26600000000000001000
       -0.02400000000000000000
       -0.04400000000000000000
       -0.03200000000000000000
        0.00000000000000000000
       -0.09000000000000000000
        0.01800000000000000000
       -0.25600000000000001000
        0.24399999999999999000
       -0.23799999999999999000
        0.32200000000000001000
       -0.28000000000000003000
       -0.44800000000000001000
        0.02000000000000000000
        0.18200000000000000000
       -0.33600000000000002000
       -0.02200000000000000000
        0.06200000000000000000
       -0.34799999999999998000
        0.06200000000000000000
       -0.13400000000000001000
        0.03600000000000000000
        0.23999999999999999000
       -0.27800000000000002000
       -0.14799999999999999000
        0.20200000000000001000
       -0.12000000000000000000
       -0.29399999999999998000
        0.45400000000000001000
        0.02600000000000000000
       -0.20399999999999999000
       -0.36799999999999999000
       -0.38200000000000001000
       -0.02600000000000000000
        0.37200000000000000000
       -0.22400000000000000000
        0.20999999999999999000
       -0.05200000000000000000
        0.11200000000000000000
        0.21400000000000000000
       -0.01800000000000000000
        0.38600000000000001000
       -0.02800000000000000000
       -0.34999999999999998000
        0.41599999999999998000
        0.06400000000000000000
        0.36799999999999999000
       -0.04800000000000000000
       -0.16600000000000001000
        0.22200000000000000000
       -0.09400000000000000000
        0.24800000000000000000
        0.32600000000000001000
       -0.08799999999999999000
        0.39200000000000002000
       -0.18600000000000000000
        0.33400000000000002000
       -0.31000000000000000000
        0.32800000000000001000
        0.38200000000000001000
        0.29599999999999999000
        0.05600000000000000000
        0.23799999999999999000
        0.32200000000000001000
       -0.14000000000000001000
       -0.11200000000000000000
        0.11000000000000000000
       -0.26400000000000001000
      -12.93678151877940685000       -0.06061433730360826000       -2.36191118363476260000       -0.08836064627082335000       -6.35596452489099928000       -7.05517079356265153000        5.26638393603121902000      -13.06580288950111957000        1.42895065862562820000        0.65966682381205222000        0.68894885972559938000        7.33868989576568698000       13.08880585573664312000        1.95782464463265216000       34.01270399433227710000        9.69580612346867810000       -4.48731131608449818000       15.43369601927885526000       14.89977029859670488000       -0.41609222164966320000        8.87276091058065930000       -2.61094986421103759000       -2.56825280504821496000       -2.25881348295023399000        1.90020147084453273000       -5.19542419554448731000       11.06591001508341243000        2.95293730483849037000       13.93714904648273212000        5.40497408611580266000