33.6031 32.0616 31.7753 28.402 26.2293 23.7516 20.386 17.3973 17.1867 18.0085 18.4059 17.4339 16.247 15.173 14.3335 14.0721 15.3121 18.1486 21.979 23.2676 27.4904 30.0931 31.868 33.8198 
35.3126 34.9674 32.5521 30.5237 27.5726 26.1868 19.4342 14.4205 12.2416 17.7417 19.0994 18.7655 17.1651 14.2775 13.463 15.9631 17.223 20.1713 21.4977 26.1423 29.405 31.9571 33.6181 35.3948 
29.9485 29.2267 27.6828 25.2717 21.5271 19.373 13.9669 13.6602 12.764 15.811 16.3806 14.952 12.9599 12.0816 12.2323 12.9764 14.2972 17.5141 19.1185 22.095 26.201 27.0999 29.6284 30.5237 
24.7494 24.142 23.3872 21.7867 19.3268 15.3087 9.1543 8.8846 10.9386 13.2327 12.7918 12.5666 10.9518 10.1342 9.0642 10.6537 11.6703 13.6171 14.4057 17.0579 18.8856 22.6373 23.8033 25.1348 
29.7563 28.7372 27.8323 25.1358 21.319 15.7584 11.9567 8.2679 10.2086 12.4932 13.6872 13.296 11.563 11.2587 13.086 13.2167 13.8684 15.5784 17.4232 20.7293 23.5303 27.0109 29.5964 29.9929 
28.8353 26.7934 24.3633 23.0966 20.8772 17.6308 14.1693 10.525 9.1169 10.148 10.4851 12.0306 11.9373 11.2761 11.6193 13.9784 15.0645 15.798 16.8067 18.9734 20.7394 23.3606 26.1196 27.9356 
35.3863 34.7052 29.7789 24.529 19.9893 14.6885 11.0773 8.6337 7.9758 9.4865 10.5452 11.9537 13.4107 15.7948 15.6735 15.7241 17.3186 19.332 21.0309 23.6169 25.7037 30.9834 33.2934 34.8522 
45.1806 42.8883 38.6848 32.5105 25.5152 20.7132 13.2604 9.9774 9.3884 12.4723 14.881 14.642 16.5493 17.7804 18.4783 20.7694 24.2926 26.3342 28.9109 31.3339 36.1541 41.1431 43.5783 44.6188 
45.4873 45.009 42.5961 38.6267 34.0882 26.9694 21.9574 16.8495 17.0923 23.4545 20.0234 18.336 19.3706 19.3709 19.9363 23.8007 28.6535 29.7263 29.8509 32.9036 36.2845 42.0192 43.5094 44.3346 
43.927 43.5584 42.829 41.4402 38.0249 31.3934 20.6393 19.4101 23.774 25.9299 26.4063 23.7998 23.169 23.5966 25.623 29.0528 29.4218 30.8168 33.9084 36.9395 40.0508 41.5218 43.7478 43.8581 
32.9057 31.2983 29.8953 28.7836 28.4902 26.4271 22.2413 19.0575 17.9206 18.3739 15.3427 14.7775 14.1029 13.4056 14.6919 14.0929 15.0336 16.9779 21.7607 26.6277 30.2458 32.7894 33.9966 34.3448 
36.2125 34.8472 33.377 33.1202 31.7581 26.763 20.5392 16.3365 20.4645 23.1875 22.8579 20.0467 16.1891 14.9939 14.763 15.779 16.98 19.6711 22.6645 26.9211 31.5736 35.448 37.6988 37.1953 
