40.8522 39.2021 38.2148 33.0844 30.7185 27.5197 23.0288 20.251 20.2033 21.5911 22.7831 21.155 19.8763 19.332 18.2557 17.7833 19.0299 22.4413 26.6207 29.4479 34.1231 37.2075 40.1805 41.1893 
40.2354 39.9818 37.8854 34.5731 30.6076 28.4104 21.0483 15.1759 14.9912 19.8976 21.1321 21.2931 19.4591 16.9162 16.2504 19.0057 20.3473 23.5427 25.141 30.7952 34.4995 37.3685 39.9965 41.0135 
35.9378 35.0257 32.9262 28.52 25.6381 21.4244 16.2343 15.6853 16.1349 18.5925 20.2745 17.7988 15.458 15.7627 15.4663 16.0795 17.4786 21.2817 23.3168 27.438 32.0872 33.2355 36.9025 36.8038 
30.7368 29.5984 27.9284 26.2261 22.622 18.3383 11.5502 11.7078 14.7662 16.0167 15.9447 15.4764 14.2349 13.6939 12.8412 13.1739 14.6464 17.1429 18.0728 21.545 23.5243 28.4852 30.0741 31.8645 
36.0173 34.7122 33.2213 30.2294 24.9011 18.2986 13.657 10.9625 13.4557 16.2569 16.4795 15.9547 13.4112 14.0775 14.4385 16.0736 17.1037 19.4183 21.6261 26.2614 29.0506 33.604 36.1459 37.4836 
33.9733 31.4741 29.0954 26.9943 25.4979 20.8498 17.4155 11.8447 12.308 12.227 12.6647 13.9899 14.9093 14.4079 14.9794 17.4901 18.8248 19.8931 20.2815 22.6348 25.2518 27.6371 32.558 33.6145 
42.4746 41.6998 35.5144 28.8417 22.6498 17.0316 12.7349 10.3765 9.4192 12.5963 13.2961 15.0525 16.3053 19.7004 18.922 19.2956 21.5134 23.5625 24.4703 27.8504 30.9735 37.3616 40.7047 41.303 
49.6838 47.707 43.2753 35.9725 28.7741 23.0383 16.2601 12.4686 12.4357 15.7088 17.3402 16.9194 19.3222 22.0617 22.759 24.6472 27.9319 30.4842 32.5291 35.6835 40.1483 46.5372 49.784 50.6747 
52.5829 52.3204 49.3682 45.5076 39.6051 30.1653 24.4489 19.5245 22.4134 27.5223 23.4207 21.9416 23.595 23.6725 24.1209 28.4024 34.0669 35.6838 36.0776 39.6964 44.5469 50.0998 51.3639 52.0335 
51.5544 50.4198 50.0588 47.6151 43.1472 34.8569 24.2125 22.9186 29.9215 29.8396 30.7779 28.7741 28.1959 29.0762 30.8011 34.7833 34.9034 37.5743 41.2665 44.9167 47.4839 49.7535 50.7116 50.8574 
39.3773 36.1501 34.6131 33.831 32.8054 29.9216 24.5783 22.4559 20.8768 21.3536 18.4453 17.7783 17.2964 16.8856 18.3125 17.7808 18.5993 22.2585 26.778 32.5787 36.4489 40.4367 41.2974 41.4328 
41.6655 39.6118 37.2048 36.5663 35.8153 28.6558 19.744 17.8309 22.7704 26.3412 26.0574 23.1821 19.7266 18.1753 18.5214 19.3864 20.451 23.6168 27.0298 32.1843 37.0858 41.8102 43.7247 42.6713 
