         1         0         1         0         1         0         1         1
        25
         1         0         0         0         0         0         1         0
         8
         0         0         0         0         1         1         1         1
        28
         0         0         0         1         0         0         1         0
         9
         1         1         1         0         1         0         0         1
        18
         0         0         1         0         1         1         1         0
        14
         0         1         0         1         0         1         0         0
         6
         0         1         1         1         1         1         0         1
        23
         1         1         1         1         0         0         0         0
         3
         1         1         1         0         1         1         0         1
        22
         0         0         0         1         0         1         1         0
        13
         1         1         0         1         0         0         0         1
        17
  255  139


        13         3
        11         9
    0.2616    0.2751    0.2399    0.2822    0.2756    0.2780    0.2808    0.2534    0.2355    0.2679    0.2984    0.2750    0.2720


        13        28
        11         3
    0.2616    0.2751    0.2399    0.2822    0.2756    0.2780    0.2808    0.2534    0.2720    0.2679    0.2984    0.2750    0.2551


        13        23
        11         8
    0.2616    0.2751    0.2551    0.2822    0.2756    0.2780    0.2808    0.2534    0.2720    0.2679    0.2984    0.2750    0.2771


        13        29
        11         3
    0.2616    0.2751    0.2551    0.2822    0.2756    0.2780    0.2808    0.2771    0.2720    0.2679    0.2984    0.2750    0.2550


        13        29
        11         3
    0.2616    0.2751    0.2551    0.2822    0.2756    0.2780    0.2808    0.2771    0.2720    0.2679    0.2984    0.2750    0.2819


        13        25
        11         1
    0.2616    0.2751    0.2819    0.2822    0.2756    0.2780    0.2808    0.2771    0.2720    0.2679    0.2984    0.2750    0.2953


        13        22
        11        10
    0.2953    0.2751    0.2819    0.2822    0.2756    0.2780    0.2808    0.2771    0.2720    0.2679    0.2984    0.2750    0.2805


        13        15
        11         9
    0.2953    0.2751    0.2819    0.2822    0.2756    0.2780    0.2808    0.2771    0.2720    0.2805    0.2984    0.2750    0.2543


        13        15
        11         9
    0.2953    0.2751    0.2819    0.2822    0.2756    0.2780    0.2808    0.2771    0.2720    0.2805    0.2984    0.2750    0.2657


        13        15
        11         9
    0.2953    0.2751    0.2819    0.2822    0.2756    0.2780    0.2808    0.2771    0.2720    0.2805    0.2984    0.2750    0.2232


        13        15
        11         9
    0.2953    0.2751    0.2819    0.2822    0.2756    0.2780    0.2808    0.2771    0.2720    0.2805    0.2984    0.2750    0.2892


        13        17
        11        12
    0.2953    0.2751    0.2819    0.2822    0.2756    0.2780    0.2808    0.2771    0.2892    0.2805    0.2984    0.2750    0.2884


        13         8
        11         2
    0.2953    0.2751    0.2819    0.2822    0.2756    0.2780    0.2808    0.2771    0.2892    0.2805    0.2984    0.2884    0.2544


        13         8
        11         2
    0.2953    0.2751    0.2819    0.2822    0.2756    0.2780    0.2808    0.2771    0.2892    0.2805    0.2984    0.2884    0.2841


        13        18
        11         5
    0.2953    0.2841    0.2819    0.2822    0.2756    0.2780    0.2808    0.2771    0.2892    0.2805    0.2984    0.2884    0.2865


        13        12
        11         8
    0.2953    0.2841    0.2819    0.2822    0.2865    0.2780    0.2808    0.2771    0.2892    0.2805    0.2984    0.2884    0.2205


        13        12
        11         8
    0.2953    0.2841    0.2819    0.2822    0.2865    0.2780    0.2808    0.2771    0.2892    0.2805    0.2984    0.2884    0.2835


        13        14
        11         6
    0.2953    0.2841    0.2819    0.2822    0.2865    0.2780    0.2808    0.2835    0.2892    0.2805    0.2984    0.2884    0.2809


        13        10
        11        10
    0.2953    0.2841    0.2819    0.2822    0.2865    0.2809    0.2808    0.2835    0.2892    0.2805    0.2984    0.2884    0.2836


        13         6
        11         7
    0.2953    0.2841    0.2819    0.2822    0.2865    0.2809    0.2808    0.2835    0.2892    0.2836    0.2984    0.2884    0.2798


        13         6
        11         7
    0.2953    0.2841    0.2819    0.2822    0.2865    0.2809    0.2808    0.2835    0.2892    0.2836    0.2984    0.2884    0.2805


        13         6
        11         7
    0.2953    0.2841    0.2819    0.2822    0.2865    0.2809    0.2808    0.2835    0.2892    0.2836    0.2984    0.2884    0.2907


        13        11
        11         6
    0.2953    0.2841    0.2819    0.2822    0.2865    0.2809    0.2907    0.2835    0.2892    0.2836    0.2984    0.2884    0.2922


        13        15
        11         3
    0.2953    0.2841    0.2819    0.2822    0.2865    0.2922    0.2907    0.2835    0.2892    0.2836    0.2984    0.2884    0.2820


        13        14
        11         3
    0.2953    0.2841    0.2820    0.2822    0.2865    0.2922    0.2907    0.2835    0.2892    0.2836    0.2984    0.2884    0.2770


        13        14
        11         3
    0.2953    0.2841    0.2820    0.2822    0.2865    0.2922    0.2907    0.2835    0.2892    0.2836    0.2984    0.2884    0.2769


        13        14
        11         3
    0.2953    0.2841    0.2820    0.2822    0.2865    0.2922    0.2907    0.2835    0.2892    0.2836    0.2984    0.2884    0.2891


        13         9
        11         4
    0.2953    0.2841    0.2891    0.2822    0.2865    0.2922    0.2907    0.2835    0.2892    0.2836    0.2984    0.2884    0.2907


        13        11
        11         8
    0.2953    0.2841    0.2891    0.2907    0.2865    0.2922    0.2907    0.2835    0.2892    0.2836    0.2984    0.2884    0.2792


        13        11
        11         8
    0.2953    0.2841    0.2891    0.2907    0.2865    0.2922    0.2907    0.2835    0.2892    0.2836    0.2984    0.2884    0.2852


        13        12
        11        10
    0.2953    0.2841    0.2891    0.2907    0.2865    0.2922    0.2907    0.2852    0.2892    0.2836    0.2984    0.2884    0.2980


        13         9
        11         2
    0.2953    0.2841    0.2891    0.2907    0.2865    0.2922    0.2907    0.2852    0.2892    0.2980    0.2984    0.2884    0.2962


        13        11
        11         8
    0.2953    0.2962    0.2891    0.2907    0.2865    0.2922    0.2907    0.2852    0.2892    0.2980    0.2984    0.2884    0.2839


        13        11
        11         8
    0.2953    0.2962    0.2891    0.2907    0.2865    0.2922    0.2907    0.2852    0.2892    0.2980    0.2984    0.2884    0.2863


        13        14
        11         8
    0.2953    0.2962    0.2891    0.2907    0.2865    0.2922    0.2907    0.2863    0.2892    0.2980    0.2984    0.2884    0.2618


        13        14
        11         8
    0.2953    0.2962    0.2891    0.2907    0.2865    0.2922    0.2907    0.2863    0.2892    0.2980    0.2984    0.2884    0.2903


        13         5
        11         5
    0.2953    0.2962    0.2891    0.2907    0.2865    0.2922    0.2907    0.2903    0.2892    0.2980    0.2984    0.2884    0.2781


        13         5
        11         5
    0.2953    0.2962    0.2891    0.2907    0.2865    0.2922    0.2907    0.2903    0.2892    0.2980    0.2984    0.2884    0.2749


        13         5
        11         5
    0.2953    0.2962    0.2891    0.2907    0.2865    0.2922    0.2907    0.2903    0.2892    0.2980    0.2984    0.2884    0.2892


        13        12
        11        12
    0.2953    0.2962    0.2891    0.2907    0.2892    0.2922    0.2907    0.2903    0.2892    0.2980    0.2984    0.2884    0.2809


        13        12
        11        12
    0.2953    0.2962    0.2891    0.2907    0.2892    0.2922    0.2907    0.2903    0.2892    0.2980    0.2984    0.2884    0.2857


        13        12
        11        12
    0.2953    0.2962    0.2891    0.2907    0.2892    0.2922    0.2907    0.2903    0.2892    0.2980    0.2984    0.2884    0.2867


        13        12
        11        12
    0.2953    0.2962    0.2891    0.2907    0.2892    0.2922    0.2907    0.2903    0.2892    0.2980    0.2984    0.2884    0.2842


        13        12
        11        12
    0.2953    0.2962    0.2891    0.2907    0.2892    0.2922    0.2907    0.2903    0.2892    0.2980    0.2984    0.2884    0.2944


        13        14
        11         3
    0.2953    0.2962    0.2891    0.2907    0.2892    0.2922    0.2907    0.2903    0.2892    0.2980    0.2984    0.2944    0.2804


        13        14
        11         3
    0.2953    0.2962    0.2891    0.2907    0.2892    0.2922    0.2907    0.2903    0.2892    0.2980    0.2984    0.2944    0.2937


        13         5
        11         5
    0.2953    0.2962    0.2937    0.2907    0.2892    0.2922    0.2907    0.2903    0.2892    0.2980    0.2984    0.2944    0.2941


        13        14
        11         9
    0.2953    0.2962    0.2937    0.2907    0.2941    0.2922    0.2907    0.2903    0.2892    0.2980    0.2984    0.2944    0.2774


        13        14
        11         9
    0.2953    0.2962    0.2937    0.2907    0.2941    0.2922    0.2907    0.2903    0.2892    0.2980    0.2984    0.2944    0.2865


        13        14
        11         9
    0.2953    0.2962    0.2937    0.2907    0.2941    0.2922    0.2907    0.2903    0.2892    0.2980    0.2984    0.2944    0.2935


        13        14
        11         8
    0.2953    0.2962    0.2937    0.2907    0.2941    0.2922    0.2907    0.2903    0.2935    0.2980    0.2984    0.2944    0.2903


        13        14
        11         8
    0.2953    0.2962    0.2937    0.2907    0.2941    0.2922    0.2907    0.2903    0.2935    0.2980    0.2984    0.2944    0.2829


        13        14
        11         8
    0.2953    0.2962    0.2937    0.2907    0.2941    0.2922    0.2907    0.2903    0.2935    0.2980    0.2984    0.2944    0.2438


        13        14
        11         8
    0.2953    0.2962    0.2937    0.2907    0.2941    0.2922    0.2907    0.2903    0.2935    0.2980    0.2984    0.2944    0.2827


        13        14
        11         8
    0.2953    0.2962    0.2937    0.2907    0.2941    0.2922    0.2907    0.2903    0.2935    0.2980    0.2984    0.2944    0.2979


        13        14
        11         4
    0.2953    0.2962    0.2937    0.2907    0.2941    0.2922    0.2907    0.2979    0.2935    0.2980    0.2984    0.2944    0.2886


        13        14
        11         4
    0.2953    0.2962    0.2937    0.2907    0.2941    0.2922    0.2907    0.2979    0.2935    0.2980    0.2984    0.2944    0.2929


        13        15
        11         7
    0.2953    0.2962    0.2937    0.2929    0.2941    0.2922    0.2907    0.2979    0.2935    0.2980    0.2984    0.2944    0.3005


         6         7
         7         6
    0.2953    0.2962    0.2937    0.2929    0.2941    0.2922    0.3005    0.2979    0.2935    0.2980    0.2984    0.2944    0.2950


         6         7
         7         4
    0.2953    0.2962    0.2937    0.2929    0.2941    0.2950    0.3005    0.2979    0.2935    0.2980    0.2984    0.2944    0.3035


         7         4
         4         9
    0.2953    0.2962    0.2937    0.3035    0.2941    0.2950    0.3005    0.2979    0.2935    0.2980    0.2984    0.2944    0.2813


         7         4
         4         9
    0.2953    0.2962    0.2937    0.3035    0.2941    0.2950    0.3005    0.2979    0.2935    0.2980    0.2984    0.2944    0.3006


         7        13
         4         3
    0.2953    0.2962    0.2937    0.3035    0.2941    0.2950    0.3005    0.2979    0.3006    0.2980    0.2984    0.2944    0.2861


         7        13
         4         3
    0.2953    0.2962    0.2937    0.3035    0.2941    0.2950    0.3005    0.2979    0.3006    0.2980    0.2984    0.2944    0.2792


         7        13
         4         3
    0.2953    0.2962    0.2937    0.3035    0.2941    0.2950    0.3005    0.2979    0.3006    0.2980    0.2984    0.2944    0.2981


         7         7
         4         5
    0.2953    0.2962    0.2981    0.3035    0.2941    0.2950    0.3005    0.2979    0.3006    0.2980    0.2984    0.2944    0.2781


         7         7
         4         5
    0.2953    0.2962    0.2981    0.3035    0.2941    0.2950    0.3005    0.2979    0.3006    0.2980    0.2984    0.2944    0.3001


         7        14
         4        12
    0.2953    0.2962    0.2981    0.3035    0.3001    0.2950    0.3005    0.2979    0.3006    0.2980    0.2984    0.2944    0.3025


         7         7
         4         6
    0.2953    0.2962    0.2981    0.3035    0.3001    0.2950    0.3005    0.2979    0.3006    0.2980    0.2984    0.3025    0.2932


         7         7
         4         6
    0.2953    0.2962    0.2981    0.3035    0.3001    0.2950    0.3005    0.2979    0.3006    0.2980    0.2984    0.3025    0.2763


         7         7
         4         6
    0.2953    0.2962    0.2981    0.3035    0.3001    0.2950    0.3005    0.2979    0.3006    0.2980    0.2984    0.3025    0.3084


         7         7
         6         1
    0.2953    0.2962    0.2981    0.3035    0.3001    0.3084    0.3005    0.2979    0.3006    0.2980    0.2984    0.3025    0.2596


         7         7
         6         1
    0.2953    0.2962    0.2981    0.3035    0.3001    0.3084    0.3005    0.2979    0.3006    0.2980    0.2984    0.3025    0.3116


         7        15
         1         2
    0.3116    0.2962    0.2981    0.3035    0.3001    0.3084    0.3005    0.2979    0.3006    0.2980    0.2984    0.3025    0.3022


         7         7
         1         8
    0.3116    0.3022    0.2981    0.3035    0.3001    0.3084    0.3005    0.2979    0.3006    0.2980    0.2984    0.3025    0.3090


         7         5
         1        10
    0.3116    0.3022    0.2981    0.3035    0.3001    0.3084    0.3005    0.3090    0.3006    0.2980    0.2984    0.3025    0.2890


         7         5
         1        10
    0.3116    0.3022    0.2981    0.3035    0.3001    0.3084    0.3005    0.3090    0.3006    0.2980    0.2984    0.3025    0.2905


         7         5
         1        10
    0.3116    0.3022    0.2981    0.3035    0.3001    0.3084    0.3005    0.3090    0.3006    0.2980    0.2984    0.3025    0.2948


         7         5
         1        10
    0.3116    0.3022    0.2981    0.3035    0.3001    0.3084    0.3005    0.3090    0.3006    0.2980    0.2984    0.3025    0.2668


         7         5
         1        10
    0.3116    0.3022    0.2981    0.3035    0.3001    0.3084    0.3005    0.3090    0.3006    0.2980    0.2984    0.3025    0.2876


         7         5
         1        10
    0.3116    0.3022    0.2981    0.3035    0.3001    0.3084    0.3005    0.3090    0.3006    0.2980    0.2984    0.3025    0.2995


         7         7
         1         3
    0.3116    0.3022    0.2981    0.3035    0.3001    0.3084    0.3005    0.3090    0.3006    0.2995    0.2984    0.3025    0.2948


         7         7
         1         3
    0.3116    0.3022    0.2981    0.3035    0.3001    0.3084    0.3005    0.3090    0.3006    0.2995    0.2984    0.3025    0.2813


         7         7
         1         3
    0.3116    0.3022    0.2981    0.3035    0.3001    0.3084    0.3005    0.3090    0.3006    0.2995    0.2984    0.3025    0.3115


         7        13
         1        11
    0.3116    0.3022    0.3115    0.3035    0.3001    0.3084    0.3005    0.3090    0.3006    0.2995    0.2984    0.3025    0.2991


         7         7
         1        11
    0.3116    0.3022    0.3115    0.3035    0.3001    0.3084    0.3005    0.3090    0.3006    0.2995    0.2991    0.3025    0.2985


         7         7
         1        11
    0.3116    0.3022    0.3115    0.3035    0.3001    0.3084    0.3005    0.3090    0.3006    0.2995    0.2991    0.3025    0.2799


         7         7
         1        11
    0.3116    0.3022    0.3115    0.3035    0.3001    0.3084    0.3005    0.3090    0.3006    0.2995    0.2991    0.3025    0.2916


         7         7
         1        11
    0.3116    0.3022    0.3115    0.3035    0.3001    0.3084    0.3005    0.3090    0.3006    0.2995    0.2991    0.3025    0.3030


         7         7
         1        10
    0.3116    0.3022    0.3115    0.3035    0.3001    0.3084    0.3005    0.3090    0.3006    0.2995    0.3030    0.3025    0.3000


         7        12
         1        10
    0.3116    0.3022    0.3115    0.3035    0.3001    0.3084    0.3005    0.3090    0.3006    0.3000    0.3030    0.3025    0.2799


         7        12
         1        10
    0.3116    0.3022    0.3115    0.3035    0.3001    0.3084    0.3005    0.3090    0.3006    0.3000    0.3030    0.3025    0.2960


         7        12
         1        10
    0.3116    0.3022    0.3115    0.3035    0.3001    0.3084    0.3005    0.3090    0.3006    0.3000    0.3030    0.3025    0.2882


         7        12
         1        10
    0.3116    0.3022    0.3115    0.3035    0.3001    0.3084    0.3005    0.3090    0.3006    0.3000    0.3030    0.3025    0.3054


         7         7
         1         5
    0.3116    0.3022    0.3115    0.3035    0.3001    0.3084    0.3005    0.3090    0.3006    0.3054    0.3030    0.3025    0.2837


         7         7
         1         5
    0.3116    0.3022    0.3115    0.3035    0.3001    0.3084    0.3005    0.3090    0.3006    0.3054    0.3030    0.3025    0.2846


         7         7
         1         5
    0.3116    0.3022    0.3115    0.3035    0.3001    0.3084    0.3005    0.3090    0.3006    0.3054    0.3030    0.3025    0.2774


         7         7
         1         5
    0.3116    0.3022    0.3115    0.3035    0.3001    0.3084    0.3005    0.3090    0.3006    0.3054    0.3030    0.3025    0.3137


         7         6
         5         7
    0.3116    0.3022    0.3115    0.3035    0.3137    0.3084    0.3005    0.3090    0.3006    0.3054    0.3030    0.3025    0.3121


         7         7
         5         9
    0.3116    0.3022    0.3115    0.3035    0.3137    0.3084    0.3121    0.3090    0.3006    0.3054    0.3030    0.3025    0.2964


         7         7
         5         9
    0.3116    0.3022    0.3115    0.3035    0.3137    0.3084    0.3121    0.3090    0.3006    0.3054    0.3030    0.3025    0.2782


         7         7
         5         9
    0.3116    0.3022    0.3115    0.3035    0.3137    0.3084    0.3121    0.3090    0.3006    0.3054    0.3030    0.3025    0.2969


         7         7
         5         9
    0.3116    0.3022    0.3115    0.3035    0.3137    0.3084    0.3121    0.3090    0.3006    0.3054    0.3030    0.3025    0.3002


         7         7
         5         9
    0.3116    0.3022    0.3115    0.3035    0.3137    0.3084    0.3121    0.3090    0.3006    0.3054    0.3030    0.3025    0.2859


         7         7
         5         9
    0.3116    0.3022    0.3115    0.3035    0.3137    0.3084    0.3121    0.3090    0.3006    0.3054    0.3030    0.3025    0.3019


         7         7
         5         9
    0.3116    0.3022    0.3115    0.3035    0.3137    0.3084    0.3121    0.3090    0.3019    0.3054    0.3030    0.3025    0.3127


         7         7
         5         2
    0.3116    0.3022    0.3115    0.3035    0.3137    0.3084    0.3121    0.3090    0.3127    0.3054    0.3030    0.3025    0.3048


         7        12
         5        12
    0.3116    0.3048    0.3115    0.3035    0.3137    0.3084    0.3121    0.3090    0.3127    0.3054    0.3030    0.3025    0.3202


         5         7
        12        11
    0.3116    0.3048    0.3115    0.3035    0.3137    0.3084    0.3121    0.3090    0.3127    0.3054    0.3030    0.3202    0.3100


         5         7
        12         4
    0.3116    0.3048    0.3115    0.3035    0.3137    0.3084    0.3121    0.3090    0.3127    0.3054    0.3100    0.3202    0.3075


         5         5
        12         2
    0.3116    0.3048    0.3115    0.3075    0.3137    0.3084    0.3121    0.3090    0.3127    0.3054    0.3100    0.3202    0.3078


         5         5
        12        10
    0.3116    0.3078    0.3115    0.3075    0.3137    0.3084    0.3121    0.3090    0.3127    0.3054    0.3100    0.3202    0.3224


         5         7
        10         4
    0.3116    0.3078    0.3115    0.3075    0.3137    0.3084    0.3121    0.3090    0.3127    0.3224    0.3100    0.3202    0.3129


         5         7
        10         2
    0.3116    0.3078    0.3115    0.3129    0.3137    0.3084    0.3121    0.3090    0.3127    0.3224    0.3100    0.3202    0.3091


         5         7
        10         6
    0.3116    0.3091    0.3115    0.3129    0.3137    0.3084    0.3121    0.3090    0.3127    0.3224    0.3100    0.3202    0.2998


         5         7
        10         6
    0.3116    0.3091    0.3115    0.3129    0.3137    0.3084    0.3121    0.3090    0.3127    0.3224    0.3100    0.3202    0.3058


         5         7
        10         6
    0.3116    0.3091    0.3115    0.3129    0.3137    0.3084    0.3121    0.3090    0.3127    0.3224    0.3100    0.3202    0.3058


         5         7
        10         6
    0.3116    0.3091    0.3115    0.3129    0.3137    0.3084    0.3121    0.3090    0.3127    0.3224    0.3100    0.3202    0.3101


         5         7
        10         8
    0.3116    0.3091    0.3115    0.3129    0.3137    0.3101    0.3121    0.3090    0.3127    0.3224    0.3100    0.3202    0.3102


         5         7
        10         2
    0.3116    0.3091    0.3115    0.3129    0.3137    0.3101    0.3121    0.3102    0.3127    0.3224    0.3100    0.3202    0.3021


         5         7
        10         2
    0.3116    0.3091    0.3115    0.3129    0.3137    0.3101    0.3121    0.3102    0.3127    0.3224    0.3100    0.3202    0.3104


         5         7
        10        11
    0.3116    0.3104    0.3115    0.3129    0.3137    0.3101    0.3121    0.3102    0.3127    0.3224    0.3100    0.3202    0.3215


         5         7
        10         6
    0.3116    0.3104    0.3115    0.3129    0.3137    0.3101    0.3121    0.3102    0.3127    0.3224    0.3215    0.3202    0.3139


         5         7
        10         8
    0.3116    0.3104    0.3115    0.3129    0.3137    0.3139    0.3121    0.3102    0.3127    0.3224    0.3215    0.3202    0.3098


         5         7
        10         8
    0.3116    0.3104    0.3115    0.3129    0.3137    0.3139    0.3121    0.3102    0.3127    0.3224    0.3215    0.3202    0.2703


         5         7
        10         8
    0.3116    0.3104    0.3115    0.3129    0.3137    0.3139    0.3121    0.3102    0.3127    0.3224    0.3215    0.3202    0.3002


         5         7
        10         8
    0.3116    0.3104    0.3115    0.3129    0.3137    0.3139    0.3121    0.3102    0.3127    0.3224    0.3215    0.3202    0.3127


         5         6
        10         2
    0.3116    0.3104    0.3115    0.3129    0.3137    0.3139    0.3121    0.3127    0.3127    0.3224    0.3215    0.3202    0.3107


         5         5
        10         2
    0.3116    0.3107    0.3115    0.3129    0.3137    0.3139    0.3121    0.3127    0.3127    0.3224    0.3215    0.3202    0.2977


         5         5
        10         2
    0.3116    0.3107    0.3115    0.3129    0.3137    0.3139    0.3121    0.3127    0.3127    0.3224    0.3215    0.3202    0.3127


         5         5
        10         3
    0.3116    0.3127    0.3115    0.3129    0.3137    0.3139    0.3121    0.3127    0.3127    0.3224    0.3215    0.3202    0.3137


         5         7
        10         1
    0.3116    0.3127    0.3137    0.3129    0.3137    0.3139    0.3121    0.3127    0.3127    0.3224    0.3215    0.3202    0.3141


         5         7
        10         7
    0.3141    0.3127    0.3137    0.3129    0.3137    0.3139    0.3121    0.3127    0.3127    0.3224    0.3215    0.3202    0.3089


         5         7
        10         7
    0.3141    0.3127    0.3137    0.3129    0.3137    0.3139    0.3121    0.3127    0.3127    0.3224    0.3215    0.3202    0.2957


         5         7
        10         7
    0.3141    0.3127    0.3137    0.3129    0.3137    0.3139    0.3121    0.3127    0.3127    0.3224    0.3215    0.3202    0.3118


         5         7
        10         7
    0.3141    0.3127    0.3137    0.3129    0.3137    0.3139    0.3121    0.3127    0.3127    0.3224    0.3215    0.3202    0.3156


         5         5
        10         9
    0.3141    0.3127    0.3137    0.3129    0.3137    0.3139    0.3156    0.3127    0.3127    0.3224    0.3215    0.3202    0.3106


         5         5
        10         9
    0.3141    0.3127    0.3137    0.3129    0.3137    0.3139    0.3156    0.3127    0.3127    0.3224    0.3215    0.3202    0.3118


         5         5
        10         9
    0.3141    0.3127    0.3137    0.3129    0.3137    0.3139    0.3156    0.3127    0.3127    0.3224    0.3215    0.3202    0.3050


         5         5
        10         9
    0.3141    0.3127    0.3137    0.3129    0.3137    0.3139    0.3156    0.3127    0.3127    0.3224    0.3215    0.3202    0.3247


         5         7
         9         2
    0.3141    0.3127    0.3137    0.3129    0.3137    0.3139    0.3156    0.3127    0.3247    0.3224    0.3215    0.3202    0.2898


         5         7
         9         2
    0.3141    0.3127    0.3137    0.3129    0.3137    0.3139    0.3156    0.3127    0.3247    0.3224    0.3215    0.3202    0.3147


         5         5
         9         8
    0.3141    0.3147    0.3137    0.3129    0.3137    0.3139    0.3156    0.3127    0.3247    0.3224    0.3215    0.3202    0.3103


         5         5
         9         8
    0.3141    0.3147    0.3137    0.3129    0.3137    0.3139    0.3156    0.3127    0.3247    0.3224    0.3215    0.3202    0.3177


         5         5
         9         4
    0.3141    0.3147    0.3137    0.3129    0.3137    0.3139    0.3156    0.3177    0.3247    0.3224    0.3215    0.3202    0.3145


         5         5
         9         3
    0.3141    0.3147    0.3137    0.3145    0.3137    0.3139    0.3156    0.3177    0.3247    0.3224    0.3215    0.3202    0.3171


         5         7
         9         5
    0.3141    0.3147    0.3171    0.3145    0.3137    0.3139    0.3156    0.3177    0.3247    0.3224    0.3215    0.3202    0.3163


         5         5
         9         6
    0.3141    0.3147    0.3171    0.3145    0.3163    0.3139    0.3156    0.3177    0.3247    0.3224    0.3215    0.3202    0.3092


         5         5
         9         6
    0.3141    0.3147    0.3171    0.3145    0.3163    0.3139    0.3156    0.3177    0.3247    0.3224    0.3215    0.3202    0.3263


         5         5
         6         1
    0.3141    0.3147    0.3171    0.3145    0.3163    0.3263    0.3156    0.3177    0.3247    0.3224    0.3215    0.3202    0.3011


         5         5
         6         1
    0.3141    0.3147    0.3171    0.3145    0.3163    0.3263    0.3156    0.3177    0.3247    0.3224    0.3215    0.3202    0.3245


         5         5
         6         4
    0.3245    0.3147    0.3171    0.3145    0.3163    0.3263    0.3156    0.3177    0.3247    0.3224    0.3215    0.3202    0.3035


         5         5
         6         4
    0.3245    0.3147    0.3171    0.3145    0.3163    0.3263    0.3156    0.3177    0.3247    0.3224    0.3215    0.3202    0.3212


         5         5
         6         2
    0.3245    0.3147    0.3171    0.3212    0.3163    0.3263    0.3156    0.3177    0.3247    0.3224    0.3215    0.3202    0.3147


         5         5
         6         2
    0.3245    0.3147    0.3171    0.3212    0.3163    0.3263    0.3156    0.3177    0.3247    0.3224    0.3215    0.3202    0.3216


         5         5
         6         7
    0.3245    0.3216    0.3171    0.3212    0.3163    0.3263    0.3156    0.3177    0.3247    0.3224    0.3215    0.3202    0.3157


         5         5
         6         7
    0.3245    0.3216    0.3171    0.3212    0.3163    0.3263    0.3157    0.3177    0.3247    0.3224    0.3215    0.3202    0.3201


         5         5
         6         5
    0.3245    0.3216    0.3171    0.3212    0.3163    0.3263    0.3201    0.3177    0.3247    0.3224    0.3215    0.3202    0.3142


         5         5
         6         5
    0.3245    0.3216    0.3171    0.3212    0.3163    0.3263    0.3201    0.3177    0.3247    0.3224    0.3215    0.3202    0.3162


         5         5
         6         5
    0.3245    0.3216    0.3171    0.3212    0.3163    0.3263    0.3201    0.3177    0.3247    0.3224    0.3215    0.3202    0.2912


         5         5
         6         5
    0.3245    0.3216    0.3171    0.3212    0.3163    0.3263    0.3201    0.3177    0.3247    0.3224    0.3215    0.3202    0.3151


         5         5
         6         5
    0.3245    0.3216    0.3171    0.3212    0.3163    0.3263    0.3201    0.3177    0.3247    0.3224    0.3215    0.3202    0.3190


         5         5
         6         3
    0.3245    0.3216    0.3171    0.3212    0.3190    0.3263    0.3201    0.3177    0.3247    0.3224    0.3215    0.3202    0.3233


         5         5
         6         8
    0.3245    0.3216    0.3233    0.3212    0.3190    0.3263    0.3201    0.3177    0.3247    0.3224    0.3215    0.3202    0.3287


         5         5
         8         5
    0.3245    0.3216    0.3233    0.3212    0.3190    0.3263    0.3201    0.3287    0.3247    0.3224    0.3215    0.3202    0.3233


         5         5
         8         7
    0.3245    0.3216    0.3233    0.3212    0.3233    0.3263    0.3201    0.3287    0.3247    0.3224    0.3215    0.3202    0.2812


         5         5
         8         7
    0.3245    0.3216    0.3233    0.3212    0.3233    0.3263    0.3201    0.3287    0.3247    0.3224    0.3215    0.3202    0.3214


         5         5
         8        12
    0.3245    0.3216    0.3233    0.3212    0.3233    0.3263    0.3214    0.3287    0.3247    0.3224    0.3215    0.3202    0.3209


         5         5
         8        12
    0.3245    0.3216    0.3233    0.3212    0.3233    0.3263    0.3214    0.3287    0.3247    0.3224    0.3215    0.3209    0.3145


         5         5
         8        12
    0.3245    0.3216    0.3233    0.3212    0.3233    0.3263    0.3214    0.3287    0.3247    0.3224    0.3215    0.3209    0.3166


         5         5
         8        12
    0.3245    0.3216    0.3233    0.3212    0.3233    0.3263    0.3214    0.3287    0.3247    0.3224    0.3215    0.3209    0.2767


         5         5
         8        12
    0.3245    0.3216    0.3233    0.3212    0.3233    0.3263    0.3214    0.3287    0.3247    0.3224    0.3215    0.3209    0.2780


         5         5
         8        12
    0.3245    0.3216    0.3233    0.3212    0.3233    0.3263    0.3214    0.3287    0.3247    0.3224    0.3215    0.3209    0.3069


         5         5
         8        12
    0.3245    0.3216    0.3233    0.3212    0.3233    0.3263    0.3214    0.3287    0.3247    0.3224    0.3215    0.3209    0.3191


         5         5
         8        12
    0.3245    0.3216    0.3233    0.3212    0.3233    0.3263    0.3214    0.3287    0.3247    0.3224    0.3215    0.3209    0.3146


         5         5
         8        12
    0.3245    0.3216    0.3233    0.3212    0.3233    0.3263    0.3214    0.3287    0.3247    0.3224    0.3215    0.3209    0.3151


         5         5
         8        12
    0.3245    0.3216    0.3233    0.3212    0.3233    0.3263    0.3214    0.3287    0.3247    0.3224    0.3215    0.3209    0.3169


         5         5
         8        12
    0.3245    0.3216    0.3233    0.3212    0.3233    0.3263    0.3214    0.3287    0.3247    0.3224    0.3215    0.3209    0.3276


         5         5
         8         4
    0.3245    0.3216    0.3233    0.3212    0.3233    0.3263    0.3214    0.3287    0.3247    0.3224    0.3215    0.3276    0.3172


         5         5
         8         4
    0.3245    0.3216    0.3233    0.3212    0.3233    0.3263    0.3214    0.3287    0.3247    0.3224    0.3215    0.3276    0.3251


         5         5
         8         7
    0.3245    0.3216    0.3233    0.3251    0.3233    0.3263    0.3214    0.3287    0.3247    0.3224    0.3215    0.3276    0.2808


         5         5
         8         7
    0.3245    0.3216    0.3233    0.3251    0.3233    0.3263    0.3214    0.3287    0.3247    0.3224    0.3215    0.3276    0.3177


         5         5
         8         7
    0.3245    0.3216    0.3233    0.3251    0.3233    0.3263    0.3214    0.3287    0.3247    0.3224    0.3215    0.3276    0.2928


         5         5
         8         7
    0.3245    0.3216    0.3233    0.3251    0.3233    0.3263    0.3214    0.3287    0.3247    0.3224    0.3215    0.3276    0.3232


         5         5
         8        11
    0.3245    0.3216    0.3233    0.3251    0.3233    0.3263    0.3232    0.3287    0.3247    0.3224    0.3215    0.3276    0.3162


         5         5
         8        11
    0.3245    0.3216    0.3233    0.3251    0.3233    0.3263    0.3232    0.3287    0.3247    0.3224    0.3215    0.3276    0.3297


         5         5
        11         2
    0.3245    0.3216    0.3233    0.3251    0.3233    0.3263    0.3232    0.3287    0.3247    0.3224    0.3297    0.3276    0.3276


         5         5
        11        10
    0.3245    0.3276    0.3233    0.3251    0.3233    0.3263    0.3232    0.3287    0.3247    0.3224    0.3297    0.3276    0.3217


         5         5
        11        10
    0.3245    0.3276    0.3233    0.3251    0.3233    0.3263    0.3232    0.3287    0.3247    0.3224    0.3297    0.3276    0.3277


         5         5
        11         7
    0.3245    0.3276    0.3233    0.3251    0.3233    0.3263    0.3232    0.3287    0.3247    0.3277    0.3297    0.3276    0.3278


         5         5
        11         3
    0.3245    0.3276    0.3233    0.3251    0.3233    0.3263    0.3278    0.3287    0.3247    0.3277    0.3297    0.3276    0.3070


         5         5
        11         3
    0.3245    0.3276    0.3233    0.3251    0.3233    0.3263    0.3278    0.3287    0.3247    0.3277    0.3297    0.3276    0.3252


         5         5
        11         5
    0.3245    0.3276    0.3252    0.3251    0.3233    0.3263    0.3278    0.3287    0.3247    0.3277    0.3297    0.3276    0.3267


         5         5
        11         1
    0.3245    0.3276    0.3252    0.3251    0.3267    0.3263    0.3278    0.3287    0.3247    0.3277    0.3297    0.3276    0.3263


         5         5
        11         9
    0.3263    0.3276    0.3252    0.3251    0.3267    0.3263    0.3278    0.3287    0.3247    0.3277    0.3297    0.3276    0.3261


         5         5
        11         4
    0.3263    0.3276    0.3252    0.3251    0.3267    0.3263    0.3278    0.3287    0.3261    0.3277    0.3297    0.3276    0.3157


         5         5
        11         4
    0.3263    0.3276    0.3252    0.3251    0.3267    0.3263    0.3278    0.3287    0.3261    0.3277    0.3297    0.3276    0.3212


         5         5
        11         4
    0.3263    0.3276    0.3252    0.3251    0.3267    0.3263    0.3278    0.3287    0.3261    0.3277    0.3297    0.3276    0.3041


         5         5
        11         4
    0.3263    0.3276    0.3252    0.3251    0.3267    0.3263    0.3278    0.3287    0.3261    0.3277    0.3297    0.3276    0.3239


         5         5
        11         4
    0.3263    0.3276    0.3252    0.3251    0.3267    0.3263    0.3278    0.3287    0.3261    0.3277    0.3297    0.3276    0.3231


         5         5
        11         4
    0.3263    0.3276    0.3252    0.3251    0.3267    0.3263    0.3278    0.3287    0.3261    0.3277    0.3297    0.3276    0.3200


         5         5
        11         4
    0.3263    0.3276    0.3252    0.3251    0.3267    0.3263    0.3278    0.3287    0.3261    0.3277    0.3297    0.3276    0.3220


         5         5
        11         4
    0.3263    0.3276    0.3252    0.3251    0.3267    0.3263    0.3278    0.3287    0.3261    0.3277    0.3297    0.3276    0.3178


         5         5
        11         4
    0.3263    0.3276    0.3252    0.3251    0.3267    0.3263    0.3278    0.3287    0.3261    0.3277    0.3297    0.3276    0.3178


         5         5
        11         4
    0.3263    0.3276    0.3252    0.3251    0.3267    0.3263    0.3278    0.3287    0.3261    0.3277    0.3297    0.3276    0.2656


         5         5
        11         4
    0.3263    0.3276    0.3252    0.3251    0.3267    0.3263    0.3278    0.3287    0.3261    0.3277    0.3297    0.3276    0.3195


         5         5
        11         4
    0.3263    0.3276    0.3252    0.3251    0.3267    0.3263    0.3278    0.3287    0.3261    0.3277    0.3297    0.3276    0.3269


         5         5
        11         3
    0.3263    0.3276    0.3252    0.3269    0.3267    0.3263    0.3278    0.3287    0.3261    0.3277    0.3297    0.3276    0.3212


         5         5
        11         3
    0.3263    0.3276    0.3252    0.3269    0.3267    0.3263    0.3278    0.3287    0.3261    0.3277    0.3297    0.3276    0.3244


         5         5
        11         3
    0.3263    0.3276    0.3252    0.3269    0.3267    0.3263    0.3278    0.3287    0.3261    0.3277    0.3297    0.3276    0.3249


         5         5
        11         3
    0.3263    0.3276    0.3252    0.3269    0.3267    0.3263    0.3278    0.3287    0.3261    0.3277    0.3297    0.3276    0.1952


         5         5
        11         3
    0.3263    0.3276    0.3252    0.3269    0.3267    0.3263    0.3278    0.3287    0.3261    0.3277    0.3297    0.3276    0.2575


         5         5
        11         3
    0.3263    0.3276    0.3252    0.3269    0.3267    0.3263    0.3278    0.3287    0.3261    0.3277    0.3297    0.3276    0.3272


         5         5
        11         9
    0.3263    0.3276    0.3272    0.3269    0.3267    0.3263    0.3278    0.3287    0.3261    0.3277    0.3297    0.3276    0.3190


         5         5
        11         9
    0.3263    0.3276    0.3272    0.3269    0.3267    0.3263    0.3278    0.3287    0.3261    0.3277    0.3297    0.3276    0.3279


         5         5
        11         6
    0.3263    0.3276    0.3272    0.3269    0.3267    0.3263    0.3278    0.3287    0.3279    0.3277    0.3297    0.3276    0.2723


         5         5
        11         6
    0.3263    0.3276    0.3272    0.3269    0.3267    0.3263    0.3278    0.3287    0.3279    0.3277    0.3297    0.3276    0.3259


         5         5
        11         6
    0.3263    0.3276    0.3272    0.3269    0.3267    0.3263    0.3278    0.3287    0.3279    0.3277    0.3297    0.3276    0.3240


         5         5
        11         6
    0.3263    0.3276    0.3272    0.3269    0.3267    0.3263    0.3278    0.3287    0.3279    0.3277    0.3297    0.3276    0.3269


         5         5
        11         1
    0.3263    0.3276    0.3272    0.3269    0.3267    0.3269    0.3278    0.3287    0.3279    0.3277    0.3297    0.3276    0.3352


         5         5
         1         5
    0.3352    0.3276    0.3272    0.3269    0.3267    0.3269    0.3278    0.3287    0.3279    0.3277    0.3297    0.3276    0.3302


         5         5
         1         6
    0.3352    0.3276    0.3272    0.3269    0.3302    0.3269    0.3278    0.3287    0.3279    0.3277    0.3297    0.3276    0.3200


         5         5
         1         6
    0.3352    0.3276    0.3272    0.3269    0.3302    0.3269    0.3278    0.3287    0.3279    0.3277    0.3297    0.3276    0.3207


         5         5
         1         6
    0.3352    0.3276    0.3272    0.3269    0.3302    0.3269    0.3278    0.3287    0.3279    0.3277    0.3297    0.3276    0.2937


         5         5
         1         6
    0.3352    0.3276    0.3272    0.3269    0.3302    0.3269    0.3278    0.3287    0.3279    0.3277    0.3297    0.3276    0.3124


         5         5
         1         6
    0.3352    0.3276    0.3272    0.3269    0.3302    0.3269    0.3278    0.3287    0.3279    0.3277    0.3297    0.3276    0.3291


         5         5
         1         4
    0.3352    0.3276    0.3272    0.3269    0.3302    0.3291    0.3278    0.3287    0.3279    0.3277    0.3297    0.3276    0.3152


         5         5
         1         4
    0.3352    0.3276    0.3272    0.3269    0.3302    0.3291    0.3278    0.3287    0.3279    0.3277    0.3297    0.3276    0.3143


         5         5
         1         4
    0.3352    0.3276    0.3272    0.3269    0.3302    0.3291    0.3278    0.3287    0.3279    0.3277    0.3297    0.3276    0.3277


         5         5
         1         3
    0.3352    0.3276    0.3272    0.3277    0.3302    0.3291    0.3278    0.3287    0.3279    0.3277    0.3297    0.3276    0.3255


         5         5
         1         3
    0.3352    0.3276    0.3272    0.3277    0.3302    0.3291    0.3278    0.3287    0.3279    0.3277    0.3297    0.3276    0.3199


         5         5
         1         3
    0.3352    0.3276    0.3272    0.3277    0.3302    0.3291    0.3278    0.3287    0.3279    0.3277    0.3297    0.3276    0.3178


         5         5
         1         3
    0.3352    0.3276    0.3272    0.3277    0.3302    0.3291    0.3278    0.3287    0.3279    0.3277    0.3297    0.3276    0.3226


         5         5
         1         3
    0.3352    0.3276    0.3272    0.3277    0.3302    0.3291    0.3278    0.3287    0.3279    0.3277    0.3297    0.3276    0.3247


         5         5
         1         3
    0.3352    0.3276    0.3272    0.3277    0.3302    0.3291    0.3278    0.3287    0.3279    0.3277    0.3297    0.3276    0.3243


         5         5
         1         3
    0.3352    0.3276    0.3272    0.3277    0.3302    0.3291    0.3278    0.3287    0.3279    0.3277    0.3297    0.3276    0.3280


         5         5
         1        12
    0.3352    0.3276    0.3280    0.3277    0.3302    0.3291    0.3278    0.3287    0.3279    0.3277    0.3297    0.3276    0.3287


         5         5
         1         2
    0.3352    0.3276    0.3280    0.3277    0.3302    0.3291    0.3278    0.3287    0.3279    0.3277    0.3297    0.3287    0.3172


         5         5
         1         2
    0.3352    0.3276    0.3280    0.3277    0.3302    0.3291    0.3278    0.3287    0.3279    0.3277    0.3297    0.3287    0.3226


         5         5
         1         2
    0.3352    0.3276    0.3280    0.3277    0.3302    0.3291    0.3278    0.3287    0.3279    0.3277    0.3297    0.3287    0.3198


         5         5
         1         2
    0.3352    0.3276    0.3280    0.3277    0.3302    0.3291    0.3278    0.3287    0.3279    0.3277    0.3297    0.3287    0.3286


         5         5
         1         4
    0.3352    0.3286    0.3280    0.3277    0.3302    0.3291    0.3278    0.3287    0.3279    0.3277    0.3297    0.3287    0.3316


         5         5
         1        10
    0.3352    0.3286    0.3280    0.3316    0.3302    0.3291    0.3278    0.3287    0.3279    0.3277    0.3297    0.3287    0.3193


         5         5
         1        10
    0.3352    0.3286    0.3280    0.3316    0.3302    0.3291    0.3278    0.3287    0.3279    0.3277    0.3297    0.3287    0.3303


         5         5
         1         7
    0.3352    0.3286    0.3280    0.3316    0.3302    0.3291    0.3278    0.3287    0.3279    0.3303    0.3297    0.3287    0.3307


         5         5
         1         9
    0.3352    0.3286    0.3280    0.3316    0.3302    0.3291    0.3307    0.3287    0.3279    0.3303    0.3297    0.3287    0.3284


         5         5
         1         3
    0.3352    0.3286    0.3280    0.3316    0.3302    0.3291    0.3307    0.3287    0.3284    0.3303    0.3297    0.3287    0.3292


         5         5
         1         9
    0.3352    0.3286    0.3292    0.3316    0.3302    0.3291    0.3307    0.3287    0.3284    0.3303    0.3297    0.3287    0.2926


         5         5
         1         9
    0.3352    0.3286    0.3292    0.3316    0.3302    0.3291    0.3307    0.3287    0.3284    0.3303    0.3297    0.3287    0.3163


         5         5
         1         9
    0.3352    0.3286    0.3292    0.3316    0.3302    0.3291    0.3307    0.3287    0.3284    0.3303    0.3297    0.3287    0.3266


         5         5
         1         9
    0.3352    0.3286    0.3292    0.3316    0.3302    0.3291    0.3307    0.3287    0.3284    0.3303    0.3297    0.3287    0.3315